ordem,secao,total,conteudo
1,metadados,1,"{""banco"":""postgres"",""usuario"":""postgres"",""gerado_em"":""2026-09-29T17:09:53.583234+00:00"",""versao_script"":""1"",""versao_postgres"":""PostgreSQL 17.6 on aarch64-unknown-linux-gnu, compiled by gcc (GCC) 15.2.0, 64-bit"",""schemas_excluidos"":[""information_schema"",""auth"",""storage"",""realtime"",""_realtime"",""supabase_functions"",""supabase_migrations"",""extensions"",""graphql"",""graphql_public"",""vault"",""pgsodium"",""pgsodium_masks"",""net"",""cron"",""pgbouncer"",""_analytics"",""_supavisor"",""pgtle"",""repack"",""topology"",""tiger"",""tiger_data""],""schemas_da_aplicacao"":[""public""]}"
2,extensoes,6,"[{""nome"":""pg_net"",""versao"":""0.20.4"",""esquema"":""extensions""},{""nome"":""pg_stat_statements"",""versao"":""1.11"",""esquema"":""extensions""},{""nome"":""pgcrypto"",""versao"":""1.3"",""esquema"":""extensions""},{""nome"":""plpgsql"",""versao"":""1.0"",""esquema"":""pg_catalog""},{""nome"":""supabase_vault"",""versao"":""0.3.1"",""esquema"":""vault""},{""nome"":""uuid-ossp"",""versao"":""1.1"",""esquema"":""extensions""}]"
3,schemas,10,"[{""dono"":""supabase_admin"",""nome"":""auth"",""comentario"":null,""inventariado"":false},{""dono"":""postgres"",""nome"":""extensions"",""comentario"":null,""inventariado"":false},{""dono"":""supabase_admin"",""nome"":""graphql"",""comentario"":null,""inventariado"":false},{""dono"":""supabase_admin"",""nome"":""graphql_public"",""comentario"":null,""inventariado"":false},{""dono"":""supabase_admin"",""nome"":""net"",""comentario"":null,""inventariado"":false},{""dono"":""pgbouncer"",""nome"":""pgbouncer"",""comentario"":null,""inventariado"":false},{""dono"":""pg_database_owner"",""nome"":""public"",""comentario"":""standard public schema"",""inventariado"":true},{""dono"":""supabase_admin"",""nome"":""realtime"",""comentario"":null,""inventariado"":false},{""dono"":""supabase_admin"",""nome"":""storage"",""comentario"":null,""inventariado"":false},{""dono"":""supabase_admin"",""nome"":""vault"",""comentario"":null,""inventariado"":false}]"
4,tabelas,37,"[{""nome"":""audit_logs"",""tipo"":""tabela"",""esquema"":""public"",""rls_ativo"":true,""comentario"":null,""rls_forcado"":false,""linhas_exatas"":19966,""tamanho_bytes"":36118528,""linhas_estimadas"":18946},{""nome"":""autos_infracao"",""tipo"":""tabela"",""esquema"":""public"",""rls_ativo"":true,""comentario"":null,""rls_forcado"":false,""linhas_exatas"":0,""tamanho_bytes"":32768,""linhas_estimadas"":-1},{""nome"":""camaras_tecnicas"",""tipo"":""tabela"",""esquema"":""public"",""rls_ativo"":true,""comentario"":null,""rls_forcado"":false,""linhas_exatas"":12,""tamanho_bytes"":32768,""linhas_estimadas"":-1},{""nome"":""caters_ai_jobs"",""tipo"":""tabela"",""esquema"":""public"",""rls_ativo"":true,""comentario"":null,""rls_forcado"":false,""linhas_exatas"":7,""tamanho_bytes"":114688,""linhas_estimadas"":-1},{""nome"":""caters_analysis_history"",""tipo"":""tabela"",""esquema"":""public"",""rls_ativo"":true,""comentario"":null,""rls_forcado"":false,""linhas_exatas"":0,""tamanho_bytes"":16384,""linhas_estimadas"":-1},{""nome"":""caters_deadline_extensions"",""tipo"":""tabela"",""esquema"":""public"",""rls_ativo"":true,""comentario"":null,""rls_forcado"":false,""linhas_exatas"":0,""tamanho_bytes"":24576,""linhas_estimadas"":-1},{""nome"":""caters_extra_documents"",""tipo"":""tabela"",""esquema"":""public"",""rls_ativo"":true,""comentario"":null,""rls_forcado"":false,""linhas_exatas"":0,""tamanho_bytes"":16384,""linhas_estimadas"":-1},{""nome"":""caters_fiscalizacoes_disponiveis"",""tipo"":""view"",""esquema"":""public"",""rls_ativo"":false,""comentario"":null,""rls_forcado"":false,""linhas_exatas"":null,""tamanho_bytes"":0,""linhas_estimadas"":-1},{""nome"":""caters_municipality_responses"",""tipo"":""tabela"",""esquema"":""public"",""rls_ativo"":true,""comentario"":null,""rls_forcado"":false,""linhas_exatas"":0,""tamanho_bytes"":24576,""linhas_estimadas"":-1},{""nome"":""caters_notification_reads"",""tipo"":""tabela"",""esquema"":""public"",""rls_ativo"":true,""comentario"":null,""rls_forcado"":false,""linhas_exatas"":0,""tamanho_bytes"":24576,""linhas_estimadas"":-1},{""nome"":""caters_processes"",""tipo"":""tabela"",""esquema"":""public"",""rls_ativo"":true,""comentario"":null,""rls_forcado"":false,""linhas_exatas"":2,""tamanho_bytes"":65536,""linhas_estimadas"":-1},{""nome"":""caters_recommendations"",""tipo"":""tabela"",""esquema"":""public"",""rls_ativo"":true,""comentario"":null,""rls_forcado"":false,""linhas_exatas"":27,""tamanho_bytes"":106496,""linhas_estimadas"":-1},{""nome"":""catesa_ai_jobs"",""tipo"":""tabela"",""esquema"":""public"",""rls_ativo"":true,""comentario"":null,""rls_forcado"":false,""linhas_exatas"":0,""tamanho_bytes"":32768,""linhas_estimadas"":-1},{""nome"":""constatacoes_manuais"",""tipo"":""tabela"",""esquema"":""public"",""rls_ativo"":true,""comentario"":null,""rls_forcado"":false,""linhas_exatas"":299,""tamanho_bytes"":204800,""linhas_estimadas"":289},{""nome"":""contratos"",""tipo"":""tabela"",""esquema"":""public"",""rls_ativo"":true,""comentario"":null,""rls_forcado"":false,""linhas_exatas"":2,""tamanho_bytes"":524288,""linhas_estimadas"":-1},{""nome"":""determinacoes"",""tipo"":""tabela"",""esquema"":""public"",""rls_ativo"":true,""comentario"":null,""rls_forcado"":false,""linhas_exatas"":183,""tamanho_bytes"":262144,""linhas_estimadas"":183},{""nome"":""diretorias"",""tipo"":""tabela"",""esquema"":""public"",""rls_ativo"":true,""comentario"":null,""rls_forcado"":false,""linhas_exatas"":3,""tamanho_bytes"":32768,""linhas_estimadas"":-1},{""nome"":""fiscalizacoes"",""tipo"":""tabela"",""esquema"":""public"",""rls_ativo"":true,""comentario"":null,""rls_forcado"":false,""linhas_exatas"":26,""tamanho_bytes"":180224,""linhas_estimadas"":26},{""nome"":""fotos_evidencia"",""tipo"":""tabela"",""esquema"":""public"",""rls_ativo"":true,""comentario"":null,""rls_forcado"":false,""linhas_exatas"":0,""tamanho_bytes"":16384,""linhas_estimadas"":-1},{""nome"":""itens_checklist"",""tipo"":""tabela"",""esquema"":""public"",""rls_ativo"":true,""comentario"":""Itens dos checklists normativos"",""rls_forcado"":false,""linhas_exatas"":768,""tamanho_bytes"":466944,""linhas_estimadas"":764},{""nome"":""julgamentos"",""tipo"":""tabela"",""esquema"":""public"",""rls_ativo"":true,""comentario"":null,""rls_forcado"":false,""linhas_exatas"":0,""tamanho_bytes"":16384,""linhas_estimadas"":-1},{""nome"":""manifestacoes_auto"",""tipo"":""tabela"",""esquema"":""public"",""rls_ativo"":true,""comentario"":null,""rls_forcado"":false,""linhas_exatas"":0,""tamanho_bytes"":16384,""linhas_estimadas"":-1},{""nome"":""municipios"",""tipo"":""tabela"",""esquema"":""public"",""rls_ativo"":true,""comentario"":null,""rls_forcado"":false,""linhas_exatas"":79,""tamanho_bytes"":49152,""linhas_estimadas"":79},{""nome"":""nao_conformidades"",""tipo"":""tabela"",""esquema"":""public"",""rls_ativo"":true,""comentario"":null,""rls_forcado"":false,""linhas_exatas"":478,""tamanho_bytes"":344064,""linhas_estimadas"":471},{""nome"":""pareceres_tecnicos"",""tipo"":""tabela"",""esquema"":""public"",""rls_ativo"":true,""comentario"":null,""rls_forcado"":false,""linhas_exatas"":0,""tamanho_bytes"":16384,""linhas_estimadas"":-1},{""nome"":""prestadores_servico"",""tipo"":""tabela"",""esquema"":""public"",""rls_ativo"":true,""comentario"":null,""rls_forcado"":false,""linhas_exatas"":9,""tamanho_bytes"":49152,""linhas_estimadas"":-1},{""nome"":""profiles"",""tipo"":""tabela"",""esquema"":""public"",""rls_ativo"":true,""comentario"":null,""rls_forcado"":false,""linhas_exatas"":7,""tamanho_bytes"":49152,""linhas_estimadas"":-1},{""nome"":""recomendacoes"",""tipo"":""tabela"",""esquema"":""public"",""rls_ativo"":true,""comentario"":null,""rls_forcado"":false,""linhas_exatas"":350,""tamanho_bytes"":270336,""linhas_estimadas"":343},{""nome"":""relatorios_jobs"",""tipo"":""tabela"",""esquema"":""public"",""rls_ativo"":true,""comentario"":null,""rls_forcado"":false,""linhas_exatas"":18,""tamanho_bytes"":122880,""linhas_estimadas"":18},{""nome"":""remessas_ai"",""tipo"":""tabela"",""esquema"":""public"",""rls_ativo"":true,""comentario"":null,""rls_forcado"":false,""linhas_exatas"":0,""tamanho_bytes"":24576,""linhas_estimadas"":-1},{""nome"":""remessas_ai_itens"",""tipo"":""tabela"",""esquema"":""public"",""rls_ativo"":true,""comentario"":null,""rls_forcado"":false,""linhas_exatas"":0,""tamanho_bytes"":16384,""linhas_estimadas"":-1},{""nome"":""respostas_checklist"",""tipo"":""tabela"",""esquema"":""public"",""rls_ativo"":true,""comentario"":null,""rls_forcado"":false,""linhas_exatas"":3454,""tamanho_bytes"":1204224,""linhas_estimadas"":3273},{""nome"":""respostas_determinacao"",""tipo"":""tabela"",""esquema"":""public"",""rls_ativo"":true,""comentario"":null,""rls_forcado"":false,""linhas_exatas"":34,""tamanho_bytes"":32768,""linhas_estimadas"":-1},{""nome"":""termos_notificacao"",""tipo"":""tabela"",""esquema"":""public"",""rls_ativo"":true,""comentario"":null,""rls_forcado"":false,""linhas_exatas"":5,""tamanho_bytes"":49152,""linhas_estimadas"":-1},{""nome"":""tipos_ocorrencia_dtr"",""tipo"":""tabela"",""esquema"":""public"",""rls_ativo"":true,""comentario"":""Catálogo configurável de tipos de ocorrência para fiscalização de rodovias (DTR)."",""rls_forcado"":false,""linhas_exatas"":79,""tamanho_bytes"":90112,""linhas_estimadas"":79},{""nome"":""tipos_unidade"",""tipo"":""tabela"",""esquema"":""public"",""rls_ativo"":true,""comentario"":""Tabela de tipos de unidade fiscalizável"",""rls_forcado"":false,""linhas_exatas"":33,""tamanho_bytes"":32768,""linhas_estimadas"":-1},{""nome"":""unidades_fiscalizadas"",""tipo"":""tabela"",""esquema"":""public"",""rls_ativo"":true,""comentario"":null,""rls_forcado"":false,""linhas_exatas"":402,""tamanho_bytes"":1294336,""linhas_estimadas"":394}]"
5,colunas,457,"[{""tipo"":""uuid"",""coluna"":""id"",""gerada"":null,""padrao"":""gen_random_uuid()"",""tabela"":""audit_logs"",""esquema"":""public"",""posicao"":1,""comentario"":null,""identidade"":null,""obrigatoria"":true},{""tipo"":""text"",""coluna"":""table_name"",""gerada"":null,""padrao"":null,""tabela"":""audit_logs"",""esquema"":""public"",""posicao"":2,""comentario"":null,""identidade"":null,""obrigatoria"":true},{""tipo"":""uuid"",""coluna"":""record_id"",""gerada"":null,""padrao"":null,""tabela"":""audit_logs"",""esquema"":""public"",""posicao"":3,""comentario"":null,""identidade"":null,""obrigatoria"":true},{""tipo"":""text"",""coluna"":""action"",""gerada"":null,""padrao"":null,""tabela"":""audit_logs"",""esquema"":""public"",""posicao"":4,""comentario"":null,""identidade"":null,""obrigatoria"":true},{""tipo"":""uuid"",""coluna"":""user_id"",""gerada"":null,""padrao"":null,""tabela"":""audit_logs"",""esquema"":""public"",""posicao"":5,""comentario"":null,""identidade"":null,""obrigatoria"":false},{""tipo"":""text"",""coluna"":""user_email"",""gerada"":null,""padrao"":null,""tabela"":""audit_logs"",""esquema"":""public"",""posicao"":6,""comentario"":null,""identidade"":null,""obrigatoria"":false},{""tipo"":""jsonb"",""coluna"":""old_data"",""gerada"":null,""padrao"":null,""tabela"":""audit_logs"",""esquema"":""public"",""posicao"":7,""comentario"":null,""identidade"":null,""obrigatoria"":false},{""tipo"":""jsonb"",""coluna"":""new_data"",""gerada"":null,""padrao"":null,""tabela"":""audit_logs"",""esquema"":""public"",""posicao"":8,""comentario"":null,""identidade"":null,""obrigatoria"":false},{""tipo"":""timestamp with time zone"",""coluna"":""created_at"",""gerada"":null,""padrao"":""now()"",""tabela"":""audit_logs"",""esquema"":""public"",""posicao"":9,""comentario"":null,""identidade"":null,""obrigatoria"":true},{""tipo"":""uuid"",""coluna"":""id"",""gerada"":null,""padrao"":""uuid_generate_v4()"",""tabela"":""autos_infracao"",""esquema"":""public"",""posicao"":1,""comentario"":null,""identidade"":null,""obrigatoria"":true},{""tipo"":""uuid"",""coluna"":""prestador_servico_id"",""gerada"":null,""padrao"":null,""tabela"":""autos_infracao"",""esquema"":""public"",""posicao"":2,""comentario"":null,""identidade"":null,""obrigatoria"":false},{""tipo"":""uuid"",""coluna"":""unidade_fiscalizada_id"",""gerada"":null,""padrao"":null,""tabela"":""autos_infracao"",""esquema"":""public"",""posicao"":3,""comentario"":null,""identidade"":null,""obrigatoria"":false},{""tipo"":""uuid"",""coluna"":""fiscalizacao_id"",""gerada"":null,""padrao"":null,""tabela"":""autos_infracao"",""esquema"":""public"",""posicao"":4,""comentario"":null,""identidade"":null,""obrigatoria"":false},{""tipo"":""uuid"",""coluna"":""determinacao_id"",""gerada"":null,""padrao"":null,""tabela"":""autos_infracao"",""esquema"":""public"",""posicao"":5,""comentario"":null,""identidade"":null,""obrigatoria"":false},{""tipo"":""uuid"",""coluna"":""resposta_determinacao_id"",""gerada"":null,""padrao"":null,""tabela"":""autos_infracao"",""esquema"":""public"",""posicao"":6,""comentario"":null,""identidade"":null,""obrigatoria"":false},{""tipo"":""text"",""coluna"":""numero_auto"",""gerada"":null,""padrao"":null,""tabela"":""autos_infracao"",""esquema"":""public"",""posicao"":7,""comentario"":null,""identidade"":null,""obrigatoria"":false},{""tipo"":""text"",""coluna"":""descricao"",""gerada"":null,""padrao"":null,""tabela"":""autos_infracao"",""esquema"":""public"",""posicao"":8,""comentario"":null,""identidade"":null,""obrigatoria"":false},{""tipo"":""numeric(10,2)"",""coluna"":""valor"",""gerada"":null,""padrao"":null,""tabela"":""autos_infracao"",""esquema"":""public"",""posicao"":9,""comentario"":null,""identidade"":null,""obrigatoria"":false},{""tipo"":""text"",""coluna"":""status"",""gerada"":null,""padrao"":""'pendente'::text"",""tabela"":""autos_infracao"",""esquema"":""public"",""posicao"":10,""comentario"":null,""identidade"":null,""obrigatoria"":false},{""tipo"":""timestamp with time zone"",""coluna"":""data_emissao"",""gerada"":null,""padrao"":""now()"",""tabela"":""autos_infracao"",""esquema"":""public"",""posicao"":11,""comentario"":null,""identidade"":null,""obrigatoria"":false},{""tipo"":""text"",""coluna"":""arquivo_url"",""gerada"":null,""padrao"":null,""tabela"":""autos_infracao"",""esquema"":""public"",""posicao"":12,""comentario"":null,""identidade"":null,""obrigatoria"":false},{""tipo"":""text"",""coluna"":""arquivo_protocolo_oficio"",""gerada"":null,""padrao"":null,""tabela"":""autos_infracao"",""esquema"":""public"",""posicao"":13,""comentario"":null,""identidade"":null,""obrigatoria"":false},{""tipo"":""text"",""coluna"":""arquivo_protocolo_ai_recebido"",""gerada"":null,""padrao"":null,""tabela"":""autos_infracao"",""esquema"":""public"",""posicao"":14,""comentario"":null,""identidade"":null,""obrigatoria"":false},{""tipo"":""text"",""coluna"":""arquivo_defesa_oficio"",""gerada"":null,""padrao"":null,""tabela"":""autos_infracao"",""esquema"":""public"",""posicao"":15,""comentario"":null,""identidade"":null,""obrigatoria"":false},{""tipo"":""text"",""coluna"":""arquivo_defesa"",""gerada"":null,""padrao"":null,""tabela"":""autos_infracao"",""esquema"":""public"",""posicao"":16,""comentario"":null,""identidade"":null,""obrigatoria"":false},{""tipo"":""timestamp with time zone"",""coluna"":""created_at"",""gerada"":null,""padrao"":""now()"",""tabela"":""autos_infracao"",""esquema"":""public"",""posicao"":17,""comentario"":null,""identidade"":null,""obrigatoria"":false},{""tipo"":""text"",""coluna"":""defesa_texto"",""gerada"":null,""padrao"":null,""tabela"":""autos_infracao"",""esquema"":""public"",""posicao"":18,""comentario"":null,""identidade"":null,""obrigatoria"":false},{""tipo"":""jsonb"",""coluna"":""defesa_arquivos"",""gerada"":null,""padrao"":""'[]'::jsonb"",""tabela"":""autos_infracao"",""esquema"":""public"",""posicao"":19,""comentario"":null,""identidade"":null,""obrigatoria"":false},{""tipo"":""numeric(14,2)"",""coluna"":""pena_base_rs"",""gerada"":null,""padrao"":""0"",""tabela"":""autos_infracao"",""esquema"":""public"",""posicao"":20,""comentario"":null,""identidade"":null,""obrigatoria"":true},{""tipo"":""integer"",""coluna"":""pena_base_uferms"",""gerada"":null,""padrao"":""0"",""tabela"":""autos_infracao"",""esquema"":""public"",""posicao"":21,""comentario"":null,""identidade"":null,""obrigatoria"":true},{""tipo"":""text"",""coluna"":""camara_tecnica_id"",""gerada"":null,""padrao"":null,""tabela"":""autos_infracao"",""esquema"":""public"",""posicao"":22,""comentario"":null,""identidade"":null,""obrigatoria"":false},{""tipo"":""text"",""coluna"":""id"",""gerada"":null,""padrao"":null,""tabela"":""camaras_tecnicas"",""esquema"":""public"",""posicao"":1,""comentario"":null,""identidade"":null,""obrigatoria"":true},{""tipo"":""text"",""coluna"":""diretoria_id"",""gerada"":null,""padrao"":null,""tabela"":""camaras_tecnicas"",""esquema"":""public"",""posicao"":2,""comentario"":null,""identidade"":null,""obrigatoria"":true},{""tipo"":""text"",""coluna"":""nome"",""gerada"":null,""padrao"":null,""tabela"":""camaras_tecnicas"",""esquema"":""public"",""posicao"":3,""comentario"":null,""identidade"":null,""obrigatoria"":true},{""tipo"":""uuid"",""coluna"":""id"",""gerada"":null,""padrao"":""gen_random_uuid()"",""tabela"":""caters_ai_jobs"",""esquema"":""public"",""posicao"":1,""comentario"":null,""identidade"":null,""obrigatoria"":true},{""tipo"":""caters_ai_job_type"",""coluna"":""job_type"",""gerada"":null,""padrao"":null,""tabela"":""caters_ai_jobs"",""esquema"":""public"",""posicao"":2,""comentario"":null,""identidade"":null,""obrigatoria"":true},{""tipo"":""uuid"",""coluna"":""process_id"",""gerada"":null,""padrao"":null,""tabela"":""caters_ai_jobs"",""esquema"":""public"",""posicao"":3,""comentario"":null,""identidade"":null,""obrigatoria"":false},{""tipo"":""text"",""coluna"":""storage_bucket"",""gerada"":null,""padrao"":null,""tabela"":""caters_ai_jobs"",""esquema"":""public"",""posicao"":4,""comentario"":null,""identidade"":null,""obrigatoria"":false},{""tipo"":""text"",""coluna"":""storage_path"",""gerada"":null,""padrao"":null,""tabela"":""caters_ai_jobs"",""esquema"":""public"",""posicao"":5,""comentario"":null,""identidade"":null,""obrigatoria"":false},{""tipo"":""text"",""coluna"":""input_text"",""gerada"":null,""padrao"":null,""tabela"":""caters_ai_jobs"",""esquema"":""public"",""posicao"":6,""comentario"":null,""identidade"":null,""obrigatoria"":false},{""tipo"":""text"",""coluna"":""status"",""gerada"":null,""padrao"":""'queued'::text"",""tabela"":""caters_ai_jobs"",""esquema"":""public"",""posicao"":7,""comentario"":null,""identidade"":null,""obrigatoria"":true},{""tipo"":""jsonb"",""coluna"":""result_json"",""gerada"":null,""padrao"":null,""tabela"":""caters_ai_jobs"",""esquema"":""public"",""posicao"":8,""comentario"":null,""identidade"":null,""obrigatoria"":false},{""tipo"":""timestamp with time zone"",""coluna"":""reviewed_at"",""gerada"":null,""padrao"":null,""tabela"":""caters_ai_jobs"",""esquema"":""public"",""posicao"":9,""comentario"":null,""identidade"":null,""obrigatoria"":false},{""tipo"":""uuid"",""coluna"":""reviewed_by"",""gerada"":null,""padrao"":null,""tabela"":""caters_ai_jobs"",""esquema"":""public"",""posicao"":10,""comentario"":null,""identidade"":null,""obrigatoria"":false},{""tipo"":""text"",""coluna"":""error_message"",""gerada"":null,""padrao"":null,""tabela"":""caters_ai_jobs"",""esquema"":""public"",""posicao"":11,""comentario"":null,""identidade"":null,""obrigatoria"":false},{""tipo"":""uuid"",""coluna"":""requested_by"",""gerada"":null,""padrao"":null,""tabela"":""caters_ai_jobs"",""esquema"":""public"",""posicao"":12,""comentario"":null,""identidade"":null,""obrigatoria"":false},{""tipo"":""timestamp with time zone"",""coluna"":""created_at"",""gerada"":null,""padrao"":""now()"",""tabela"":""caters_ai_jobs"",""esquema"":""public"",""posicao"":13,""comentario"":null,""identidade"":null,""obrigatoria"":true},{""tipo"":""timestamp with time zone"",""coluna"":""updated_at"",""gerada"":null,""padrao"":""now()"",""tabela"":""caters_ai_jobs"",""esquema"":""public"",""posicao"":14,""comentario"":null,""identidade"":null,""obrigatoria"":true},{""tipo"":""uuid"",""coluna"":""id"",""gerada"":null,""padrao"":""gen_random_uuid()"",""tabela"":""caters_analysis_history"",""esquema"":""public"",""posicao"":1,""comentario"":null,""identidade"":null,""obrigatoria"":true},{""tipo"":""uuid"",""coluna"":""process_id"",""gerada"":null,""padrao"":null,""tabela"":""caters_analysis_history"",""esquema"":""public"",""posicao"":2,""comentario"":null,""identidade"":null,""obrigatoria"":true},{""tipo"":""caters_analysis_action_type"",""coluna"":""action_type"",""gerada"":null,""padrao"":null,""tabela"":""caters_analysis_history"",""esquema"":""public"",""posicao"":3,""comentario"":null,""identidade"":null,""obrigatoria"":true},{""tipo"":""text"",""coluna"":""description"",""gerada"":null,""padrao"":null,""tabela"":""caters_analysis_history"",""esquema"":""public"",""posicao"":4,""comentario"":null,""identidade"":null,""obrigatoria"":true},{""tipo"":""date"",""coluna"":""new_fatal_date"",""gerada"":null,""padrao"":null,""tabela"":""caters_analysis_history"",""esquema"":""public"",""posicao"":5,""comentario"":null,""identidade"":null,""obrigatoria"":false},{""tipo"":""text"",""coluna"":""related_document_url"",""gerada"":null,""padrao"":null,""tabela"":""caters_analysis_history"",""esquema"":""public"",""posicao"":6,""comentario"":null,""identidade"":null,""obrigatoria"":false},{""tipo"":""uuid"",""coluna"":""performed_by"",""gerada"":null,""padrao"":null,""tabela"":""caters_analysis_history"",""esquema"":""public"",""posicao"":7,""comentario"":null,""identidade"":null,""obrigatoria"":false},{""tipo"":""timestamp with time zone"",""coluna"":""created_at"",""gerada"":null,""padrao"":""now()"",""tabela"":""caters_analysis_history"",""esquema"":""public"",""posicao"":8,""comentario"":null,""identidade"":null,""obrigatoria"":true},{""tipo"":""uuid"",""coluna"":""id"",""gerada"":null,""padrao"":""uuid_generate_v4()"",""tabela"":""caters_deadline_extensions"",""esquema"":""public"",""posicao"":1,""comentario"":null,""identidade"":null,""obrigatoria"":true},{""tipo"":""uuid"",""coluna"":""process_id"",""gerada"":null,""padrao"":null,""tabela"":""caters_deadline_extensions"",""esquema"":""public"",""posicao"":2,""comentario"":null,""identidade"":null,""obrigatoria"":true},{""tipo"":""date"",""coluna"":""reference_date"",""gerada"":null,""padrao"":null,""tabela"":""caters_deadline_extensions"",""esquema"":""public"",""posicao"":3,""comentario"":null,""identidade"":null,""obrigatoria"":true},{""tipo"":""integer"",""coluna"":""extension_days"",""gerada"":null,""padrao"":null,""tabela"":""caters_deadline_extensions"",""esquema"":""public"",""posicao"":4,""comentario"":null,""identidade"":null,""obrigatoria"":true},{""tipo"":""date"",""coluna"":""calculated_date"",""gerada"":null,""padrao"":null,""tabela"":""caters_deadline_extensions"",""esquema"":""public"",""posicao"":5,""comentario"":null,""identidade"":null,""obrigatoria"":true},{""tipo"":""date"",""coluna"":""municipality_request_at"",""gerada"":null,""padrao"":null,""tabela"":""caters_deadline_extensions"",""esquema"":""public"",""posicao"":6,""comentario"":null,""identidade"":null,""obrigatoria"":false},{""tipo"":""text"",""coluna"":""municipality_protocol"",""gerada"":null,""padrao"":null,""tabela"":""caters_deadline_extensions"",""esquema"":""public"",""posicao"":7,""comentario"":null,""identidade"":null,""obrigatoria"":false},{""tipo"":""text"",""coluna"":""status"",""gerada"":null,""padrao"":""'aprovado'::text"",""tabela"":""caters_deadline_extensions"",""esquema"":""public"",""posicao"":8,""comentario"":null,""identidade"":null,""obrigatoria"":true},{""tipo"":""text"",""coluna"":""notes"",""gerada"":null,""padrao"":null,""tabela"":""caters_deadline_extensions"",""esquema"":""public"",""posicao"":9,""comentario"":null,""identidade"":null,""obrigatoria"":false},{""tipo"":""uuid"",""coluna"":""created_by"",""gerada"":null,""padrao"":null,""tabela"":""caters_deadline_extensions"",""esquema"":""public"",""posicao"":10,""comentario"":null,""identidade"":null,""obrigatoria"":false},{""tipo"":""timestamp with time zone"",""coluna"":""created_at"",""gerada"":null,""padrao"":""now()"",""tabela"":""caters_deadline_extensions"",""esquema"":""public"",""posicao"":11,""comentario"":null,""identidade"":null,""obrigatoria"":false},{""tipo"":""timestamp with time zone"",""coluna"":""updated_at"",""gerada"":null,""padrao"":""now()"",""tabela"":""caters_deadline_extensions"",""esquema"":""public"",""posicao"":12,""comentario"":null,""identidade"":null,""obrigatoria"":false},{""tipo"":""uuid"",""coluna"":""id"",""gerada"":null,""padrao"":""gen_random_uuid()"",""tabela"":""caters_extra_documents"",""esquema"":""public"",""posicao"":1,""comentario"":null,""identidade"":null,""obrigatoria"":true},{""tipo"":""uuid"",""coluna"":""process_id"",""gerada"":null,""padrao"":null,""tabela"":""caters_extra_documents"",""esquema"":""public"",""posicao"":2,""comentario"":null,""identidade"":null,""obrigatoria"":true},{""tipo"":""text"",""coluna"":""title"",""gerada"":null,""padrao"":null,""tabela"":""caters_extra_documents"",""esquema"":""public"",""posicao"":3,""comentario"":null,""identidade"":null,""obrigatoria"":true},{""tipo"":""text"",""coluna"":""description"",""gerada"":null,""padrao"":null,""tabela"":""caters_extra_documents"",""esquema"":""public"",""posicao"":4,""comentario"":null,""identidade"":null,""obrigatoria"":false},{""tipo"":""text"",""coluna"":""file_url"",""gerada"":null,""padrao"":null,""tabela"":""caters_extra_documents"",""esquema"":""public"",""posicao"":5,""comentario"":null,""identidade"":null,""obrigatoria"":true},{""tipo"":""uuid"",""coluna"":""created_by"",""gerada"":null,""padrao"":null,""tabela"":""caters_extra_documents"",""esquema"":""public"",""posicao"":6,""comentario"":null,""identidade"":null,""obrigatoria"":false},{""tipo"":""timestamp with time zone"",""coluna"":""created_at"",""gerada"":null,""padrao"":""now()"",""tabela"":""caters_extra_documents"",""esquema"":""public"",""posicao"":7,""comentario"":null,""identidade"":null,""obrigatoria"":true},{""tipo"":""uuid"",""coluna"":""id"",""gerada"":null,""padrao"":null,""tabela"":""caters_fiscalizacoes_disponiveis"",""esquema"":""public"",""posicao"":1,""comentario"":null,""identidade"":null,""obrigatoria"":false},{""tipo"":""text"",""coluna"":""municipio_nome"",""gerada"":null,""padrao"":null,""tabela"":""caters_fiscalizacoes_disponiveis"",""esquema"":""public"",""posicao"":2,""comentario"":null,""identidade"":null,""obrigatoria"":false},{""tipo"":""text"",""coluna"":""prestador_servico_nome"",""gerada"":null,""padrao"":null,""tabela"":""caters_fiscalizacoes_disponiveis"",""esquema"":""public"",""posicao"":3,""comentario"":null,""identidade"":null,""obrigatoria"":false},{""tipo"":""text[]"",""coluna"":""servicos"",""gerada"":null,""padrao"":null,""tabela"":""caters_fiscalizacoes_disponiveis"",""esquema"":""public"",""posicao"":4,""comentario"":null,""identidade"":null,""obrigatoria"":false},{""tipo"":""text"",""coluna"":""status"",""gerada"":null,""padrao"":null,""tabela"":""caters_fiscalizacoes_disponiveis"",""esquema"":""public"",""posicao"":5,""comentario"":null,""identidade"":null,""obrigatoria"":false},{""tipo"":""timestamp with time zone"",""coluna"":""data_inicio"",""gerada"":null,""padrao"":null,""tabela"":""caters_fiscalizacoes_disponiveis"",""esquema"":""public"",""posicao"":6,""comentario"":null,""identidade"":null,""obrigatoria"":false},{""tipo"":""timestamp with time zone"",""coluna"":""data_fim"",""gerada"":null,""padrao"":null,""tabela"":""caters_fiscalizacoes_disponiveis"",""esquema"":""public"",""posicao"":7,""comentario"":null,""identidade"":null,""obrigatoria"":false},{""tipo"":""text"",""coluna"":""numero_termo"",""gerada"":null,""padrao"":null,""tabela"":""caters_fiscalizacoes_disponiveis"",""esquema"":""public"",""posicao"":8,""comentario"":null,""identidade"":null,""obrigatoria"":false},{""tipo"":""text"",""coluna"":""camara_tecnica_id"",""gerada"":null,""padrao"":null,""tabela"":""caters_fiscalizacoes_disponiveis"",""esquema"":""public"",""posicao"":9,""comentario"":null,""identidade"":null,""obrigatoria"":false},{""tipo"":""uuid"",""coluna"":""id"",""gerada"":null,""padrao"":""gen_random_uuid()"",""tabela"":""caters_municipality_responses"",""esquema"":""public"",""posicao"":1,""comentario"":null,""identidade"":null,""obrigatoria"":true},{""tipo"":""uuid"",""coluna"":""process_id"",""gerada"":null,""padrao"":null,""tabela"":""caters_municipality_responses"",""esquema"":""public"",""posicao"":2,""comentario"":null,""identidade"":null,""obrigatoria"":true},{""tipo"":""date"",""coluna"":""received_at"",""gerada"":null,""padrao"":null,""tabela"":""caters_municipality_responses"",""esquema"":""public"",""posicao"":3,""comentario"":null,""identidade"":null,""obrigatoria"":true},{""tipo"":""text"",""coluna"":""protocol_number"",""gerada"":null,""padrao"":null,""tabela"":""caters_municipality_responses"",""esquema"":""public"",""posicao"":4,""comentario"":null,""identidade"":null,""obrigatoria"":false},{""tipo"":""text"",""coluna"":""cronograma_status"",""gerada"":null,""padrao"":""'pendente'::text"",""tabela"":""caters_municipality_responses"",""esquema"":""public"",""posicao"":5,""comentario"":null,""identidade"":null,""obrigatoria"":true},{""tipo"":""text"",""coluna"":""notes"",""gerada"":null,""padrao"":null,""tabela"":""caters_municipality_responses"",""esquema"":""public"",""posicao"":6,""comentario"":null,""identidade"":null,""obrigatoria"":false},{""tipo"":""uuid"",""coluna"":""created_by"",""gerada"":null,""padrao"":null,""tabela"":""caters_municipality_responses"",""esquema"":""public"",""posicao"":7,""comentario"":null,""identidade"":null,""obrigatoria"":false},{""tipo"":""timestamp with time zone"",""coluna"":""created_at"",""gerada"":null,""padrao"":""now()"",""tabela"":""caters_municipality_responses"",""esquema"":""public"",""posicao"":8,""comentario"":null,""identidade"":null,""obrigatoria"":true},{""tipo"":""timestamp with time zone"",""coluna"":""updated_at"",""gerada"":null,""padrao"":""now()"",""tabela"":""caters_municipality_responses"",""esquema"":""public"",""posicao"":9,""comentario"":null,""identidade"":null,""obrigatoria"":true},{""tipo"":""uuid"",""coluna"":""id"",""gerada"":null,""padrao"":""gen_random_uuid()"",""tabela"":""caters_notification_reads"",""esquema"":""public"",""posicao"":1,""comentario"":null,""identidade"":null,""obrigatoria"":true},{""tipo"":""uuid"",""coluna"":""user_id"",""gerada"":null,""padrao"":null,""tabela"":""caters_notification_reads"",""esquema"":""public"",""posicao"":2,""comentario"":null,""identidade"":null,""obrigatoria"":true},{""tipo"":""text"",""coluna"":""key"",""gerada"":null,""padrao"":null,""tabela"":""caters_notification_reads"",""esquema"":""public"",""posicao"":3,""comentario"":null,""identidade"":null,""obrigatoria"":true},{""tipo"":""timestamp with time zone"",""coluna"":""read_at"",""gerada"":null,""padrao"":null,""tabela"":""caters_notification_reads"",""esquema"":""public"",""posicao"":4,""comentario"":null,""identidade"":null,""obrigatoria"":true},{""tipo"":""timestamp with time zone"",""coluna"":""created_at"",""gerada"":null,""padrao"":""now()"",""tabela"":""caters_notification_reads"",""esquema"":""public"",""posicao"":5,""comentario"":null,""identidade"":null,""obrigatoria"":true},{""tipo"":""uuid"",""coluna"":""id"",""gerada"":null,""padrao"":""gen_random_uuid()"",""tabela"":""caters_processes"",""esquema"":""public"",""posicao"":1,""comentario"":null,""identidade"":null,""obrigatoria"":true},{""tipo"":""text"",""coluna"":""process_number"",""gerada"":null,""padrao"":null,""tabela"":""caters_processes"",""esquema"":""public"",""posicao"":2,""comentario"":null,""identidade"":null,""obrigatoria"":true},{""tipo"":""text"",""coluna"":""municipality"",""gerada"":null,""padrao"":null,""tabela"":""caters_processes"",""esquema"":""public"",""posicao"":3,""comentario"":null,""identidade"":null,""obrigatoria"":true},{""tipo"":""text"",""coluna"":""object"",""gerada"":null,""padrao"":null,""tabela"":""caters_processes"",""esquema"":""public"",""posicao"":4,""comentario"":null,""identidade"":null,""obrigatoria"":true},{""tipo"":""date"",""coluna"":""ar_sent_at"",""gerada"":null,""padrao"":null,""tabela"":""caters_processes"",""esquema"":""public"",""posicao"":5,""comentario"":null,""identidade"":null,""obrigatoria"":false},{""tipo"":""date"",""coluna"":""ar_received_at"",""gerada"":null,""padrao"":null,""tabela"":""caters_processes"",""esquema"":""public"",""posicao"":6,""comentario"":null,""identidade"":null,""obrigatoria"":false},{""tipo"":""date"",""coluna"":""fatal_date"",""gerada"":null,""padrao"":null,""tabela"":""caters_processes"",""esquema"":""public"",""posicao"":7,""comentario"":null,""identidade"":null,""obrigatoria"":false},{""tipo"":""date"",""coluna"":""titular_response_due_at"",""gerada"":null,""padrao"":null,""tabela"":""caters_processes"",""esquema"":""public"",""posicao"":8,""comentario"":null,""identidade"":null,""obrigatoria"":false},{""tipo"":""caters_process_status"",""coluna"":""status"",""gerada"":null,""padrao"":""'aguardando_analise'::caters_process_status"",""tabela"":""caters_processes"",""esquema"":""public"",""posicao"":9,""comentario"":null,""identidade"":null,""obrigatoria"":true},{""tipo"":""text"",""coluna"":""relatorio_url"",""gerada"":null,""padrao"":null,""tabela"":""caters_processes"",""esquema"":""public"",""posicao"":10,""comentario"":null,""identidade"":null,""obrigatoria"":false},{""tipo"":""text"",""coluna"":""termo_notificacao_url"",""gerada"":null,""padrao"":null,""tabela"":""caters_processes"",""esquema"":""public"",""posicao"":11,""comentario"":null,""identidade"":null,""obrigatoria"":false},{""tipo"":""text"",""coluna"":""ar_digitalizado_url"",""gerada"":null,""padrao"":null,""tabela"":""caters_processes"",""esquema"":""public"",""posicao"":12,""comentario"":null,""identidade"":null,""obrigatoria"":false},{""tipo"":""text"",""coluna"":""oficio_resposta_url"",""gerada"":null,""padrao"":null,""tabela"":""caters_processes"",""esquema"":""public"",""posicao"":13,""comentario"":null,""identidade"":null,""obrigatoria"":false},{""tipo"":""text"",""coluna"":""cronograma_url"",""gerada"":null,""padrao"":null,""tabela"":""caters_processes"",""esquema"":""public"",""posicao"":14,""comentario"":null,""identidade"":null,""obrigatoria"":false},{""tipo"":""text"",""coluna"":""observations"",""gerada"":null,""padrao"":null,""tabela"":""caters_processes"",""esquema"":""public"",""posicao"":15,""comentario"":null,""identidade"":null,""obrigatoria"":false},{""tipo"":""text"",""coluna"":""ar_tracking_code"",""gerada"":null,""padrao"":null,""tabela"":""caters_processes"",""esquema"":""public"",""posicao"":16,""comentario"":null,""identidade"":null,""obrigatoria"":false},{""tipo"":""text"",""coluna"":""ar_protocol_number"",""gerada"":null,""padrao"":null,""tabela"":""caters_processes"",""esquema"":""public"",""posicao"":17,""comentario"":null,""identidade"":null,""obrigatoria"":false},{""tipo"":""date"",""coluna"":""report_sent_at"",""gerada"":null,""padrao"":null,""tabela"":""caters_processes"",""esquema"":""public"",""posicao"":18,""comentario"":null,""identidade"":null,""obrigatoria"":false},{""tipo"":""text"",""coluna"":""technician_name"",""gerada"":null,""padrao"":null,""tabela"":""caters_processes"",""esquema"":""public"",""posicao"":19,""comentario"":null,""identidade"":null,""obrigatoria"":false},{""tipo"":""uuid"",""coluna"":""created_by"",""gerada"":null,""padrao"":null,""tabela"":""caters_processes"",""esquema"":""public"",""posicao"":20,""comentario"":null,""identidade"":null,""obrigatoria"":false},{""tipo"":""timestamp with time zone"",""coluna"":""created_at"",""gerada"":null,""padrao"":""now()"",""tabela"":""caters_processes"",""esquema"":""public"",""posicao"":21,""comentario"":null,""identidade"":null,""obrigatoria"":true},{""tipo"":""timestamp with time zone"",""coluna"":""updated_at"",""gerada"":null,""padrao"":""now()"",""tabela"":""caters_processes"",""esquema"":""public"",""posicao"":22,""comentario"":null,""identidade"":null,""obrigatoria"":true},{""tipo"":""uuid"",""coluna"":""fiscalizacao_id"",""gerada"":null,""padrao"":null,""tabela"":""caters_processes"",""esquema"":""public"",""posicao"":23,""comentario"":null,""identidade"":null,""obrigatoria"":false},{""tipo"":""uuid"",""coluna"":""id"",""gerada"":null,""padrao"":""gen_random_uuid()"",""tabela"":""caters_recommendations"",""esquema"":""public"",""posicao"":1,""comentario"":null,""identidade"":null,""obrigatoria"":true},{""tipo"":""uuid"",""coluna"":""process_id"",""gerada"":null,""padrao"":null,""tabela"":""caters_recommendations"",""esquema"":""public"",""posicao"":2,""comentario"":null,""identidade"":null,""obrigatoria"":true},{""tipo"":""text"",""coluna"":""item_code"",""gerada"":null,""padrao"":null,""tabela"":""caters_recommendations"",""esquema"":""public"",""posicao"":3,""comentario"":null,""identidade"":null,""obrigatoria"":false},{""tipo"":""text"",""coluna"":""description"",""gerada"":null,""padrao"":null,""tabela"":""caters_recommendations"",""esquema"":""public"",""posicao"":4,""comentario"":null,""identidade"":null,""obrigatoria"":true},{""tipo"":""text"",""coluna"":""category"",""gerada"":null,""padrao"":null,""tabela"":""caters_recommendations"",""esquema"":""public"",""posicao"":5,""comentario"":null,""identidade"":null,""obrigatoria"":false},{""tipo"":""caters_recommendation_priority"",""coluna"":""priority"",""gerada"":null,""padrao"":""'media'::caters_recommendation_priority"",""tabela"":""caters_recommendations"",""esquema"":""public"",""posicao"":6,""comentario"":null,""identidade"":null,""obrigatoria"":true},{""tipo"":""date"",""coluna"":""promised_due_at"",""gerada"":null,""padrao"":null,""tabela"":""caters_recommendations"",""esquema"":""public"",""posicao"":7,""comentario"":null,""identidade"":null,""obrigatoria"":false},{""tipo"":""caters_recommendation_status"",""coluna"":""status"",""gerada"":null,""padrao"":""'pendente'::caters_recommendation_status"",""tabela"":""caters_recommendations"",""esquema"":""public"",""posicao"":8,""comentario"":null,""identidade"":null,""obrigatoria"":true},{""tipo"":""date"",""coluna"":""fulfilled_at"",""gerada"":null,""padrao"":null,""tabela"":""caters_recommendations"",""esquema"":""public"",""posicao"":9,""comentario"":null,""identidade"":null,""obrigatoria"":false},{""tipo"":""text"",""coluna"":""evidence_url"",""gerada"":null,""padrao"":null,""tabela"":""caters_recommendations"",""esquema"":""public"",""posicao"":10,""comentario"":null,""identidade"":null,""obrigatoria"":false},{""tipo"":""text"",""coluna"":""notes"",""gerada"":null,""padrao"":null,""tabela"":""caters_recommendations"",""esquema"":""public"",""posicao"":11,""comentario"":null,""identidade"":null,""obrigatoria"":false},{""tipo"":""text"",""coluna"":""titular_response"",""gerada"":null,""padrao"":null,""tabela"":""caters_recommendations"",""esquema"":""public"",""posicao"":12,""comentario"":null,""identidade"":null,""obrigatoria"":false},{""tipo"":""uuid"",""coluna"":""created_by"",""gerada"":null,""padrao"":null,""tabela"":""caters_recommendations"",""esquema"":""public"",""posicao"":13,""comentario"":null,""identidade"":null,""obrigatoria"":false},{""tipo"":""timestamp with time zone"",""coluna"":""created_at"",""gerada"":null,""padrao"":""now()"",""tabela"":""caters_recommendations"",""esquema"":""public"",""posicao"":14,""comentario"":null,""identidade"":null,""obrigatoria"":true},{""tipo"":""timestamp with time zone"",""coluna"":""updated_at"",""gerada"":null,""padrao"":""now()"",""tabela"":""caters_recommendations"",""esquema"":""public"",""posicao"":15,""comentario"":null,""identidade"":null,""obrigatoria"":true},{""tipo"":""uuid"",""coluna"":""recomendacao_id"",""gerada"":null,""padrao"":null,""tabela"":""caters_recommendations"",""esquema"":""public"",""posicao"":16,""comentario"":null,""identidade"":null,""obrigatoria"":false},{""tipo"":""uuid"",""coluna"":""determinacao_id"",""gerada"":null,""padrao"":null,""tabela"":""caters_recommendations"",""esquema"":""public"",""posicao"":17,""comentario"":null,""identidade"":null,""obrigatoria"":false},{""tipo"":""uuid"",""coluna"":""id"",""gerada"":null,""padrao"":""gen_random_uuid()"",""tabela"":""catesa_ai_jobs"",""esquema"":""public"",""posicao"":1,""comentario"":null,""identidade"":null,""obrigatoria"":true},{""tipo"":""uuid"",""coluna"":""termo_id"",""gerada"":null,""padrao"":null,""tabela"":""catesa_ai_jobs"",""esquema"":""public"",""posicao"":2,""comentario"":null,""identidade"":null,""obrigatoria"":true},{""tipo"":""text"",""coluna"":""input_text"",""gerada"":null,""padrao"":null,""tabela"":""catesa_ai_jobs"",""esquema"":""public"",""posicao"":3,""comentario"":null,""identidade"":null,""obrigatoria"":false},{""tipo"":""text"",""coluna"":""status"",""gerada"":null,""padrao"":""'queued'::text"",""tabela"":""catesa_ai_jobs"",""esquema"":""public"",""posicao"":4,""comentario"":null,""identidade"":null,""obrigatoria"":true},{""tipo"":""jsonb"",""coluna"":""result_json"",""gerada"":null,""padrao"":null,""tabela"":""catesa_ai_jobs"",""esquema"":""public"",""posicao"":5,""comentario"":null,""identidade"":null,""obrigatoria"":false},{""tipo"":""timestamp with time zone"",""coluna"":""reviewed_at"",""gerada"":null,""padrao"":null,""tabela"":""catesa_ai_jobs"",""esquema"":""public"",""posicao"":6,""comentario"":null,""identidade"":null,""obrigatoria"":false},{""tipo"":""uuid"",""coluna"":""reviewed_by"",""gerada"":null,""padrao"":null,""tabela"":""catesa_ai_jobs"",""esquema"":""public"",""posicao"":7,""comentario"":null,""identidade"":null,""obrigatoria"":false},{""tipo"":""text"",""coluna"":""error_message"",""gerada"":null,""padrao"":null,""tabela"":""catesa_ai_jobs"",""esquema"":""public"",""posicao"":8,""comentario"":null,""identidade"":null,""obrigatoria"":false},{""tipo"":""uuid"",""coluna"":""requested_by"",""gerada"":null,""padrao"":null,""tabela"":""catesa_ai_jobs"",""esquema"":""public"",""posicao"":9,""comentario"":null,""identidade"":null,""obrigatoria"":false},{""tipo"":""timestamp with time zone"",""coluna"":""created_at"",""gerada"":null,""padrao"":""now()"",""tabela"":""catesa_ai_jobs"",""esquema"":""public"",""posicao"":10,""comentario"":null,""identidade"":null,""obrigatoria"":true},{""tipo"":""timestamp with time zone"",""coluna"":""updated_at"",""gerada"":null,""padrao"":""now()"",""tabela"":""catesa_ai_jobs"",""esquema"":""public"",""posicao"":11,""comentario"":null,""identidade"":null,""obrigatoria"":true},{""tipo"":""uuid"",""coluna"":""id"",""gerada"":null,""padrao"":""uuid_generate_v4()"",""tabela"":""constatacoes_manuais"",""esquema"":""public"",""posicao"":1,""comentario"":null,""identidade"":null,""obrigatoria"":true},{""tipo"":""uuid"",""coluna"":""unidade_fiscalizada_id"",""gerada"":null,""padrao"":null,""tabela"":""constatacoes_manuais"",""esquema"":""public"",""posicao"":2,""comentario"":null,""identidade"":null,""obrigatoria"":false},{""tipo"":""text"",""coluna"":""descricao"",""gerada"":null,""padrao"":null,""tabela"":""constatacoes_manuais"",""esquema"":""public"",""posicao"":3,""comentario"":null,""identidade"":null,""obrigatoria"":true},{""tipo"":""bigint"",""coluna"":""ordem"",""gerada"":null,""padrao"":""0"",""tabela"":""constatacoes_manuais"",""esquema"":""public"",""posicao"":4,""comentario"":null,""identidade"":null,""obrigatoria"":false},{""tipo"":""timestamp with time zone"",""coluna"":""created_at"",""gerada"":null,""padrao"":""now()"",""tabela"":""constatacoes_manuais"",""esquema"":""public"",""posicao"":5,""comentario"":null,""identidade"":null,""obrigatoria"":false},{""tipo"":""text"",""coluna"":""numero_constatacao"",""gerada"":null,""padrao"":null,""tabela"":""constatacoes_manuais"",""esquema"":""public"",""posicao"":6,""comentario"":null,""identidade"":null,""obrigatoria"":false},{""tipo"":""boolean"",""coluna"":""gera_nc"",""gerada"":null,""padrao"":""false"",""tabela"":""constatacoes_manuais"",""esquema"":""public"",""posicao"":7,""comentario"":null,""identidade"":null,""obrigatoria"":false},{""tipo"":""text"",""coluna"":""artigo_portaria"",""gerada"":null,""padrao"":null,""tabela"":""constatacoes_manuais"",""esquema"":""public"",""posicao"":8,""comentario"":null,""identidade"":null,""obrigatoria"":false},{""tipo"":""text"",""coluna"":""texto_determinacao"",""gerada"":null,""padrao"":null,""tabela"":""constatacoes_manuais"",""esquema"":""public"",""posicao"":9,""comentario"":null,""identidade"":null,""obrigatoria"":false},{""tipo"":""text"",""coluna"":""texto_recomendacao"",""gerada"":null,""padrao"":null,""tabela"":""constatacoes_manuais"",""esquema"":""public"",""posicao"":10,""comentario"":null,""identidade"":null,""obrigatoria"":false},{""tipo"":""text"",""coluna"":""descricao_nc"",""gerada"":null,""padrao"":null,""tabela"":""constatacoes_manuais"",""esquema"":""public"",""posicao"":11,""comentario"":null,""identidade"":null,""obrigatoria"":false},{""tipo"":""timestamp with time zone"",""coluna"":""updated_at"",""gerada"":null,""padrao"":""now()"",""tabela"":""constatacoes_manuais"",""esquema"":""public"",""posicao"":12,""comentario"":null,""identidade"":null,""obrigatoria"":false},{""tipo"":""uuid"",""coluna"":""id"",""gerada"":null,""padrao"":""gen_random_uuid()"",""tabela"":""contratos"",""esquema"":""public"",""posicao"":1,""comentario"":null,""identidade"":null,""obrigatoria"":true},{""tipo"":""text"",""coluna"":""numero_contrato"",""gerada"":null,""padrao"":null,""tabela"":""contratos"",""esquema"":""public"",""posicao"":2,""comentario"":null,""identidade"":null,""obrigatoria"":true},{""tipo"":""uuid"",""coluna"":""prestador_servico_id"",""gerada"":null,""padrao"":null,""tabela"":""contratos"",""esquema"":""public"",""posicao"":3,""comentario"":null,""identidade"":null,""obrigatoria"":false},{""tipo"":""text"",""coluna"":""rodovia"",""gerada"":null,""padrao"":null,""tabela"":""contratos"",""esquema"":""public"",""posicao"":4,""comentario"":null,""identidade"":null,""obrigatoria"":true},{""tipo"":""boolean"",""coluna"":""ativo"",""gerada"":null,""padrao"":""true"",""tabela"":""contratos"",""esquema"":""public"",""posicao"":5,""comentario"":null,""identidade"":null,""obrigatoria"":false},{""tipo"":""timestamp with time zone"",""coluna"":""created_at"",""gerada"":null,""padrao"":""now()"",""tabela"":""contratos"",""esquema"":""public"",""posicao"":6,""comentario"":null,""identidade"":null,""obrigatoria"":false},{""tipo"":""timestamp with time zone"",""coluna"":""updated_at"",""gerada"":null,""padrao"":""now()"",""tabela"":""contratos"",""esquema"":""public"",""posicao"":7,""comentario"":null,""identidade"":null,""obrigatoria"":false},{""tipo"":""text"",""coluna"":""kml_url"",""gerada"":null,""padrao"":null,""tabela"":""contratos"",""esquema"":""public"",""posicao"":8,""comentario"":""URL do arquivo KML do traçado da rodovia no Supabase Storage (bucket kml-rodovias)."",""identidade"":null,""obrigatoria"":false},{""tipo"":""jsonb"",""coluna"":""km_points"",""gerada"":null,""padrao"":null,""tabela"":""contratos"",""esquema"":""public"",""posicao"":9,""comentario"":""Pontos KM do KML carregado. Array de {lat, lng, km} para detecção offline do KM mais próximo via GPS."",""identidade"":null,""obrigatoria"":false},{""tipo"":""uuid"",""coluna"":""id"",""gerada"":null,""padrao"":""uuid_generate_v4()"",""tabela"":""determinacoes"",""esquema"":""public"",""posicao"":1,""comentario"":null,""identidade"":null,""obrigatoria"":true},{""tipo"":""uuid"",""coluna"":""unidade_fiscalizada_id"",""gerada"":null,""padrao"":null,""tabela"":""determinacoes"",""esquema"":""public"",""posicao"":2,""comentario"":null,""identidade"":null,""obrigatoria"":false},{""tipo"":""text"",""coluna"":""descricao"",""gerada"":null,""padrao"":null,""tabela"":""determinacoes"",""esquema"":""public"",""posicao"":3,""comentario"":null,""identidade"":null,""obrigatoria"":true},{""tipo"":""date"",""coluna"":""prazo"",""gerada"":null,""padrao"":null,""tabela"":""determinacoes"",""esquema"":""public"",""posicao"":4,""comentario"":null,""identidade"":null,""obrigatoria"":false},{""tipo"":""timestamp with time zone"",""coluna"":""created_at"",""gerada"":null,""padrao"":""now()"",""tabela"":""determinacoes"",""esquema"":""public"",""posicao"":5,""comentario"":null,""identidade"":null,""obrigatoria"":false},{""tipo"":""uuid"",""coluna"":""nao_conformidade_id"",""gerada"":null,""padrao"":null,""tabela"":""determinacoes"",""esquema"":""public"",""posicao"":6,""comentario"":null,""identidade"":null,""obrigatoria"":false},{""tipo"":""text"",""coluna"":""numero_determinacao"",""gerada"":null,""padrao"":null,""tabela"":""determinacoes"",""esquema"":""public"",""posicao"":7,""comentario"":null,""identidade"":null,""obrigatoria"":false},{""tipo"":""integer"",""coluna"":""prazo_dias"",""gerada"":null,""padrao"":null,""tabela"":""determinacoes"",""esquema"":""public"",""posicao"":8,""comentario"":null,""identidade"":null,""obrigatoria"":false},{""tipo"":""date"",""coluna"":""data_limite"",""gerada"":null,""padrao"":null,""tabela"":""determinacoes"",""esquema"":""public"",""posicao"":9,""comentario"":null,""identidade"":null,""obrigatoria"":false},{""tipo"":""text"",""coluna"":""status"",""gerada"":null,""padrao"":""'pendente'::text"",""tabela"":""determinacoes"",""esquema"":""public"",""posicao"":10,""comentario"":null,""identidade"":null,""obrigatoria"":false},{""tipo"":""text"",""coluna"":""origem"",""gerada"":null,""padrao"":""('legacy:'::text || (uuid_generate_v4())::text)"",""tabela"":""determinacoes"",""esquema"":""public"",""posicao"":11,""comentario"":null,""identidade"":null,""obrigatoria"":true},{""tipo"":""timestamp with time zone"",""coluna"":""updated_at"",""gerada"":null,""padrao"":""now()"",""tabela"":""determinacoes"",""esquema"":""public"",""posicao"":12,""comentario"":null,""identidade"":null,""obrigatoria"":false},{""tipo"":""text"",""coluna"":""id"",""gerada"":null,""padrao"":null,""tabela"":""diretorias"",""esquema"":""public"",""posicao"":1,""comentario"":null,""identidade"":null,""obrigatoria"":true},{""tipo"":""text"",""coluna"":""nome"",""gerada"":null,""padrao"":null,""tabela"":""diretorias"",""esquema"":""public"",""posicao"":2,""comentario"":null,""identidade"":null,""obrigatoria"":true},{""tipo"":""uuid"",""coluna"":""id"",""gerada"":null,""padrao"":""uuid_generate_v4()"",""tabela"":""fiscalizacoes"",""esquema"":""public"",""posicao"":1,""comentario"":null,""identidade"":null,""obrigatoria"":true},{""tipo"":""uuid"",""coluna"":""municipio_id"",""gerada"":null,""padrao"":null,""tabela"":""fiscalizacoes"",""esquema"":""public"",""posicao"":2,""comentario"":null,""identidade"":null,""obrigatoria"":false},{""tipo"":""text"",""coluna"":""municipio_nome"",""gerada"":null,""padrao"":null,""tabela"":""fiscalizacoes"",""esquema"":""public"",""posicao"":3,""comentario"":null,""identidade"":null,""obrigatoria"":false},{""tipo"":""uuid"",""coluna"":""prestador_servico_id"",""gerada"":null,""padrao"":null,""tabela"":""fiscalizacoes"",""esquema"":""public"",""posicao"":4,""comentario"":null,""identidade"":null,""obrigatoria"":false},{""tipo"":""text"",""coluna"":""prestador_servico_nome"",""gerada"":null,""padrao"":null,""tabela"":""fiscalizacoes"",""esquema"":""public"",""posicao"":5,""comentario"":null,""identidade"":null,""obrigatoria"":false},{""tipo"":""text"",""coluna"":""fiscal_nome"",""gerada"":null,""padrao"":null,""tabela"":""fiscalizacoes"",""esquema"":""public"",""posicao"":6,""comentario"":null,""identidade"":null,""obrigatoria"":false},{""tipo"":""text"",""coluna"":""fiscal_email"",""gerada"":null,""padrao"":null,""tabela"":""fiscalizacoes"",""esquema"":""public"",""posicao"":7,""comentario"":null,""identidade"":null,""obrigatoria"":false},{""tipo"":""timestamp with time zone"",""coluna"":""data_inicio"",""gerada"":null,""padrao"":null,""tabela"":""fiscalizacoes"",""esquema"":""public"",""posicao"":8,""comentario"":null,""identidade"":null,""obrigatoria"":false},{""tipo"":""timestamp with time zone"",""coluna"":""data_fim"",""gerada"":null,""padrao"":null,""tabela"":""fiscalizacoes"",""esquema"":""public"",""posicao"":9,""comentario"":null,""identidade"":null,""obrigatoria"":false},{""tipo"":""double precision"",""coluna"":""latitude_inicio"",""gerada"":null,""padrao"":null,""tabela"":""fiscalizacoes"",""esquema"":""public"",""posicao"":10,""comentario"":null,""identidade"":null,""obrigatoria"":false},{""tipo"":""double precision"",""coluna"":""longitude_inicio"",""gerada"":null,""padrao"":null,""tabela"":""fiscalizacoes"",""esquema"":""public"",""posicao"":11,""comentario"":null,""identidade"":null,""obrigatoria"":false},{""tipo"":""text"",""coluna"":""status"",""gerada"":null,""padrao"":""'em_andamento'::text"",""tabela"":""fiscalizacoes"",""esquema"":""public"",""posicao"":12,""comentario"":null,""identidade"":null,""obrigatoria"":false},{""tipo"":""text[]"",""coluna"":""servicos"",""gerada"":null,""padrao"":null,""tabela"":""fiscalizacoes"",""esquema"":""public"",""posicao"":13,""comentario"":null,""identidade"":null,""obrigatoria"":false},{""tipo"":""text"",""coluna"":""numero_termo"",""gerada"":null,""padrao"":null,""tabela"":""fiscalizacoes"",""esquema"":""public"",""posicao"":14,""comentario"":null,""identidade"":null,""obrigatoria"":false},{""tipo"":""timestamp with time zone"",""coluna"":""created_at"",""gerada"":null,""padrao"":""now()"",""tabela"":""fiscalizacoes"",""esquema"":""public"",""posicao"":15,""comentario"":null,""identidade"":null,""obrigatoria"":false},{""tipo"":""timestamp with time zone"",""coluna"":""updated_at"",""gerada"":null,""padrao"":""now()"",""tabela"":""fiscalizacoes"",""esquema"":""public"",""posicao"":16,""comentario"":null,""identidade"":null,""obrigatoria"":false},{""tipo"":""uuid"",""coluna"":""created_by"",""gerada"":null,""padrao"":""auth.uid()"",""tabela"":""fiscalizacoes"",""esquema"":""public"",""posicao"":17,""comentario"":null,""identidade"":null,""obrigatoria"":false},{""tipo"":""text"",""coluna"":""last_modified_by"",""gerada"":null,""padrao"":null,""tabela"":""fiscalizacoes"",""esquema"":""public"",""posicao"":18,""comentario"":null,""identidade"":null,""obrigatoria"":false},{""tipo"":""timestamp with time zone"",""coluna"":""last_modified_at"",""gerada"":null,""padrao"":null,""tabela"":""fiscalizacoes"",""esquema"":""public"",""posicao"":19,""comentario"":null,""identidade"":null,""obrigatoria"":false},{""tipo"":""text"",""coluna"":""tipo_modulo"",""gerada"":null,""padrao"":""'saneamento_dsb'::text"",""tabela"":""fiscalizacoes"",""esquema"":""public"",""posicao"":20,""comentario"":""Módulo/diretoria de origem da fiscalização.\r\n   DSB: saneamento_dsb | residuos_dsb\r\n   DTR: rodovias_dtr | transportes_dtr | fiscal_dtr\r\n   DGE: gas_dge | energia_dge"",""identidade"":null,""obrigatoria"":false},{""tipo"":""text"",""coluna"":""rodovia"",""gerada"":null,""padrao"":null,""tabela"":""fiscalizacoes"",""esquema"":""public"",""posicao"":21,""comentario"":""Rodovia principal vistoriada (ex: BR-163, MS-306, MS-112)."",""identidade"":null,""obrigatoria"":false},{""tipo"":""text"",""coluna"":""camara_tecnica_id"",""gerada"":null,""padrao"":null,""tabela"":""fiscalizacoes"",""esquema"":""public"",""posicao"":22,""comentario"":null,""identidade"":null,""obrigatoria"":false},{""tipo"":""uuid"",""coluna"":""id"",""gerada"":null,""padrao"":""uuid_generate_v4()"",""tabela"":""fotos_evidencia"",""esquema"":""public"",""posicao"":1,""comentario"":null,""identidade"":null,""obrigatoria"":true},{""tipo"":""uuid"",""coluna"":""fiscalizacao_id"",""gerada"":null,""padrao"":null,""tabela"":""fotos_evidencia"",""esquema"":""public"",""posicao"":2,""comentario"":null,""identidade"":null,""obrigatoria"":false},{""tipo"":""uuid"",""coluna"":""unidade_fiscalizada_id"",""gerada"":null,""padrao"":null,""tabela"":""fotos_evidencia"",""esquema"":""public"",""posicao"":3,""comentario"":null,""identidade"":null,""obrigatoria"":false},{""tipo"":""text"",""coluna"":""url"",""gerada"":null,""padrao"":null,""tabela"":""fotos_evidencia"",""esquema"":""public"",""posicao"":4,""comentario"":null,""identidade"":null,""obrigatoria"":true},{""tipo"":""text"",""coluna"":""bucket_path"",""gerada"":null,""padrao"":null,""tabela"":""fotos_evidencia"",""esquema"":""public"",""posicao"":5,""comentario"":null,""identidade"":null,""obrigatoria"":true},{""tipo"":""text"",""coluna"":""descricao"",""gerada"":null,""padrao"":null,""tabela"":""fotos_evidencia"",""esquema"":""public"",""posicao"":6,""comentario"":null,""identidade"":null,""obrigatoria"":false},{""tipo"":""timestamp with time zone"",""coluna"":""created_at"",""gerada"":null,""padrao"":""now()"",""tabela"":""fotos_evidencia"",""esquema"":""public"",""posicao"":7,""comentario"":null,""identidade"":null,""obrigatoria"":false},{""tipo"":""uuid"",""coluna"":""id"",""gerada"":null,""padrao"":""uuid_generate_v4()"",""tabela"":""itens_checklist"",""esquema"":""public"",""posicao"":1,""comentario"":null,""identidade"":null,""obrigatoria"":true},{""tipo"":""uuid"",""coluna"":""tipo_unidade_id"",""gerada"":null,""padrao"":null,""tabela"":""itens_checklist"",""esquema"":""public"",""posicao"":2,""comentario"":null,""identidade"":null,""obrigatoria"":false},{""tipo"":""integer"",""coluna"":""ordem"",""gerada"":null,""padrao"":""0"",""tabela"":""itens_checklist"",""esquema"":""public"",""posicao"":3,""comentario"":null,""identidade"":null,""obrigatoria"":false},{""tipo"":""text"",""coluna"":""pergunta"",""gerada"":null,""padrao"":null,""tabela"":""itens_checklist"",""esquema"":""public"",""posicao"":4,""comentario"":null,""identidade"":null,""obrigatoria"":true},{""tipo"":""text"",""coluna"":""texto_constatacao_sim"",""gerada"":null,""padrao"":null,""tabela"":""itens_checklist"",""esquema"":""public"",""posicao"":5,""comentario"":null,""identidade"":null,""obrigatoria"":false},{""tipo"":""text"",""coluna"":""texto_constatacao_nao"",""gerada"":null,""padrao"":null,""tabela"":""itens_checklist"",""esquema"":""public"",""posicao"":6,""comentario"":null,""identidade"":null,""obrigatoria"":false},{""tipo"":""boolean"",""coluna"":""gera_nc"",""gerada"":null,""padrao"":""false"",""tabela"":""itens_checklist"",""esquema"":""public"",""posicao"":7,""comentario"":null,""identidade"":null,""obrigatoria"":false},{""tipo"":""text"",""coluna"":""artigo_portaria"",""gerada"":null,""padrao"":null,""tabela"":""itens_checklist"",""esquema"":""public"",""posicao"":8,""comentario"":null,""identidade"":null,""obrigatoria"":false},{""tipo"":""text"",""coluna"":""texto_nc"",""gerada"":null,""padrao"":null,""tabela"":""itens_checklist"",""esquema"":""public"",""posicao"":9,""comentario"":null,""identidade"":null,""obrigatoria"":false},{""tipo"":""text"",""coluna"":""texto_determinacao"",""gerada"":null,""padrao"":null,""tabela"":""itens_checklist"",""esquema"":""public"",""posicao"":10,""comentario"":null,""identidade"":null,""obrigatoria"":false},{""tipo"":""text"",""coluna"":""texto_recomendacao"",""gerada"":null,""padrao"":null,""tabela"":""itens_checklist"",""esquema"":""public"",""posicao"":11,""comentario"":null,""identidade"":null,""obrigatoria"":false},{""tipo"":""integer"",""coluna"":""prazo_dias"",""gerada"":null,""padrao"":""30"",""tabela"":""itens_checklist"",""esquema"":""public"",""posicao"":12,""comentario"":null,""identidade"":null,""obrigatoria"":false},{""tipo"":""boolean"",""coluna"":""ativo"",""gerada"":null,""padrao"":""true"",""tabela"":""itens_checklist"",""esquema"":""public"",""posicao"":13,""comentario"":null,""identidade"":null,""obrigatoria"":false},{""tipo"":""boolean"",""coluna"":""is_sample"",""gerada"":null,""padrao"":""false"",""tabela"":""itens_checklist"",""esquema"":""public"",""posicao"":14,""comentario"":null,""identidade"":null,""obrigatoria"":false},{""tipo"":""uuid"",""coluna"":""created_by_id"",""gerada"":null,""padrao"":null,""tabela"":""itens_checklist"",""esquema"":""public"",""posicao"":15,""comentario"":null,""identidade"":null,""obrigatoria"":false},{""tipo"":""text"",""coluna"":""created_by"",""gerada"":null,""padrao"":null,""tabela"":""itens_checklist"",""esquema"":""public"",""posicao"":16,""comentario"":null,""identidade"":null,""obrigatoria"":false},{""tipo"":""timestamp with time zone"",""coluna"":""created_date"",""gerada"":null,""padrao"":""now()"",""tabela"":""itens_checklist"",""esquema"":""public"",""posicao"":17,""comentario"":null,""identidade"":null,""obrigatoria"":false},{""tipo"":""timestamp with time zone"",""coluna"":""updated_date"",""gerada"":null,""padrao"":""now()"",""tabela"":""itens_checklist"",""esquema"":""public"",""posicao"":18,""comentario"":null,""identidade"":null,""obrigatoria"":false},{""tipo"":""timestamp with time zone"",""coluna"":""created_at"",""gerada"":null,""padrao"":""now()"",""tabela"":""itens_checklist"",""esquema"":""public"",""posicao"":19,""comentario"":null,""identidade"":null,""obrigatoria"":false},{""tipo"":""uuid"",""coluna"":""id"",""gerada"":null,""padrao"":""uuid_generate_v4()"",""tabela"":""julgamentos"",""esquema"":""public"",""posicao"":1,""comentario"":null,""identidade"":null,""obrigatoria"":true},{""tipo"":""uuid"",""coluna"":""parecer_tecnico_id"",""gerada"":null,""padrao"":null,""tabela"":""julgamentos"",""esquema"":""public"",""posicao"":2,""comentario"":null,""identidade"":null,""obrigatoria"":false},{""tipo"":""uuid"",""coluna"":""auto_id"",""gerada"":null,""padrao"":null,""tabela"":""julgamentos"",""esquema"":""public"",""posicao"":3,""comentario"":null,""identidade"":null,""obrigatoria"":false},{""tipo"":""uuid"",""coluna"":""prestador_servico_id"",""gerada"":null,""padrao"":null,""tabela"":""julgamentos"",""esquema"":""public"",""posicao"":4,""comentario"":null,""identidade"":null,""obrigatoria"":false},{""tipo"":""text"",""coluna"":""decisao"",""gerada"":null,""padrao"":null,""tabela"":""julgamentos"",""esquema"":""public"",""posicao"":5,""comentario"":null,""identidade"":null,""obrigatoria"":false},{""tipo"":""numeric(10,2)"",""coluna"":""valor_multa_final"",""gerada"":null,""padrao"":null,""tabela"":""julgamentos"",""esquema"":""public"",""posicao"":6,""comentario"":null,""identidade"":null,""obrigatoria"":false},{""tipo"":""text"",""coluna"":""justificativa_decisao"",""gerada"":null,""padrao"":null,""tabela"":""julgamentos"",""esquema"":""public"",""posicao"":7,""comentario"":null,""identidade"":null,""obrigatoria"":false},{""tipo"":""timestamp with time zone"",""coluna"":""data_julgamento"",""gerada"":null,""padrao"":""now()"",""tabela"":""julgamentos"",""esquema"":""public"",""posicao"":8,""comentario"":null,""identidade"":null,""obrigatoria"":false},{""tipo"":""text"",""coluna"":""status"",""gerada"":null,""padrao"":""'julgado'::text"",""tabela"":""julgamentos"",""esquema"":""public"",""posicao"":9,""comentario"":null,""identidade"":null,""obrigatoria"":false},{""tipo"":""timestamp with time zone"",""coluna"":""created_at"",""gerada"":null,""padrao"":""now()"",""tabela"":""julgamentos"",""esquema"":""public"",""posicao"":10,""comentario"":null,""identidade"":null,""obrigatoria"":false},{""tipo"":""uuid"",""coluna"":""id"",""gerada"":null,""padrao"":""uuid_generate_v4()"",""tabela"":""manifestacoes_auto"",""esquema"":""public"",""posicao"":1,""comentario"":null,""identidade"":null,""obrigatoria"":true},{""tipo"":""uuid"",""coluna"":""auto_infracao_id"",""gerada"":null,""padrao"":null,""tabela"":""manifestacoes_auto"",""esquema"":""public"",""posicao"":2,""comentario"":null,""identidade"":null,""obrigatoria"":false},{""tipo"":""text"",""coluna"":""descricao"",""gerada"":null,""padrao"":null,""tabela"":""manifestacoes_auto"",""esquema"":""public"",""posicao"":3,""comentario"":null,""identidade"":null,""obrigatoria"":false},{""tipo"":""timestamp with time zone"",""coluna"":""data_manifestacao"",""gerada"":null,""padrao"":""now()"",""tabela"":""manifestacoes_auto"",""esquema"":""public"",""posicao"":4,""comentario"":null,""identidade"":null,""obrigatoria"":false},{""tipo"":""text"",""coluna"":""arquivo_url"",""gerada"":null,""padrao"":null,""tabela"":""manifestacoes_auto"",""esquema"":""public"",""posicao"":5,""comentario"":null,""identidade"":null,""obrigatoria"":false},{""tipo"":""timestamp with time zone"",""coluna"":""created_at"",""gerada"":null,""padrao"":""now()"",""tabela"":""manifestacoes_auto"",""esquema"":""public"",""posicao"":6,""comentario"":null,""identidade"":null,""obrigatoria"":false},{""tipo"":""uuid"",""coluna"":""id"",""gerada"":null,""padrao"":""uuid_generate_v4()"",""tabela"":""municipios"",""esquema"":""public"",""posicao"":1,""comentario"":null,""identidade"":null,""obrigatoria"":true},{""tipo"":""text"",""coluna"":""nome"",""gerada"":null,""padrao"":null,""tabela"":""municipios"",""esquema"":""public"",""posicao"":2,""comentario"":null,""identidade"":null,""obrigatoria"":true},{""tipo"":""timestamp with time zone"",""coluna"":""created_at"",""gerada"":null,""padrao"":""now()"",""tabela"":""municipios"",""esquema"":""public"",""posicao"":3,""comentario"":null,""identidade"":null,""obrigatoria"":false},{""tipo"":""text"",""coluna"":""codigo_ibge"",""gerada"":null,""padrao"":null,""tabela"":""municipios"",""esquema"":""public"",""posicao"":4,""comentario"":null,""identidade"":null,""obrigatoria"":false},{""tipo"":""uuid"",""coluna"":""id"",""gerada"":null,""padrao"":""uuid_generate_v4()"",""tabela"":""nao_conformidades"",""esquema"":""public"",""posicao"":1,""comentario"":null,""identidade"":null,""obrigatoria"":true},{""tipo"":""uuid"",""coluna"":""unidade_fiscalizada_id"",""gerada"":null,""padrao"":null,""tabela"":""nao_conformidades"",""esquema"":""public"",""posicao"":2,""comentario"":null,""identidade"":null,""obrigatoria"":false},{""tipo"":""text"",""coluna"":""descricao"",""gerada"":null,""padrao"":null,""tabela"":""nao_conformidades"",""esquema"":""public"",""posicao"":3,""comentario"":null,""identidade"":null,""obrigatoria"":true},{""tipo"":""text"",""coluna"":""gravidade"",""gerada"":null,""padrao"":null,""tabela"":""nao_conformidades"",""esquema"":""public"",""posicao"":4,""comentario"":null,""identidade"":null,""obrigatoria"":false},{""tipo"":""timestamp with time zone"",""coluna"":""created_at"",""gerada"":null,""padrao"":""now()"",""tabela"":""nao_conformidades"",""esquema"":""public"",""posicao"":5,""comentario"":null,""identidade"":null,""obrigatoria"":false},{""tipo"":""uuid"",""coluna"":""resposta_checklist_id"",""gerada"":null,""padrao"":null,""tabela"":""nao_conformidades"",""esquema"":""public"",""posicao"":6,""comentario"":null,""identidade"":null,""obrigatoria"":false},{""tipo"":""jsonb"",""coluna"":""fotos"",""gerada"":null,""padrao"":""'[]'::jsonb"",""tabela"":""nao_conformidades"",""esquema"":""public"",""posicao"":7,""comentario"":null,""identidade"":null,""obrigatoria"":false},{""tipo"":""double precision"",""coluna"":""latitude_foto"",""gerada"":null,""padrao"":null,""tabela"":""nao_conformidades"",""esquema"":""public"",""posicao"":8,""comentario"":null,""identidade"":null,""obrigatoria"":false},{""tipo"":""double precision"",""coluna"":""longitude_foto"",""gerada"":null,""padrao"":null,""tabela"":""nao_conformidades"",""esquema"":""public"",""posicao"":9,""comentario"":null,""identidade"":null,""obrigatoria"":false},{""tipo"":""text"",""coluna"":""numero_nc"",""gerada"":null,""padrao"":null,""tabela"":""nao_conformidades"",""esquema"":""public"",""posicao"":10,""comentario"":null,""identidade"":null,""obrigatoria"":false},{""tipo"":""text"",""coluna"":""artigo_portaria"",""gerada"":null,""padrao"":null,""tabela"":""nao_conformidades"",""esquema"":""public"",""posicao"":11,""comentario"":null,""identidade"":null,""obrigatoria"":false},{""tipo"":""uuid"",""coluna"":""id"",""gerada"":null,""padrao"":""uuid_generate_v4()"",""tabela"":""pareceres_tecnicos"",""esquema"":""public"",""posicao"":1,""comentario"":null,""identidade"":null,""obrigatoria"":true},{""tipo"":""uuid"",""coluna"":""auto_id"",""gerada"":null,""padrao"":null,""tabela"":""pareceres_tecnicos"",""esquema"":""public"",""posicao"":2,""comentario"":null,""identidade"":null,""obrigatoria"":false},{""tipo"":""text"",""coluna"":""recomendacao"",""gerada"":null,""padrao"":null,""tabela"":""pareceres_tecnicos"",""esquema"":""public"",""posicao"":3,""comentario"":null,""identidade"":null,""obrigatoria"":false},{""tipo"":""numeric(10,2)"",""coluna"":""valor_multa_sugerido"",""gerada"":null,""padrao"":null,""tabela"":""pareceres_tecnicos"",""esquema"":""public"",""posicao"":4,""comentario"":null,""identidade"":null,""obrigatoria"":false},{""tipo"":""text"",""coluna"":""analise_tecnica"",""gerada"":null,""padrao"":null,""tabela"":""pareceres_tecnicos"",""esquema"":""public"",""posicao"":5,""comentario"":null,""identidade"":null,""obrigatoria"":false},{""tipo"":""text"",""coluna"":""status"",""gerada"":null,""padrao"":""'pendente'::text"",""tabela"":""pareceres_tecnicos"",""esquema"":""public"",""posicao"":6,""comentario"":null,""identidade"":null,""obrigatoria"":false},{""tipo"":""timestamp with time zone"",""coluna"":""created_at"",""gerada"":null,""padrao"":""now()"",""tabela"":""pareceres_tecnicos"",""esquema"":""public"",""posicao"":7,""comentario"":null,""identidade"":null,""obrigatoria"":false},{""tipo"":""text"",""coluna"":""arquivo_parecer_assinado_url"",""gerada"":null,""padrao"":null,""tabela"":""pareceres_tecnicos"",""esquema"":""public"",""posicao"":8,""comentario"":null,""identidade"":null,""obrigatoria"":false},{""tipo"":""uuid"",""coluna"":""id"",""gerada"":null,""padrao"":""uuid_generate_v4()"",""tabela"":""prestadores_servico"",""esquema"":""public"",""posicao"":1,""comentario"":null,""identidade"":null,""obrigatoria"":true},{""tipo"":""text"",""coluna"":""nome"",""gerada"":null,""padrao"":null,""tabela"":""prestadores_servico"",""esquema"":""public"",""posicao"":2,""comentario"":null,""identidade"":null,""obrigatoria"":true},{""tipo"":""boolean"",""coluna"":""ativo"",""gerada"":null,""padrao"":""true"",""tabela"":""prestadores_servico"",""esquema"":""public"",""posicao"":3,""comentario"":null,""identidade"":null,""obrigatoria"":false},{""tipo"":""timestamp with time zone"",""coluna"":""created_at"",""gerada"":null,""padrao"":""now()"",""tabela"":""prestadores_servico"",""esquema"":""public"",""posicao"":4,""comentario"":null,""identidade"":null,""obrigatoria"":false},{""tipo"":""text"",""coluna"":""razao_social"",""gerada"":null,""padrao"":null,""tabela"":""prestadores_servico"",""esquema"":""public"",""posicao"":5,""comentario"":null,""identidade"":null,""obrigatoria"":false},{""tipo"":""text"",""coluna"":""email_contato"",""gerada"":null,""padrao"":null,""tabela"":""prestadores_servico"",""esquema"":""public"",""posicao"":6,""comentario"":null,""identidade"":null,""obrigatoria"":false},{""tipo"":""text"",""coluna"":""cnpj"",""gerada"":null,""padrao"":null,""tabela"":""prestadores_servico"",""esquema"":""public"",""posicao"":7,""comentario"":null,""identidade"":null,""obrigatoria"":false},{""tipo"":""text"",""coluna"":""responsavel"",""gerada"":null,""padrao"":null,""tabela"":""prestadores_servico"",""esquema"":""public"",""posicao"":8,""comentario"":null,""identidade"":null,""obrigatoria"":false},{""tipo"":""text"",""coluna"":""cargo"",""gerada"":null,""padrao"":null,""tabela"":""prestadores_servico"",""esquema"":""public"",""posicao"":9,""comentario"":null,""identidade"":null,""obrigatoria"":false},{""tipo"":""text"",""coluna"":""tipo"",""gerada"":null,""padrao"":null,""tabela"":""prestadores_servico"",""esquema"":""public"",""posicao"":10,""comentario"":null,""identidade"":null,""obrigatoria"":false},{""tipo"":""jsonb"",""coluna"":""documentos"",""gerada"":null,""padrao"":""'[]'::jsonb"",""tabela"":""prestadores_servico"",""esquema"":""public"",""posicao"":11,""comentario"":null,""identidade"":null,""obrigatoria"":false},{""tipo"":""text"",""coluna"":""endereco"",""gerada"":null,""padrao"":null,""tabela"":""prestadores_servico"",""esquema"":""public"",""posicao"":12,""comentario"":null,""identidade"":null,""obrigatoria"":false},{""tipo"":""text"",""coluna"":""cidade"",""gerada"":null,""padrao"":null,""tabela"":""prestadores_servico"",""esquema"":""public"",""posicao"":13,""comentario"":null,""identidade"":null,""obrigatoria"":false},{""tipo"":""text"",""coluna"":""telefone"",""gerada"":null,""padrao"":null,""tabela"":""prestadores_servico"",""esquema"":""public"",""posicao"":14,""comentario"":null,""identidade"":null,""obrigatoria"":false},{""tipo"":""uuid"",""coluna"":""user_id"",""gerada"":null,""padrao"":null,""tabela"":""prestadores_servico"",""esquema"":""public"",""posicao"":15,""comentario"":null,""identidade"":null,""obrigatoria"":false},{""tipo"":""timestamp with time zone"",""coluna"":""updated_at"",""gerada"":null,""padrao"":""now()"",""tabela"":""prestadores_servico"",""esquema"":""public"",""posicao"":16,""comentario"":null,""identidade"":null,""obrigatoria"":false},{""tipo"":""text"",""coluna"":""tipo_entidade"",""gerada"":null,""padrao"":""'Concessionária'::text"",""tabela"":""prestadores_servico"",""esquema"":""public"",""posicao"":17,""comentario"":null,""identidade"":null,""obrigatoria"":true},{""tipo"":""text[]"",""coluna"":""tipo_servico"",""gerada"":null,""padrao"":""'{}'::text[]"",""tabela"":""prestadores_servico"",""esquema"":""public"",""posicao"":18,""comentario"":null,""identidade"":null,""obrigatoria"":false},{""tipo"":""text"",""coluna"":""logo_url"",""gerada"":null,""padrao"":null,""tabela"":""prestadores_servico"",""esquema"":""public"",""posicao"":19,""comentario"":null,""identidade"":null,""obrigatoria"":false},{""tipo"":""text"",""coluna"":""status"",""gerada"":null,""padrao"":""'ativa'::text"",""tabela"":""prestadores_servico"",""esquema"":""public"",""posicao"":20,""comentario"":null,""identidade"":null,""obrigatoria"":true},{""tipo"":""text"",""coluna"":""website"",""gerada"":null,""padrao"":null,""tabela"":""prestadores_servico"",""esquema"":""public"",""posicao"":21,""comentario"":null,""identidade"":null,""obrigatoria"":false},{""tipo"":""text"",""coluna"":""estado"",""gerada"":null,""padrao"":""'MS'::text"",""tabela"":""prestadores_servico"",""esquema"":""public"",""posicao"":22,""comentario"":null,""identidade"":null,""obrigatoria"":false},{""tipo"":""text"",""coluna"":""cep"",""gerada"":null,""padrao"":""'79000-000'::text"",""tabela"":""prestadores_servico"",""esquema"":""public"",""posicao"":23,""comentario"":null,""identidade"":null,""obrigatoria"":false},{""tipo"":""text"",""coluna"":""observacoes"",""gerada"":null,""padrao"":null,""tabela"":""prestadores_servico"",""esquema"":""public"",""posicao"":24,""comentario"":null,""identidade"":null,""obrigatoria"":false},{""tipo"":""uuid"",""coluna"":""id"",""gerada"":null,""padrao"":null,""tabela"":""profiles"",""esquema"":""public"",""posicao"":1,""comentario"":null,""identidade"":null,""obrigatoria"":true},{""tipo"":""text"",""coluna"":""email"",""gerada"":null,""padrao"":null,""tabela"":""profiles"",""esquema"":""public"",""posicao"":2,""comentario"":null,""identidade"":null,""obrigatoria"":false},{""tipo"":""text"",""coluna"":""full_name"",""gerada"":null,""padrao"":null,""tabela"":""profiles"",""esquema"":""public"",""posicao"":3,""comentario"":null,""identidade"":null,""obrigatoria"":false},{""tipo"":""text"",""coluna"":""role"",""gerada"":null,""padrao"":""'user'::text"",""tabela"":""profiles"",""esquema"":""public"",""posicao"":4,""comentario"":null,""identidade"":null,""obrigatoria"":false},{""tipo"":""boolean"",""coluna"":""ativo"",""gerada"":null,""padrao"":""true"",""tabela"":""profiles"",""esquema"":""public"",""posicao"":5,""comentario"":null,""identidade"":null,""obrigatoria"":false},{""tipo"":""timestamp with time zone"",""coluna"":""created_at"",""gerada"":null,""padrao"":""now()"",""tabela"":""profiles"",""esquema"":""public"",""posicao"":6,""comentario"":null,""identidade"":null,""obrigatoria"":false},{""tipo"":""timestamp with time zone"",""coluna"":""updated_at"",""gerada"":null,""padrao"":""now()"",""tabela"":""profiles"",""esquema"":""public"",""posicao"":7,""comentario"":null,""identidade"":null,""obrigatoria"":false},{""tipo"":""uuid"",""coluna"":""prestador_servico_id"",""gerada"":null,""padrao"":null,""tabela"":""profiles"",""esquema"":""public"",""posicao"":8,""comentario"":null,""identidade"":null,""obrigatoria"":false},{""tipo"":""text"",""coluna"":""diretoria_id"",""gerada"":null,""padrao"":""'dsb'::text"",""tabela"":""profiles"",""esquema"":""public"",""posicao"":9,""comentario"":null,""identidade"":null,""obrigatoria"":false},{""tipo"":""text"",""coluna"":""camara_tecnica_id"",""gerada"":null,""padrao"":null,""tabela"":""profiles"",""esquema"":""public"",""posicao"":10,""comentario"":null,""identidade"":null,""obrigatoria"":false},{""tipo"":""uuid"",""coluna"":""id"",""gerada"":null,""padrao"":""uuid_generate_v4()"",""tabela"":""recomendacoes"",""esquema"":""public"",""posicao"":1,""comentario"":null,""identidade"":null,""obrigatoria"":true},{""tipo"":""uuid"",""coluna"":""unidade_fiscalizada_id"",""gerada"":null,""padrao"":null,""tabela"":""recomendacoes"",""esquema"":""public"",""posicao"":2,""comentario"":null,""identidade"":null,""obrigatoria"":false},{""tipo"":""text"",""coluna"":""descricao"",""gerada"":null,""padrao"":null,""tabela"":""recomendacoes"",""esquema"":""public"",""posicao"":3,""comentario"":null,""identidade"":null,""obrigatoria"":true},{""tipo"":""timestamp with time zone"",""coluna"":""created_at"",""gerada"":null,""padrao"":""now()"",""tabela"":""recomendacoes"",""esquema"":""public"",""posicao"":4,""comentario"":null,""identidade"":null,""obrigatoria"":false},{""tipo"":""text"",""coluna"":""numero_recomendacao"",""gerada"":null,""padrao"":null,""tabela"":""recomendacoes"",""esquema"":""public"",""posicao"":5,""comentario"":null,""identidade"":null,""obrigatoria"":false},{""tipo"":""text"",""coluna"":""origem"",""gerada"":null,""padrao"":""'checklist'::text"",""tabela"":""recomendacoes"",""esquema"":""public"",""posicao"":6,""comentario"":null,""identidade"":null,""obrigatoria"":false},{""tipo"":""timestamp with time zone"",""coluna"":""updated_at"",""gerada"":null,""padrao"":""now()"",""tabela"":""recomendacoes"",""esquema"":""public"",""posicao"":7,""comentario"":null,""identidade"":null,""obrigatoria"":false},{""tipo"":""uuid"",""coluna"":""id"",""gerada"":null,""padrao"":""uuid_generate_v4()"",""tabela"":""relatorios_jobs"",""esquema"":""public"",""posicao"":1,""comentario"":null,""identidade"":null,""obrigatoria"":true},{""tipo"":""uuid"",""coluna"":""fiscalizacao_id"",""gerada"":null,""padrao"":null,""tabela"":""relatorios_jobs"",""esquema"":""public"",""posicao"":2,""comentario"":null,""identidade"":null,""obrigatoria"":true},{""tipo"":""uuid"",""coluna"":""requested_by"",""gerada"":null,""padrao"":null,""tabela"":""relatorios_jobs"",""esquema"":""public"",""posicao"":3,""comentario"":null,""identidade"":null,""obrigatoria"":false},{""tipo"":""text"",""coluna"":""status"",""gerada"":null,""padrao"":""'queued'::text"",""tabela"":""relatorios_jobs"",""esquema"":""public"",""posicao"":4,""comentario"":null,""identidade"":null,""obrigatoria"":true},{""tipo"":""integer"",""coluna"":""progress_unidades"",""gerada"":null,""padrao"":""0"",""tabela"":""relatorios_jobs"",""esquema"":""public"",""posicao"":5,""comentario"":null,""identidade"":null,""obrigatoria"":true},{""tipo"":""integer"",""coluna"":""progress_fotos"",""gerada"":null,""padrao"":""0"",""tabela"":""relatorios_jobs"",""esquema"":""public"",""posicao"":6,""comentario"":null,""identidade"":null,""obrigatoria"":true},{""tipo"":""text"",""coluna"":""error_message"",""gerada"":null,""padrao"":null,""tabela"":""relatorios_jobs"",""esquema"":""public"",""posicao"":7,""comentario"":null,""identidade"":null,""obrigatoria"":false},{""tipo"":""text"",""coluna"":""storage_path"",""gerada"":null,""padrao"":null,""tabela"":""relatorios_jobs"",""esquema"":""public"",""posicao"":8,""comentario"":null,""identidade"":null,""obrigatoria"":false},{""tipo"":""timestamp with time zone"",""coluna"":""created_at"",""gerada"":null,""padrao"":""now()"",""tabela"":""relatorios_jobs"",""esquema"":""public"",""posicao"":9,""comentario"":null,""identidade"":null,""obrigatoria"":true},{""tipo"":""timestamp with time zone"",""coluna"":""updated_at"",""gerada"":null,""padrao"":""now()"",""tabela"":""relatorios_jobs"",""esquema"":""public"",""posicao"":10,""comentario"":null,""identidade"":null,""obrigatoria"":true},{""tipo"":""integer"",""coluna"":""parts_count"",""gerada"":null,""padrao"":""1"",""tabela"":""relatorios_jobs"",""esquema"":""public"",""posicao"":11,""comentario"":null,""identidade"":null,""obrigatoria"":true},{""tipo"":""uuid"",""coluna"":""id"",""gerada"":null,""padrao"":""uuid_generate_v4()"",""tabela"":""remessas_ai"",""esquema"":""public"",""posicao"":1,""comentario"":null,""identidade"":null,""obrigatoria"":true},{""tipo"":""uuid"",""coluna"":""termo_id"",""gerada"":null,""padrao"":null,""tabela"":""remessas_ai"",""esquema"":""public"",""posicao"":2,""comentario"":null,""identidade"":null,""obrigatoria"":false},{""tipo"":""uuid"",""coluna"":""fiscalizacao_id"",""gerada"":null,""padrao"":null,""tabela"":""remessas_ai"",""esquema"":""public"",""posicao"":3,""comentario"":null,""identidade"":null,""obrigatoria"":false},{""tipo"":""uuid"",""coluna"":""prestador_servico_id"",""gerada"":null,""padrao"":null,""tabela"":""remessas_ai"",""esquema"":""public"",""posicao"":4,""comentario"":null,""identidade"":null,""obrigatoria"":false},{""tipo"":""text"",""coluna"":""numero_rfp"",""gerada"":null,""padrao"":null,""tabela"":""remessas_ai"",""esquema"":""public"",""posicao"":5,""comentario"":null,""identidade"":null,""obrigatoria"":false},{""tipo"":""text"",""coluna"":""numero_tn"",""gerada"":null,""padrao"":null,""tabela"":""remessas_ai"",""esquema"":""public"",""posicao"":6,""comentario"":null,""identidade"":null,""obrigatoria"":false},{""tipo"":""text"",""coluna"":""status"",""gerada"":null,""padrao"":""'preparada'::text"",""tabela"":""remessas_ai"",""esquema"":""public"",""posicao"":7,""comentario"":null,""identidade"":null,""obrigatoria"":false},{""tipo"":""text"",""coluna"":""arquivo_lista_pdf_url"",""gerada"":null,""padrao"":null,""tabela"":""remessas_ai"",""esquema"":""public"",""posicao"":8,""comentario"":null,""identidade"":null,""obrigatoria"":false},{""tipo"":""text"",""coluna"":""arquivo_recebimento_assinado_url"",""gerada"":null,""padrao"":null,""tabela"":""remessas_ai"",""esquema"":""public"",""posicao"":9,""comentario"":null,""identidade"":null,""obrigatoria"":false},{""tipo"":""text"",""coluna"":""arquivo_oficio_defesa_url"",""gerada"":null,""padrao"":null,""tabela"":""remessas_ai"",""esquema"":""public"",""posicao"":10,""comentario"":null,""identidade"":null,""obrigatoria"":false},{""tipo"":""text"",""coluna"":""arquivo_parecer_assinado_url"",""gerada"":null,""padrao"":null,""tabela"":""remessas_ai"",""esquema"":""public"",""posicao"":11,""comentario"":null,""identidade"":null,""obrigatoria"":false},{""tipo"":""timestamp with time zone"",""coluna"":""criada_em"",""gerada"":null,""padrao"":""now()"",""tabela"":""remessas_ai"",""esquema"":""public"",""posicao"":12,""comentario"":null,""identidade"":null,""obrigatoria"":false},{""tipo"":""timestamp with time zone"",""coluna"":""enviada_em"",""gerada"":null,""padrao"":null,""tabela"":""remessas_ai"",""esquema"":""public"",""posicao"":13,""comentario"":null,""identidade"":null,""obrigatoria"":false},{""tipo"":""timestamp with time zone"",""coluna"":""recebida_em"",""gerada"":null,""padrao"":null,""tabela"":""remessas_ai"",""esquema"":""public"",""posicao"":14,""comentario"":null,""identidade"":null,""obrigatoria"":false},{""tipo"":""timestamp with time zone"",""coluna"":""defesa_enviada_em"",""gerada"":null,""padrao"":null,""tabela"":""remessas_ai"",""esquema"":""public"",""posicao"":15,""comentario"":null,""identidade"":null,""obrigatoria"":false},{""tipo"":""timestamp with time zone"",""coluna"":""parecer_enviado_em"",""gerada"":null,""padrao"":null,""tabela"":""remessas_ai"",""esquema"":""public"",""posicao"":16,""comentario"":null,""identidade"":null,""obrigatoria"":false},{""tipo"":""timestamp with time zone"",""coluna"":""updated_at"",""gerada"":null,""padrao"":""now()"",""tabela"":""remessas_ai"",""esquema"":""public"",""posicao"":17,""comentario"":null,""identidade"":null,""obrigatoria"":false},{""tipo"":""text"",""coluna"":""camara_tecnica_id"",""gerada"":null,""padrao"":null,""tabela"":""remessas_ai"",""esquema"":""public"",""posicao"":18,""comentario"":null,""identidade"":null,""obrigatoria"":false},{""tipo"":""uuid"",""coluna"":""id"",""gerada"":null,""padrao"":""uuid_generate_v4()"",""tabela"":""remessas_ai_itens"",""esquema"":""public"",""posicao"":1,""comentario"":null,""identidade"":null,""obrigatoria"":true},{""tipo"":""uuid"",""coluna"":""remessa_ai_id"",""gerada"":null,""padrao"":null,""tabela"":""remessas_ai_itens"",""esquema"":""public"",""posicao"":2,""comentario"":null,""identidade"":null,""obrigatoria"":false},{""tipo"":""uuid"",""coluna"":""auto_infracao_id"",""gerada"":null,""padrao"":null,""tabela"":""remessas_ai_itens"",""esquema"":""public"",""posicao"":3,""comentario"":null,""identidade"":null,""obrigatoria"":false},{""tipo"":""timestamp with time zone"",""coluna"":""created_at"",""gerada"":null,""padrao"":""now()"",""tabela"":""remessas_ai_itens"",""esquema"":""public"",""posicao"":4,""comentario"":null,""identidade"":null,""obrigatoria"":false},{""tipo"":""uuid"",""coluna"":""id"",""gerada"":null,""padrao"":""uuid_generate_v4()"",""tabela"":""respostas_checklist"",""esquema"":""public"",""posicao"":1,""comentario"":null,""identidade"":null,""obrigatoria"":true},{""tipo"":""uuid"",""coluna"":""unidade_fiscalizada_id"",""gerada"":null,""padrao"":null,""tabela"":""respostas_checklist"",""esquema"":""public"",""posicao"":2,""comentario"":null,""identidade"":null,""obrigatoria"":false},{""tipo"":""text"",""coluna"":""pergunta"",""gerada"":null,""padrao"":null,""tabela"":""respostas_checklist"",""esquema"":""public"",""posicao"":3,""comentario"":null,""identidade"":null,""obrigatoria"":true},{""tipo"":""text"",""coluna"":""resposta"",""gerada"":null,""padrao"":null,""tabela"":""respostas_checklist"",""esquema"":""public"",""posicao"":4,""comentario"":null,""identidade"":null,""obrigatoria"":false},{""tipo"":""text"",""coluna"":""comentario"",""gerada"":null,""padrao"":null,""tabela"":""respostas_checklist"",""esquema"":""public"",""posicao"":5,""comentario"":null,""identidade"":null,""obrigatoria"":false},{""tipo"":""timestamp with time zone"",""coluna"":""created_at"",""gerada"":null,""padrao"":""now()"",""tabela"":""respostas_checklist"",""esquema"":""public"",""posicao"":6,""comentario"":null,""identidade"":null,""obrigatoria"":false},{""tipo"":""text"",""coluna"":""numero_constatacao"",""gerada"":null,""padrao"":null,""tabela"":""respostas_checklist"",""esquema"":""public"",""posicao"":7,""comentario"":null,""identidade"":null,""obrigatoria"":false},{""tipo"":""boolean"",""coluna"":""gera_nc"",""gerada"":null,""padrao"":""false"",""tabela"":""respostas_checklist"",""esquema"":""public"",""posicao"":8,""comentario"":null,""identidade"":null,""obrigatoria"":false},{""tipo"":""text"",""coluna"":""observacao"",""gerada"":null,""padrao"":null,""tabela"":""respostas_checklist"",""esquema"":""public"",""posicao"":9,""comentario"":null,""identidade"":null,""obrigatoria"":false},{""tipo"":""uuid"",""coluna"":""item_checklist_id"",""gerada"":null,""padrao"":null,""tabela"":""respostas_checklist"",""esquema"":""public"",""posicao"":10,""comentario"":null,""identidade"":null,""obrigatoria"":false},{""tipo"":""timestamp with time zone"",""coluna"":""updated_at"",""gerada"":null,""padrao"":""now()"",""tabela"":""respostas_checklist"",""esquema"":""public"",""posicao"":11,""comentario"":null,""identidade"":null,""obrigatoria"":false},{""tipo"":""uuid"",""coluna"":""id"",""gerada"":null,""padrao"":""uuid_generate_v4()"",""tabela"":""respostas_determinacao"",""esquema"":""public"",""posicao"":1,""comentario"":null,""identidade"":null,""obrigatoria"":true},{""tipo"":""uuid"",""coluna"":""determinacao_id"",""gerada"":null,""padrao"":null,""tabela"":""respostas_determinacao"",""esquema"":""public"",""posicao"":2,""comentario"":null,""identidade"":null,""obrigatoria"":false},{""tipo"":""uuid"",""coluna"":""unidade_fiscalizada_id"",""gerada"":null,""padrao"":null,""tabela"":""respostas_determinacao"",""esquema"":""public"",""posicao"":3,""comentario"":null,""identidade"":null,""obrigatoria"":false},{""tipo"":""uuid"",""coluna"":""fiscalizacao_id"",""gerada"":null,""padrao"":null,""tabela"":""respostas_determinacao"",""esquema"":""public"",""posicao"":4,""comentario"":null,""identidade"":null,""obrigatoria"":false},{""tipo"":""uuid"",""coluna"":""prestador_servico_id"",""gerada"":null,""padrao"":null,""tabela"":""respostas_determinacao"",""esquema"":""public"",""posicao"":5,""comentario"":null,""identidade"":null,""obrigatoria"":false},{""tipo"":""text"",""coluna"":""resposta"",""gerada"":null,""padrao"":null,""tabela"":""respostas_determinacao"",""esquema"":""public"",""posicao"":6,""comentario"":null,""identidade"":null,""obrigatoria"":false},{""tipo"":""text"",""coluna"":""status"",""gerada"":null,""padrao"":null,""tabela"":""respostas_determinacao"",""esquema"":""public"",""posicao"":7,""comentario"":null,""identidade"":null,""obrigatoria"":false},{""tipo"":""text"",""coluna"":""manifestacao_prestador"",""gerada"":null,""padrao"":null,""tabela"":""respostas_determinacao"",""esquema"":""public"",""posicao"":8,""comentario"":null,""identidade"":null,""obrigatoria"":false},{""tipo"":""text"",""coluna"":""descricao_atendimento"",""gerada"":null,""padrao"":null,""tabela"":""respostas_determinacao"",""esquema"":""public"",""posicao"":9,""comentario"":null,""identidade"":null,""obrigatoria"":false},{""tipo"":""boolean"",""coluna"":""dentro_prazo"",""gerada"":null,""padrao"":null,""tabela"":""respostas_determinacao"",""esquema"":""public"",""posicao"":10,""comentario"":null,""identidade"":null,""obrigatoria"":false},{""tipo"":""text"",""coluna"":""tipo_resposta"",""gerada"":null,""padrao"":null,""tabela"":""respostas_determinacao"",""esquema"":""public"",""posicao"":11,""comentario"":null,""identidade"":null,""obrigatoria"":false},{""tipo"":""timestamp with time zone"",""coluna"":""data_resposta"",""gerada"":null,""padrao"":""now()"",""tabela"":""respostas_determinacao"",""esquema"":""public"",""posicao"":12,""comentario"":null,""identidade"":null,""obrigatoria"":false},{""tipo"":""timestamp with time zone"",""coluna"":""created_at"",""gerada"":null,""padrao"":""now()"",""tabela"":""respostas_determinacao"",""esquema"":""public"",""posicao"":13,""comentario"":null,""identidade"":null,""obrigatoria"":false},{""tipo"":""jsonb"",""coluna"":""evidencias"",""gerada"":null,""padrao"":""'[]'::jsonb"",""tabela"":""respostas_determinacao"",""esquema"":""public"",""posicao"":14,""comentario"":null,""identidade"":null,""obrigatoria"":false},{""tipo"":""uuid"",""coluna"":""id"",""gerada"":null,""padrao"":""uuid_generate_v4()"",""tabela"":""termos_notificacao"",""esquema"":""public"",""posicao"":1,""comentario"":null,""identidade"":null,""obrigatoria"":true},{""tipo"":""text"",""coluna"":""numero_termo_notificacao"",""gerada"":null,""padrao"":null,""tabela"":""termos_notificacao"",""esquema"":""public"",""posicao"":2,""comentario"":null,""identidade"":null,""obrigatoria"":false},{""tipo"":""text"",""coluna"":""numero_rfp"",""gerada"":null,""padrao"":null,""tabela"":""termos_notificacao"",""esquema"":""public"",""posicao"":3,""comentario"":null,""identidade"":null,""obrigatoria"":false},{""tipo"":""uuid"",""coluna"":""municipio_id"",""gerada"":null,""padrao"":null,""tabela"":""termos_notificacao"",""esquema"":""public"",""posicao"":4,""comentario"":null,""identidade"":null,""obrigatoria"":false},{""tipo"":""uuid"",""coluna"":""prestador_servico_id"",""gerada"":null,""padrao"":null,""tabela"":""termos_notificacao"",""esquema"":""public"",""posicao"":5,""comentario"":null,""identidade"":null,""obrigatoria"":false},{""tipo"":""uuid"",""coluna"":""fiscalizacao_id"",""gerada"":null,""padrao"":null,""tabela"":""termos_notificacao"",""esquema"":""public"",""posicao"":6,""comentario"":null,""identidade"":null,""obrigatoria"":false},{""tipo"":""text"",""coluna"":""numero_processo"",""gerada"":null,""padrao"":null,""tabela"":""termos_notificacao"",""esquema"":""public"",""posicao"":7,""comentario"":null,""identidade"":null,""obrigatoria"":false},{""tipo"":""text"",""coluna"":""camara_tecnica"",""gerada"":null,""padrao"":null,""tabela"":""termos_notificacao"",""esquema"":""public"",""posicao"":8,""comentario"":null,""identidade"":null,""obrigatoria"":false},{""tipo"":""date"",""coluna"":""data_protocolo"",""gerada"":null,""padrao"":null,""tabela"":""termos_notificacao"",""esquema"":""public"",""posicao"":9,""comentario"":null,""identidade"":null,""obrigatoria"":false},{""tipo"":""integer"",""coluna"":""prazo_resposta_dias"",""gerada"":null,""padrao"":""30"",""tabela"":""termos_notificacao"",""esquema"":""public"",""posicao"":10,""comentario"":null,""identidade"":null,""obrigatoria"":false},{""tipo"":""text"",""coluna"":""observacoes"",""gerada"":null,""padrao"":null,""tabela"":""termos_notificacao"",""esquema"":""public"",""posicao"":11,""comentario"":null,""identidade"":null,""obrigatoria"":false},{""tipo"":""text"",""coluna"":""arquivo_url"",""gerada"":null,""padrao"":null,""tabela"":""termos_notificacao"",""esquema"":""public"",""posicao"":12,""comentario"":null,""identidade"":null,""obrigatoria"":false},{""tipo"":""text"",""coluna"":""arquivo_protocolo_url"",""gerada"":null,""padrao"":null,""tabela"":""termos_notificacao"",""esquema"":""public"",""posicao"":13,""comentario"":null,""identidade"":null,""obrigatoria"":false},{""tipo"":""text"",""coluna"":""arquivo_oficio_protocolo"",""gerada"":null,""padrao"":null,""tabela"":""termos_notificacao"",""esquema"":""public"",""posicao"":14,""comentario"":null,""identidade"":null,""obrigatoria"":false},{""tipo"":""date"",""coluna"":""data_maxima_resposta"",""gerada"":null,""padrao"":null,""tabela"":""termos_notificacao"",""esquema"":""public"",""posicao"":15,""comentario"":null,""identidade"":null,""obrigatoria"":false},{""tipo"":""timestamp with time zone"",""coluna"":""data_geracao"",""gerada"":null,""padrao"":""now()"",""tabela"":""termos_notificacao"",""esquema"":""public"",""posicao"":16,""comentario"":null,""identidade"":null,""obrigatoria"":false},{""tipo"":""date"",""coluna"":""data_recebimento_resposta"",""gerada"":null,""padrao"":null,""tabela"":""termos_notificacao"",""esquema"":""public"",""posicao"":17,""comentario"":null,""identidade"":null,""obrigatoria"":false},{""tipo"":""boolean"",""coluna"":""recebida_no_prazo"",""gerada"":null,""padrao"":null,""tabela"":""termos_notificacao"",""esquema"":""public"",""posicao"":18,""comentario"":null,""identidade"":null,""obrigatoria"":false},{""tipo"":""jsonb"",""coluna"":""arquivos_resposta"",""gerada"":null,""padrao"":""'[]'::jsonb"",""tabela"":""termos_notificacao"",""esquema"":""public"",""posicao"":19,""comentario"":null,""identidade"":null,""obrigatoria"":false},{""tipo"":""text"",""coluna"":""arquivo_oficio_resposta"",""gerada"":null,""padrao"":null,""tabela"":""termos_notificacao"",""esquema"":""public"",""posicao"":20,""comentario"":null,""identidade"":null,""obrigatoria"":false},{""tipo"":""text"",""coluna"":""numero_am"",""gerada"":null,""padrao"":null,""tabela"":""termos_notificacao"",""esquema"":""public"",""posicao"":21,""comentario"":null,""identidade"":null,""obrigatoria"":false},{""tipo"":""text"",""coluna"":""status"",""gerada"":null,""padrao"":""'pendente_tn'::text"",""tabela"":""termos_notificacao"",""esquema"":""public"",""posicao"":22,""comentario"":null,""identidade"":null,""obrigatoria"":false},{""tipo"":""timestamp with time zone"",""coluna"":""created_at"",""gerada"":null,""padrao"":""now()"",""tabela"":""termos_notificacao"",""esquema"":""public"",""posicao"":23,""comentario"":null,""identidade"":null,""obrigatoria"":false},{""tipo"":""timestamp with time zone"",""coluna"":""updated_at"",""gerada"":null,""padrao"":""now()"",""tabela"":""termos_notificacao"",""esquema"":""public"",""posicao"":24,""comentario"":null,""identidade"":null,""obrigatoria"":false},{""tipo"":""text"",""coluna"":""arquivo_rfp_url"",""gerada"":null,""padrao"":null,""tabela"":""termos_notificacao"",""esquema"":""public"",""posicao"":25,""comentario"":null,""identidade"":null,""obrigatoria"":false},{""tipo"":""text"",""coluna"":""arquivo_tn_prestador_url"",""gerada"":null,""padrao"":null,""tabela"":""termos_notificacao"",""esquema"":""public"",""posicao"":26,""comentario"":null,""identidade"":null,""obrigatoria"":false},{""tipo"":""boolean"",""coluna"":""assinatura_prestador_valida"",""gerada"":null,""padrao"":""false"",""tabela"":""termos_notificacao"",""esquema"":""public"",""posicao"":27,""comentario"":null,""identidade"":null,""obrigatoria"":false},{""tipo"":""timestamp with time zone"",""coluna"":""data_assinatura_prestador"",""gerada"":null,""padrao"":null,""tabela"":""termos_notificacao"",""esquema"":""public"",""posicao"":28,""comentario"":null,""identidade"":null,""obrigatoria"":false},{""tipo"":""date"",""coluna"":""data_inicio_prazo"",""gerada"":null,""padrao"":null,""tabela"":""termos_notificacao"",""esquema"":""public"",""posicao"":29,""comentario"":null,""identidade"":null,""obrigatoria"":false},{""tipo"":""boolean"",""coluna"":""fluxo_manual"",""gerada"":null,""padrao"":""false"",""tabela"":""termos_notificacao"",""esquema"":""public"",""posicao"":30,""comentario"":null,""identidade"":null,""obrigatoria"":false},{""tipo"":""text"",""coluna"":""arquivo_am_assinada_url"",""gerada"":null,""padrao"":null,""tabela"":""termos_notificacao"",""esquema"":""public"",""posicao"":31,""comentario"":null,""identidade"":null,""obrigatoria"":false},{""tipo"":""timestamp with time zone"",""coluna"":""am_concluida_em"",""gerada"":null,""padrao"":null,""tabela"":""termos_notificacao"",""esquema"":""public"",""posicao"":32,""comentario"":null,""identidade"":null,""obrigatoria"":false},{""tipo"":""text"",""coluna"":""tipo_relatorio"",""gerada"":null,""padrao"":""'RFP'::text"",""tabela"":""termos_notificacao"",""esquema"":""public"",""posicao"":33,""comentario"":null,""identidade"":null,""obrigatoria"":true},{""tipo"":""integer"",""coluna"":""ano_geracao"",""gerada"":null,""padrao"":""(EXTRACT(year FROM now()))::integer"",""tabela"":""termos_notificacao"",""esquema"":""public"",""posicao"":34,""comentario"":null,""identidade"":null,""obrigatoria"":false},{""tipo"":""text"",""coluna"":""arquivo_resposta_url"",""gerada"":null,""padrao"":null,""tabela"":""termos_notificacao"",""esquema"":""public"",""posicao"":35,""comentario"":null,""identidade"":null,""obrigatoria"":false},{""tipo"":""uuid"",""coluna"":""id"",""gerada"":null,""padrao"":""gen_random_uuid()"",""tabela"":""tipos_ocorrencia_dtr"",""esquema"":""public"",""posicao"":1,""comentario"":null,""identidade"":null,""obrigatoria"":true},{""tipo"":""text"",""coluna"":""nome"",""gerada"":null,""padrao"":null,""tabela"":""tipos_ocorrencia_dtr"",""esquema"":""public"",""posicao"":2,""comentario"":null,""identidade"":null,""obrigatoria"":true},{""tipo"":""boolean"",""coluna"":""gera_nc"",""gerada"":null,""padrao"":""false"",""tabela"":""tipos_ocorrencia_dtr"",""esquema"":""public"",""posicao"":3,""comentario"":""Indica se este tipo de ocorrência gera não conformidade automática."",""identidade"":null,""obrigatoria"":true},{""tipo"":""text"",""coluna"":""item_contrato"",""gerada"":null,""padrao"":null,""tabela"":""tipos_ocorrencia_dtr"",""esquema"":""public"",""posicao"":4,""comentario"":""Seção do PER (ex: \""3.1.2 Sinalização e Elementos de Proteção e Segurança\"")."",""identidade"":null,""obrigatoria"":false},{""tipo"":""text"",""coluna"":""descricao"",""gerada"":null,""padrao"":null,""tabela"":""tipos_ocorrencia_dtr"",""esquema"":""public"",""posicao"":5,""comentario"":""Texto descritivo para a coluna DESCRIÇÃO do relatório de constatações (quando não gera NC)."",""identidade"":null,""obrigatoria"":false},{""tipo"":""boolean"",""coluna"":""ativo"",""gerada"":null,""padrao"":""true"",""tabela"":""tipos_ocorrencia_dtr"",""esquema"":""public"",""posicao"":6,""comentario"":null,""identidade"":null,""obrigatoria"":true},{""tipo"":""timestamp with time zone"",""coluna"":""created_at"",""gerada"":null,""padrao"":""now()"",""tabela"":""tipos_ocorrencia_dtr"",""esquema"":""public"",""posicao"":7,""comentario"":null,""identidade"":null,""obrigatoria"":false},{""tipo"":""timestamp with time zone"",""coluna"":""updated_at"",""gerada"":null,""padrao"":""now()"",""tabela"":""tipos_ocorrencia_dtr"",""esquema"":""public"",""posicao"":8,""comentario"":null,""identidade"":null,""obrigatoria"":false},{""tipo"":""text"",""coluna"":""nao_atendimento"",""gerada"":null,""padrao"":null,""tabela"":""tipos_ocorrencia_dtr"",""esquema"":""public"",""posicao"":9,""comentario"":""Cláusula/parâmetro específico do PER que não está sendo cumprido (coluna NÃO ATENDIMENTO no relatório)."",""identidade"":null,""obrigatoria"":false},{""tipo"":""integer"",""coluna"":""prazo_dias_padrao"",""gerada"":null,""padrao"":null,""tabela"":""tipos_ocorrencia_dtr"",""esquema"":""public"",""posicao"":10,""comentario"":""Prazo padrão (dias) para sanar a não conformidade."",""identidade"":null,""obrigatoria"":false},{""tipo"":""text"",""coluna"":""observacoes"",""gerada"":null,""padrao"":null,""tabela"":""tipos_ocorrencia_dtr"",""esquema"":""public"",""posicao"":11,""comentario"":""Observação-padrão que pode aparecer em ambas as tabelas: constatações e não conformidades."",""identidade"":null,""obrigatoria"":false},{""tipo"":""text"",""coluna"":""frente"",""gerada"":null,""padrao"":null,""tabela"":""tipos_ocorrencia_dtr"",""esquema"":""public"",""posicao"":12,""comentario"":""Frente da concessão (ex: RECUPERAÇÃO E MANUTENÇÃO, SERVIÇOS OPERACIONAIS, CONSERVAÇÃO)."",""identidade"":null,""obrigatoria"":false},{""tipo"":""text"",""coluna"":""rodovia"",""gerada"":null,""padrao"":null,""tabela"":""tipos_ocorrencia_dtr"",""esquema"":""public"",""posicao"":13,""comentario"":""Rodovia à qual o tipo de ocorrência se aplica (ex: \""112\"", \""306\"", \""40\""). NULL = aplica-se a todas as rodovias da concessão."",""identidade"":null,""obrigatoria"":false},{""tipo"":""text"",""coluna"":""etapas_obra"",""gerada"":null,""padrao"":null,""tabela"":""tipos_ocorrencia_dtr"",""esquema"":""public"",""posicao"":14,""comentario"":""Etapas de obra disponíveis para seleção no wizard, separadas por nova linha (\\n). NULL = não é item de obra."",""identidade"":null,""obrigatoria"":false},{""tipo"":""uuid"",""coluna"":""id"",""gerada"":null,""padrao"":""uuid_generate_v4()"",""tabela"":""tipos_unidade"",""esquema"":""public"",""posicao"":1,""comentario"":null,""identidade"":null,""obrigatoria"":true},{""tipo"":""text"",""coluna"":""nome"",""gerada"":null,""padrao"":null,""tabela"":""tipos_unidade"",""esquema"":""public"",""posicao"":2,""comentario"":null,""identidade"":null,""obrigatoria"":true},{""tipo"":""text[]"",""coluna"":""servicos_aplicaveis"",""gerada"":null,""padrao"":null,""tabela"":""tipos_unidade"",""esquema"":""public"",""posicao"":3,""comentario"":null,""identidade"":null,""obrigatoria"":false},{""tipo"":""timestamp with time zone"",""coluna"":""created_at"",""gerada"":null,""padrao"":""now()"",""tabela"":""tipos_unidade"",""esquema"":""public"",""posicao"":4,""comentario"":null,""identidade"":null,""obrigatoria"":false},{""tipo"":""boolean"",""coluna"":""ativo"",""gerada"":null,""padrao"":""true"",""tabela"":""tipos_unidade"",""esquema"":""public"",""posicao"":5,""comentario"":null,""identidade"":null,""obrigatoria"":false},{""tipo"":""text"",""coluna"":""codigo"",""gerada"":null,""padrao"":null,""tabela"":""tipos_unidade"",""esquema"":""public"",""posicao"":6,""comentario"":""Código do tipo de unidade (ex: AMX-ETE)"",""identidade"":null,""obrigatoria"":false},{""tipo"":""uuid"",""coluna"":""id"",""gerada"":null,""padrao"":""uuid_generate_v4()"",""tabela"":""unidades_fiscalizadas"",""esquema"":""public"",""posicao"":1,""comentario"":null,""identidade"":null,""obrigatoria"":true},{""tipo"":""uuid"",""coluna"":""fiscalizacao_id"",""gerada"":null,""padrao"":null,""tabela"":""unidades_fiscalizadas"",""esquema"":""public"",""posicao"":2,""comentario"":null,""identidade"":null,""obrigatoria"":false},{""tipo"":""uuid"",""coluna"":""tipo_unidade_id"",""gerada"":null,""padrao"":null,""tabela"":""unidades_fiscalizadas"",""esquema"":""public"",""posicao"":3,""comentario"":null,""identidade"":null,""obrigatoria"":false},{""tipo"":""text"",""coluna"":""tipo_unidade_nome"",""gerada"":null,""padrao"":null,""tabela"":""unidades_fiscalizadas"",""esquema"":""public"",""posicao"":4,""comentario"":null,""identidade"":null,""obrigatoria"":false},{""tipo"":""text"",""coluna"":""nome_unidade"",""gerada"":null,""padrao"":null,""tabela"":""unidades_fiscalizadas"",""esquema"":""public"",""posicao"":5,""comentario"":null,""identidade"":null,""obrigatoria"":false},{""tipo"":""text"",""coluna"":""codigo_unidade"",""gerada"":null,""padrao"":null,""tabela"":""unidades_fiscalizadas"",""esquema"":""public"",""posicao"":6,""comentario"":null,""identidade"":null,""obrigatoria"":false},{""tipo"":""text"",""coluna"":""status"",""gerada"":null,""padrao"":""'em_andamento'::text"",""tabela"":""unidades_fiscalizadas"",""esquema"":""public"",""posicao"":7,""comentario"":null,""identidade"":null,""obrigatoria"":false},{""tipo"":""integer"",""coluna"":""total_constatacoes"",""gerada"":null,""padrao"":""0"",""tabela"":""unidades_fiscalizadas"",""esquema"":""public"",""posicao"":8,""comentario"":null,""identidade"":null,""obrigatoria"":false},{""tipo"":""integer"",""coluna"":""total_ncs"",""gerada"":null,""padrao"":""0"",""tabela"":""unidades_fiscalizadas"",""esquema"":""public"",""posicao"":9,""comentario"":null,""identidade"":null,""obrigatoria"":false},{""tipo"":""timestamp with time zone"",""coluna"":""created_at"",""gerada"":null,""padrao"":""now()"",""tabela"":""unidades_fiscalizadas"",""esquema"":""public"",""posicao"":10,""comentario"":null,""identidade"":null,""obrigatoria"":false},{""tipo"":""timestamp with time zone"",""coluna"":""updated_at"",""gerada"":null,""padrao"":""now()"",""tabela"":""unidades_fiscalizadas"",""esquema"":""public"",""posicao"":11,""comentario"":null,""identidade"":null,""obrigatoria"":false},{""tipo"":""double precision"",""coluna"":""latitude"",""gerada"":null,""padrao"":null,""tabela"":""unidades_fiscalizadas"",""esquema"":""public"",""posicao"":12,""comentario"":null,""identidade"":null,""obrigatoria"":false},{""tipo"":""double precision"",""coluna"":""longitude"",""gerada"":null,""padrao"":null,""tabela"":""unidades_fiscalizadas"",""esquema"":""public"",""posicao"":13,""comentario"":null,""identidade"":null,""obrigatoria"":false},{""tipo"":""text"",""coluna"":""endereco"",""gerada"":null,""padrao"":null,""tabela"":""unidades_fiscalizadas"",""esquema"":""public"",""posicao"":14,""comentario"":null,""identidade"":null,""obrigatoria"":false},{""tipo"":""timestamp with time zone"",""coluna"":""data_hora_vistoria"",""gerada"":null,""padrao"":""now()"",""tabela"":""unidades_fiscalizadas"",""esquema"":""public"",""posicao"":15,""comentario"":null,""identidade"":null,""obrigatoria"":false},{""tipo"":""jsonb"",""coluna"":""fotos_unidade"",""gerada"":null,""padrao"":""'[]'::jsonb"",""tabela"":""unidades_fiscalizadas"",""esquema"":""public"",""posicao"":16,""comentario"":null,""identidade"":null,""obrigatoria"":false},{""tipo"":""integer"",""coluna"":""ordem"",""gerada"":null,""padrao"":""0"",""tabela"":""unidades_fiscalizadas"",""esquema"":""public"",""posicao"":17,""comentario"":null,""identidade"":null,""obrigatoria"":false},{""tipo"":""text"",""coluna"":""coordenadas"",""gerada"":null,""padrao"":null,""tabela"":""unidades_fiscalizadas"",""esquema"":""public"",""posicao"":18,""comentario"":null,""identidade"":null,""obrigatoria"":false},{""tipo"":""integer"",""coluna"":""total_determinacoes"",""gerada"":null,""padrao"":""0"",""tabela"":""unidades_fiscalizadas"",""esquema"":""public"",""posicao"":19,""comentario"":null,""identidade"":null,""obrigatoria"":false},{""tipo"":""integer"",""coluna"":""total_recomendacoes"",""gerada"":null,""padrao"":""0"",""tabela"":""unidades_fiscalizadas"",""esquema"":""public"",""posicao"":20,""comentario"":null,""identidade"":null,""obrigatoria"":false},{""tipo"":""text"",""coluna"":""rodovia"",""gerada"":null,""padrao"":null,""tabela"":""unidades_fiscalizadas"",""esquema"":""public"",""posicao"":21,""comentario"":""Rodovia do ponto da ocorrência."",""identidade"":null,""obrigatoria"":false},{""tipo"":""text"",""coluna"":""trecho"",""gerada"":null,""padrao"":null,""tabela"":""unidades_fiscalizadas"",""esquema"":""public"",""posicao"":22,""comentario"":""Trecho específico da rodovia."",""identidade"":null,""obrigatoria"":false},{""tipo"":""text"",""coluna"":""km"",""gerada"":null,""padrao"":null,""tabela"":""unidades_fiscalizadas"",""esquema"":""public"",""posicao"":23,""comentario"":""KM aproximado (ex: 42.5)."",""identidade"":null,""obrigatoria"":false},{""tipo"":""text"",""coluna"":""tipo_ocorrencia"",""gerada"":null,""padrao"":null,""tabela"":""unidades_fiscalizadas"",""esquema"":""public"",""posicao"":24,""comentario"":""Tipo de ocorrência/problema detectado."",""identidade"":null,""obrigatoria"":false},{""tipo"":""text"",""coluna"":""gravidade"",""gerada"":null,""padrao"":null,""tabela"":""unidades_fiscalizadas"",""esquema"":""public"",""posicao"":25,""comentario"":""Gravidade da ocorrência (leve, media, grave, gravissima)."",""identidade"":null,""obrigatoria"":false},{""tipo"":""text"",""coluna"":""sentido"",""gerada"":null,""padrao"":null,""tabela"":""unidades_fiscalizadas"",""esquema"":""public"",""posicao"":26,""comentario"":""Sentido da via no ponto da ocorrência (N, S, L, O, N/S, etc)."",""identidade"":null,""obrigatoria"":false},{""tipo"":""text"",""coluna"":""per"",""gerada"":null,""padrao"":null,""tabela"":""unidades_fiscalizadas"",""esquema"":""public"",""posicao"":27,""comentario"":""Seção do PER da ocorrência (ex: \""3.1.1 Pavimento\""). Espelha item_contrato do tipo selecionado."",""identidade"":null,""obrigatoria"":false},{""tipo"":""text"",""coluna"":""frente"",""gerada"":null,""padrao"":null,""tabela"":""unidades_fiscalizadas"",""esquema"":""public"",""posicao"":28,""comentario"":""Frente da concessão (ex: \""RECUPERAÇÃO E MANUTENÇÃO\"")."",""identidade"":null,""obrigatoria"":false},{""tipo"":""text"",""coluna"":""nao_atendimento"",""gerada"":null,""padrao"":null,""tabela"":""unidades_fiscalizadas"",""esquema"":""public"",""posicao"":29,""comentario"":""Cláusula específica do PER não cumprida — coluna NÃO ATENDIMENTO no relatório."",""identidade"":null,""obrigatoria"":false},{""tipo"":""integer"",""coluna"":""prazo_dias_nc"",""gerada"":null,""padrao"":null,""tabela"":""unidades_fiscalizadas"",""esquema"":""public"",""posicao"":30,""comentario"":""Prazo em dias para sanar a não conformidade."",""identidade"":null,""obrigatoria"":false},{""tipo"":""numeric"",""coluna"":""gps_accuracy_m"",""gerada"":null,""padrao"":null,""tabela"":""unidades_fiscalizadas"",""esquema"":""public"",""posicao"":31,""comentario"":""Precisão (em metros) do GPS no momento em que o KM/rodovia foram determinados."",""identidade"":null,""obrigatoria"":false},{""tipo"":""boolean"",""coluna"":""km_impreciso"",""gerada"":null,""padrao"":""false"",""tabela"":""unidades_fiscalizadas"",""esquema"":""public"",""posicao"":32,""comentario"":""TRUE quando o KM/rodovia foram gravados sem um GPS de precisão <= 20m — sinaliza necessidade de revisão manual."",""identidade"":null,""obrigatoria"":true}]"
6,restricoes,118,"[{""nome"":""audit_logs_pkey"",""tipo"":""chave_primaria"",""tabela"":""audit_logs"",""esquema"":""public"",""definicao"":""PRIMARY KEY (id)""},{""nome"":""audit_logs_user_id_fkey"",""tipo"":""chave_estrangeira"",""tabela"":""audit_logs"",""esquema"":""public"",""definicao"":""FOREIGN KEY (user_id) REFERENCES auth.users(id) ON DELETE SET NULL""},{""nome"":""autos_infracao_determinacao_id_fkey"",""tipo"":""chave_estrangeira"",""tabela"":""autos_infracao"",""esquema"":""public"",""definicao"":""FOREIGN KEY (determinacao_id) REFERENCES determinacoes(id) ON DELETE SET NULL""},{""nome"":""autos_infracao_fiscalizacao_id_fkey"",""tipo"":""chave_estrangeira"",""tabela"":""autos_infracao"",""esquema"":""public"",""definicao"":""FOREIGN KEY (fiscalizacao_id) REFERENCES fiscalizacoes(id)""},{""nome"":""autos_infracao_pena_base_rs_nonneg"",""tipo"":""verificacao"",""tabela"":""autos_infracao"",""esquema"":""public"",""definicao"":""CHECK (pena_base_rs >= 0::numeric)""},{""nome"":""autos_infracao_pkey"",""tipo"":""chave_primaria"",""tabela"":""autos_infracao"",""esquema"":""public"",""definicao"":""PRIMARY KEY (id)""},{""nome"":""autos_infracao_prestador_servico_id_fkey"",""tipo"":""chave_estrangeira"",""tabela"":""autos_infracao"",""esquema"":""public"",""definicao"":""FOREIGN KEY (prestador_servico_id) REFERENCES prestadores_servico(id)""},{""nome"":""autos_infracao_unidade_fiscalizada_id_fkey"",""tipo"":""chave_estrangeira"",""tabela"":""autos_infracao"",""esquema"":""public"",""definicao"":""FOREIGN KEY (unidade_fiscalizada_id) REFERENCES unidades_fiscalizadas(id)""},{""nome"":""camaras_tecnicas_diretoria_id_fkey"",""tipo"":""chave_estrangeira"",""tabela"":""camaras_tecnicas"",""esquema"":""public"",""definicao"":""FOREIGN KEY (diretoria_id) REFERENCES diretorias(id) ON DELETE RESTRICT""},{""nome"":""camaras_tecnicas_pkey"",""tipo"":""chave_primaria"",""tabela"":""camaras_tecnicas"",""esquema"":""public"",""definicao"":""PRIMARY KEY (id)""},{""nome"":""caters_ai_jobs_pkey"",""tipo"":""chave_primaria"",""tabela"":""caters_ai_jobs"",""esquema"":""public"",""definicao"":""PRIMARY KEY (id)""},{""nome"":""caters_ai_jobs_process_id_fkey"",""tipo"":""chave_estrangeira"",""tabela"":""caters_ai_jobs"",""esquema"":""public"",""definicao"":""FOREIGN KEY (process_id) REFERENCES caters_processes(id) ON DELETE CASCADE""},{""nome"":""caters_ai_jobs_requested_by_fkey"",""tipo"":""chave_estrangeira"",""tabela"":""caters_ai_jobs"",""esquema"":""public"",""definicao"":""FOREIGN KEY (requested_by) REFERENCES auth.users(id)""},{""nome"":""caters_ai_jobs_reviewed_by_fkey"",""tipo"":""chave_estrangeira"",""tabela"":""caters_ai_jobs"",""esquema"":""public"",""definicao"":""FOREIGN KEY (reviewed_by) REFERENCES auth.users(id)""},{""nome"":""caters_ai_jobs_status_check"",""tipo"":""verificacao"",""tabela"":""caters_ai_jobs"",""esquema"":""public"",""definicao"":""CHECK (status = ANY (ARRAY['queued'::text, 'processing'::text, 'done'::text, 'error'::text]))""},{""nome"":""caters_analysis_history_performed_by_fkey"",""tipo"":""chave_estrangeira"",""tabela"":""caters_analysis_history"",""esquema"":""public"",""definicao"":""FOREIGN KEY (performed_by) REFERENCES auth.users(id)""},{""nome"":""caters_analysis_history_pkey"",""tipo"":""chave_primaria"",""tabela"":""caters_analysis_history"",""esquema"":""public"",""definicao"":""PRIMARY KEY (id)""},{""nome"":""caters_analysis_history_process_id_fkey"",""tipo"":""chave_estrangeira"",""tabela"":""caters_analysis_history"",""esquema"":""public"",""definicao"":""FOREIGN KEY (process_id) REFERENCES caters_processes(id) ON DELETE CASCADE""},{""nome"":""caters_deadline_extensions_created_by_fkey"",""tipo"":""chave_estrangeira"",""tabela"":""caters_deadline_extensions"",""esquema"":""public"",""definicao"":""FOREIGN KEY (created_by) REFERENCES auth.users(id)""},{""nome"":""caters_deadline_extensions_pkey"",""tipo"":""chave_primaria"",""tabela"":""caters_deadline_extensions"",""esquema"":""public"",""definicao"":""PRIMARY KEY (id)""},{""nome"":""caters_deadline_extensions_process_id_fkey"",""tipo"":""chave_estrangeira"",""tabela"":""caters_deadline_extensions"",""esquema"":""public"",""definicao"":""FOREIGN KEY (process_id) REFERENCES caters_processes(id) ON DELETE CASCADE""},{""nome"":""caters_deadline_extensions_status_check"",""tipo"":""verificacao"",""tabela"":""caters_deadline_extensions"",""esquema"":""public"",""definicao"":""CHECK (status = ANY (ARRAY['aprovado'::text, 'negado'::text]))""},{""nome"":""caters_extra_documents_created_by_fkey"",""tipo"":""chave_estrangeira"",""tabela"":""caters_extra_documents"",""esquema"":""public"",""definicao"":""FOREIGN KEY (created_by) REFERENCES auth.users(id)""},{""nome"":""caters_extra_documents_pkey"",""tipo"":""chave_primaria"",""tabela"":""caters_extra_documents"",""esquema"":""public"",""definicao"":""PRIMARY KEY (id)""},{""nome"":""caters_extra_documents_process_id_fkey"",""tipo"":""chave_estrangeira"",""tabela"":""caters_extra_documents"",""esquema"":""public"",""definicao"":""FOREIGN KEY (process_id) REFERENCES caters_processes(id) ON DELETE CASCADE""},{""nome"":""caters_municipality_responses_created_by_fkey"",""tipo"":""chave_estrangeira"",""tabela"":""caters_municipality_responses"",""esquema"":""public"",""definicao"":""FOREIGN KEY (created_by) REFERENCES auth.users(id)""},{""nome"":""caters_municipality_responses_cronograma_status_check"",""tipo"":""verificacao"",""tabela"":""caters_municipality_responses"",""esquema"":""public"",""definicao"":""CHECK (cronograma_status = ANY (ARRAY['pendente'::text, 'aprovado'::text, 'adequacao'::text, 'dispensado'::text]))""},{""nome"":""caters_municipality_responses_pkey"",""tipo"":""chave_primaria"",""tabela"":""caters_municipality_responses"",""esquema"":""public"",""definicao"":""PRIMARY KEY (id)""},{""nome"":""caters_municipality_responses_process_id_fkey"",""tipo"":""chave_estrangeira"",""tabela"":""caters_municipality_responses"",""esquema"":""public"",""definicao"":""FOREIGN KEY (process_id) REFERENCES caters_processes(id) ON DELETE CASCADE""},{""nome"":""caters_municipality_responses_process_id_key"",""tipo"":""unica"",""tabela"":""caters_municipality_responses"",""esquema"":""public"",""definicao"":""UNIQUE (process_id)""},{""nome"":""caters_notification_reads_pkey"",""tipo"":""chave_primaria"",""tabela"":""caters_notification_reads"",""esquema"":""public"",""definicao"":""PRIMARY KEY (id)""},{""nome"":""caters_notification_reads_user_id_fkey"",""tipo"":""chave_estrangeira"",""tabela"":""caters_notification_reads"",""esquema"":""public"",""definicao"":""FOREIGN KEY (user_id) REFERENCES auth.users(id)""},{""nome"":""caters_notification_reads_user_key"",""tipo"":""unica"",""tabela"":""caters_notification_reads"",""esquema"":""public"",""definicao"":""UNIQUE (user_id, key)""},{""nome"":""caters_processes_created_by_fkey"",""tipo"":""chave_estrangeira"",""tabela"":""caters_processes"",""esquema"":""public"",""definicao"":""FOREIGN KEY (created_by) REFERENCES auth.users(id)""},{""nome"":""caters_processes_fiscalizacao_id_fkey"",""tipo"":""chave_estrangeira"",""tabela"":""caters_processes"",""esquema"":""public"",""definicao"":""FOREIGN KEY (fiscalizacao_id) REFERENCES fiscalizacoes(id) ON DELETE SET NULL""},{""nome"":""caters_processes_pkey"",""tipo"":""chave_primaria"",""tabela"":""caters_processes"",""esquema"":""public"",""definicao"":""PRIMARY KEY (id)""},{""nome"":""caters_processes_process_number_unique"",""tipo"":""unica"",""tabela"":""caters_processes"",""esquema"":""public"",""definicao"":""UNIQUE (process_number)""},{""nome"":""caters_recommendations_created_by_fkey"",""tipo"":""chave_estrangeira"",""tabela"":""caters_recommendations"",""esquema"":""public"",""definicao"":""FOREIGN KEY (created_by) REFERENCES auth.users(id)""},{""nome"":""caters_recommendations_determinacao_id_fkey"",""tipo"":""chave_estrangeira"",""tabela"":""caters_recommendations"",""esquema"":""public"",""definicao"":""FOREIGN KEY (determinacao_id) REFERENCES determinacoes(id) ON DELETE SET NULL""},{""nome"":""caters_recommendations_pkey"",""tipo"":""chave_primaria"",""tabela"":""caters_recommendations"",""esquema"":""public"",""definicao"":""PRIMARY KEY (id)""},{""nome"":""caters_recommendations_process_id_fkey"",""tipo"":""chave_estrangeira"",""tabela"":""caters_recommendations"",""esquema"":""public"",""definicao"":""FOREIGN KEY (process_id) REFERENCES caters_processes(id) ON DELETE CASCADE""},{""nome"":""caters_recommendations_recomendacao_id_fkey"",""tipo"":""chave_estrangeira"",""tabela"":""caters_recommendations"",""esquema"":""public"",""definicao"":""FOREIGN KEY (recomendacao_id) REFERENCES recomendacoes(id) ON DELETE SET NULL""},{""nome"":""catesa_ai_jobs_pkey"",""tipo"":""chave_primaria"",""tabela"":""catesa_ai_jobs"",""esquema"":""public"",""definicao"":""PRIMARY KEY (id)""},{""nome"":""catesa_ai_jobs_requested_by_fkey"",""tipo"":""chave_estrangeira"",""tabela"":""catesa_ai_jobs"",""esquema"":""public"",""definicao"":""FOREIGN KEY (requested_by) REFERENCES auth.users(id)""},{""nome"":""catesa_ai_jobs_reviewed_by_fkey"",""tipo"":""chave_estrangeira"",""tabela"":""catesa_ai_jobs"",""esquema"":""public"",""definicao"":""FOREIGN KEY (reviewed_by) REFERENCES auth.users(id)""},{""nome"":""catesa_ai_jobs_status_check"",""tipo"":""verificacao"",""tabela"":""catesa_ai_jobs"",""esquema"":""public"",""definicao"":""CHECK (status = ANY (ARRAY['queued'::text, 'processing'::text, 'done'::text, 'error'::text]))""},{""nome"":""catesa_ai_jobs_termo_id_fkey"",""tipo"":""chave_estrangeira"",""tabela"":""catesa_ai_jobs"",""esquema"":""public"",""definicao"":""FOREIGN KEY (termo_id) REFERENCES termos_notificacao(id) ON DELETE CASCADE""},{""nome"":""constatacoes_manuais_pkey"",""tipo"":""chave_primaria"",""tabela"":""constatacoes_manuais"",""esquema"":""public"",""definicao"":""PRIMARY KEY (id)""},{""nome"":""constatacoes_manuais_unidade_fiscalizada_id_fkey"",""tipo"":""chave_estrangeira"",""tabela"":""constatacoes_manuais"",""esquema"":""public"",""definicao"":""FOREIGN KEY (unidade_fiscalizada_id) REFERENCES unidades_fiscalizadas(id) ON DELETE CASCADE""},{""nome"":""contratos_pkey"",""tipo"":""chave_primaria"",""tabela"":""contratos"",""esquema"":""public"",""definicao"":""PRIMARY KEY (id)""},{""nome"":""contratos_prestador_servico_id_fkey"",""tipo"":""chave_estrangeira"",""tabela"":""contratos"",""esquema"":""public"",""definicao"":""FOREIGN KEY (prestador_servico_id) REFERENCES prestadores_servico(id) ON DELETE CASCADE""},{""nome"":""determinacoes_nao_conformidade_id_fkey"",""tipo"":""chave_estrangeira"",""tabela"":""determinacoes"",""esquema"":""public"",""definicao"":""FOREIGN KEY (nao_conformidade_id) REFERENCES nao_conformidades(id) ON DELETE SET NULL""},{""nome"":""determinacoes_pkey"",""tipo"":""chave_primaria"",""tabela"":""determinacoes"",""esquema"":""public"",""definicao"":""PRIMARY KEY (id)""},{""nome"":""determinacoes_status_check"",""tipo"":""verificacao"",""tabela"":""determinacoes"",""esquema"":""public"",""definicao"":""CHECK (status = ANY (ARRAY['pendente'::text, 'cumprida'::text, 'nao_cumprida'::text, 'prorrogada'::text]))""},{""nome"":""determinacoes_unidade_fiscalizada_id_fkey"",""tipo"":""chave_estrangeira"",""tabela"":""determinacoes"",""esquema"":""public"",""definicao"":""FOREIGN KEY (unidade_fiscalizada_id) REFERENCES unidades_fiscalizadas(id) ON DELETE CASCADE""},{""nome"":""diretorias_pkey"",""tipo"":""chave_primaria"",""tabela"":""diretorias"",""esquema"":""public"",""definicao"":""PRIMARY KEY (id)""},{""nome"":""fiscalizacoes_created_by_fkey"",""tipo"":""chave_estrangeira"",""tabela"":""fiscalizacoes"",""esquema"":""public"",""definicao"":""FOREIGN KEY (created_by) REFERENCES auth.users(id)""},{""nome"":""fiscalizacoes_pkey"",""tipo"":""chave_primaria"",""tabela"":""fiscalizacoes"",""esquema"":""public"",""definicao"":""PRIMARY KEY (id)""},{""nome"":""fotos_evidencia_fiscalizacao_id_fkey"",""tipo"":""chave_estrangeira"",""tabela"":""fotos_evidencia"",""esquema"":""public"",""definicao"":""FOREIGN KEY (fiscalizacao_id) REFERENCES fiscalizacoes(id) ON DELETE CASCADE""},{""nome"":""fotos_evidencia_pkey"",""tipo"":""chave_primaria"",""tabela"":""fotos_evidencia"",""esquema"":""public"",""definicao"":""PRIMARY KEY (id)""},{""nome"":""fotos_evidencia_unidade_fiscalizada_id_fkey"",""tipo"":""chave_estrangeira"",""tabela"":""fotos_evidencia"",""esquema"":""public"",""definicao"":""FOREIGN KEY (unidade_fiscalizada_id) REFERENCES unidades_fiscalizadas(id) ON DELETE CASCADE""},{""nome"":""itens_checklist_pkey"",""tipo"":""chave_primaria"",""tabela"":""itens_checklist"",""esquema"":""public"",""definicao"":""PRIMARY KEY (id)""},{""nome"":""itens_checklist_tipo_unidade_id_fkey"",""tipo"":""chave_estrangeira"",""tabela"":""itens_checklist"",""esquema"":""public"",""definicao"":""FOREIGN KEY (tipo_unidade_id) REFERENCES tipos_unidade(id) ON DELETE CASCADE""},{""nome"":""julgamentos_auto_id_fkey"",""tipo"":""chave_estrangeira"",""tabela"":""julgamentos"",""esquema"":""public"",""definicao"":""FOREIGN KEY (auto_id) REFERENCES autos_infracao(id)""},{""nome"":""julgamentos_parecer_tecnico_id_fkey"",""tipo"":""chave_estrangeira"",""tabela"":""julgamentos"",""esquema"":""public"",""definicao"":""FOREIGN KEY (parecer_tecnico_id) REFERENCES pareceres_tecnicos(id)""},{""nome"":""julgamentos_pkey"",""tipo"":""chave_primaria"",""tabela"":""julgamentos"",""esquema"":""public"",""definicao"":""PRIMARY KEY (id)""},{""nome"":""julgamentos_prestador_servico_id_fkey"",""tipo"":""chave_estrangeira"",""tabela"":""julgamentos"",""esquema"":""public"",""definicao"":""FOREIGN KEY (prestador_servico_id) REFERENCES prestadores_servico(id)""},{""nome"":""manifestacoes_auto_auto_infracao_id_fkey"",""tipo"":""chave_estrangeira"",""tabela"":""manifestacoes_auto"",""esquema"":""public"",""definicao"":""FOREIGN KEY (auto_infracao_id) REFERENCES autos_infracao(id) ON DELETE CASCADE""},{""nome"":""manifestacoes_auto_pkey"",""tipo"":""chave_primaria"",""tabela"":""manifestacoes_auto"",""esquema"":""public"",""definicao"":""PRIMARY KEY (id)""},{""nome"":""municipios_nome_key"",""tipo"":""unica"",""tabela"":""municipios"",""esquema"":""public"",""definicao"":""UNIQUE (nome)""},{""nome"":""municipios_pkey"",""tipo"":""chave_primaria"",""tabela"":""municipios"",""esquema"":""public"",""definicao"":""PRIMARY KEY (id)""},{""nome"":""nao_conformidades_pkey"",""tipo"":""chave_primaria"",""tabela"":""nao_conformidades"",""esquema"":""public"",""definicao"":""PRIMARY KEY (id)""},{""nome"":""nao_conformidades_resposta_checklist_id_fkey"",""tipo"":""chave_estrangeira"",""tabela"":""nao_conformidades"",""esquema"":""public"",""definicao"":""FOREIGN KEY (resposta_checklist_id) REFERENCES respostas_checklist(id) ON DELETE SET NULL""},{""nome"":""nao_conformidades_unidade_fiscalizada_id_fkey"",""tipo"":""chave_estrangeira"",""tabela"":""nao_conformidades"",""esquema"":""public"",""definicao"":""FOREIGN KEY (unidade_fiscalizada_id) REFERENCES unidades_fiscalizadas(id) ON DELETE CASCADE""},{""nome"":""pareceres_tecnicos_auto_id_fkey"",""tipo"":""chave_estrangeira"",""tabela"":""pareceres_tecnicos"",""esquema"":""public"",""definicao"":""FOREIGN KEY (auto_id) REFERENCES autos_infracao(id) ON DELETE CASCADE""},{""nome"":""pareceres_tecnicos_pkey"",""tipo"":""chave_primaria"",""tabela"":""pareceres_tecnicos"",""esquema"":""public"",""definicao"":""PRIMARY KEY (id)""},{""nome"":""prestadores_servico_pkey"",""tipo"":""chave_primaria"",""tabela"":""prestadores_servico"",""esquema"":""public"",""definicao"":""PRIMARY KEY (id)""},{""nome"":""prestadores_servico_user_id_fkey"",""tipo"":""chave_estrangeira"",""tabela"":""prestadores_servico"",""esquema"":""public"",""definicao"":""FOREIGN KEY (user_id) REFERENCES auth.users(id)""},{""nome"":""profiles_camara_tecnica_id_fkey"",""tipo"":""chave_estrangeira"",""tabela"":""profiles"",""esquema"":""public"",""definicao"":""FOREIGN KEY (camara_tecnica_id) REFERENCES camaras_tecnicas(id)""},{""nome"":""profiles_diretoria_id_fkey"",""tipo"":""chave_estrangeira"",""tabela"":""profiles"",""esquema"":""public"",""definicao"":""FOREIGN KEY (diretoria_id) REFERENCES diretorias(id)""},{""nome"":""profiles_id_fkey"",""tipo"":""chave_estrangeira"",""tabela"":""profiles"",""esquema"":""public"",""definicao"":""FOREIGN KEY (id) REFERENCES auth.users(id)""},{""nome"":""profiles_non_prestador_must_not_have_prestador_id"",""tipo"":""verificacao"",""tabela"":""profiles"",""esquema"":""public"",""definicao"":""CHECK (role = 'prestador'::text OR prestador_servico_id IS NULL) NOT VALID""},{""nome"":""profiles_pkey"",""tipo"":""chave_primaria"",""tabela"":""profiles"",""esquema"":""public"",""definicao"":""PRIMARY KEY (id)""},{""nome"":""profiles_prestador_must_have_prestador_id"",""tipo"":""verificacao"",""tabela"":""profiles"",""esquema"":""public"",""definicao"":""CHECK (role <> 'prestador'::text OR prestador_servico_id IS NOT NULL) NOT VALID""},{""nome"":""profiles_prestador_servico_id_fkey"",""tipo"":""chave_estrangeira"",""tabela"":""profiles"",""esquema"":""public"",""definicao"":""FOREIGN KEY (prestador_servico_id) REFERENCES prestadores_servico(id)""},{""nome"":""recomendacoes_pkey"",""tipo"":""chave_primaria"",""tabela"":""recomendacoes"",""esquema"":""public"",""definicao"":""PRIMARY KEY (id)""},{""nome"":""recomendacoes_unidade_fiscalizada_id_fkey"",""tipo"":""chave_estrangeira"",""tabela"":""recomendacoes"",""esquema"":""public"",""definicao"":""FOREIGN KEY (unidade_fiscalizada_id) REFERENCES unidades_fiscalizadas(id) ON DELETE CASCADE""},{""nome"":""relatorios_jobs_fiscalizacao_id_fkey"",""tipo"":""chave_estrangeira"",""tabela"":""relatorios_jobs"",""esquema"":""public"",""definicao"":""FOREIGN KEY (fiscalizacao_id) REFERENCES fiscalizacoes(id) ON DELETE CASCADE""},{""nome"":""relatorios_jobs_pkey"",""tipo"":""chave_primaria"",""tabela"":""relatorios_jobs"",""esquema"":""public"",""definicao"":""PRIMARY KEY (id)""},{""nome"":""relatorios_jobs_requested_by_fkey"",""tipo"":""chave_estrangeira"",""tabela"":""relatorios_jobs"",""esquema"":""public"",""definicao"":""FOREIGN KEY (requested_by) REFERENCES profiles(id)""},{""nome"":""relatorios_jobs_status_check"",""tipo"":""verificacao"",""tabela"":""relatorios_jobs"",""esquema"":""public"",""definicao"":""CHECK (status = ANY (ARRAY['queued'::text, 'processing'::text, 'done'::text, 'error'::text]))""},{""nome"":""remessas_ai_fiscalizacao_id_fkey"",""tipo"":""chave_estrangeira"",""tabela"":""remessas_ai"",""esquema"":""public"",""definicao"":""FOREIGN KEY (fiscalizacao_id) REFERENCES fiscalizacoes(id) ON DELETE SET NULL""},{""nome"":""remessas_ai_pkey"",""tipo"":""chave_primaria"",""tabela"":""remessas_ai"",""esquema"":""public"",""definicao"":""PRIMARY KEY (id)""},{""nome"":""remessas_ai_prestador_servico_id_fkey"",""tipo"":""chave_estrangeira"",""tabela"":""remessas_ai"",""esquema"":""public"",""definicao"":""FOREIGN KEY (prestador_servico_id) REFERENCES prestadores_servico(id) ON DELETE SET NULL""},{""nome"":""remessas_ai_termo_id_fkey"",""tipo"":""chave_estrangeira"",""tabela"":""remessas_ai"",""esquema"":""public"",""definicao"":""FOREIGN KEY (termo_id) REFERENCES termos_notificacao(id) ON DELETE CASCADE""},{""nome"":""remessas_ai_itens_auto_infracao_id_fkey"",""tipo"":""chave_estrangeira"",""tabela"":""remessas_ai_itens"",""esquema"":""public"",""definicao"":""FOREIGN KEY (auto_infracao_id) REFERENCES autos_infracao(id) ON DELETE CASCADE""},{""nome"":""remessas_ai_itens_pkey"",""tipo"":""chave_primaria"",""tabela"":""remessas_ai_itens"",""esquema"":""public"",""definicao"":""PRIMARY KEY (id)""},{""nome"":""remessas_ai_itens_remessa_ai_id_auto_infracao_id_key"",""tipo"":""unica"",""tabela"":""remessas_ai_itens"",""esquema"":""public"",""definicao"":""UNIQUE (remessa_ai_id, auto_infracao_id)""},{""nome"":""remessas_ai_itens_remessa_ai_id_fkey"",""tipo"":""chave_estrangeira"",""tabela"":""remessas_ai_itens"",""esquema"":""public"",""definicao"":""FOREIGN KEY (remessa_ai_id) REFERENCES remessas_ai(id) ON DELETE CASCADE""},{""nome"":""respostas_checklist_item_checklist_id_fkey"",""tipo"":""chave_estrangeira"",""tabela"":""respostas_checklist"",""esquema"":""public"",""definicao"":""FOREIGN KEY (item_checklist_id) REFERENCES itens_checklist(id)""},{""nome"":""respostas_checklist_pkey"",""tipo"":""chave_primaria"",""tabela"":""respostas_checklist"",""esquema"":""public"",""definicao"":""PRIMARY KEY (id)""},{""nome"":""respostas_checklist_unidade_fiscalizada_id_fkey"",""tipo"":""chave_estrangeira"",""tabela"":""respostas_checklist"",""esquema"":""public"",""definicao"":""FOREIGN KEY (unidade_fiscalizada_id) REFERENCES unidades_fiscalizadas(id) ON DELETE CASCADE""},{""nome"":""respostas_determinacao_determinacao_id_fkey"",""tipo"":""chave_estrangeira"",""tabela"":""respostas_determinacao"",""esquema"":""public"",""definicao"":""FOREIGN KEY (determinacao_id) REFERENCES determinacoes(id) ON DELETE CASCADE""},{""nome"":""respostas_determinacao_fiscalizacao_id_fkey"",""tipo"":""chave_estrangeira"",""tabela"":""respostas_determinacao"",""esquema"":""public"",""definicao"":""FOREIGN KEY (fiscalizacao_id) REFERENCES fiscalizacoes(id)""},{""nome"":""respostas_determinacao_pkey"",""tipo"":""chave_primaria"",""tabela"":""respostas_determinacao"",""esquema"":""public"",""definicao"":""PRIMARY KEY (id)""},{""nome"":""respostas_determinacao_prestador_servico_id_fkey"",""tipo"":""chave_estrangeira"",""tabela"":""respostas_determinacao"",""esquema"":""public"",""definicao"":""FOREIGN KEY (prestador_servico_id) REFERENCES prestadores_servico(id)""},{""nome"":""respostas_determinacao_unidade_fiscalizada_id_fkey"",""tipo"":""chave_estrangeira"",""tabela"":""respostas_determinacao"",""esquema"":""public"",""definicao"":""FOREIGN KEY (unidade_fiscalizada_id) REFERENCES unidades_fiscalizadas(id)""},{""nome"":""termos_notificacao_fiscalizacao_id_fkey"",""tipo"":""chave_estrangeira"",""tabela"":""termos_notificacao"",""esquema"":""public"",""definicao"":""FOREIGN KEY (fiscalizacao_id) REFERENCES fiscalizacoes(id)""},{""nome"":""termos_notificacao_municipio_id_fkey"",""tipo"":""chave_estrangeira"",""tabela"":""termos_notificacao"",""esquema"":""public"",""definicao"":""FOREIGN KEY (municipio_id) REFERENCES municipios(id)""},{""nome"":""termos_notificacao_pkey"",""tipo"":""chave_primaria"",""tabela"":""termos_notificacao"",""esquema"":""public"",""definicao"":""PRIMARY KEY (id)""},{""nome"":""termos_notificacao_prestador_servico_id_fkey"",""tipo"":""chave_estrangeira"",""tabela"":""termos_notificacao"",""esquema"":""public"",""definicao"":""FOREIGN KEY (prestador_servico_id) REFERENCES prestadores_servico(id)""},{""nome"":""termos_notificacao_tipo_relatorio_check"",""tipo"":""verificacao"",""tabela"":""termos_notificacao"",""esquema"":""public"",""definicao"":""CHECK (tipo_relatorio = ANY (ARRAY['RFP'::text, 'RFE'::text, 'RAO'::text]))""},{""nome"":""tipos_ocorrencia_dtr_pkey"",""tipo"":""chave_primaria"",""tabela"":""tipos_ocorrencia_dtr"",""esquema"":""public"",""definicao"":""PRIMARY KEY (id)""},{""nome"":""tipos_unidade_pkey"",""tipo"":""chave_primaria"",""tabela"":""tipos_unidade"",""esquema"":""public"",""definicao"":""PRIMARY KEY (id)""},{""nome"":""unidades_fiscalizadas_fiscalizacao_id_fkey"",""tipo"":""chave_estrangeira"",""tabela"":""unidades_fiscalizadas"",""esquema"":""public"",""definicao"":""FOREIGN KEY (fiscalizacao_id) REFERENCES fiscalizacoes(id) ON DELETE CASCADE""},{""nome"":""unidades_fiscalizadas_fotos_is_array_check"",""tipo"":""verificacao"",""tabela"":""unidades_fiscalizadas"",""esquema"":""public"",""definicao"":""CHECK (jsonb_typeof(fotos_unidade) = 'array'::text)""},{""nome"":""unidades_fiscalizadas_pkey"",""tipo"":""chave_primaria"",""tabela"":""unidades_fiscalizadas"",""esquema"":""public"",""definicao"":""PRIMARY KEY (id)""},{""nome"":""unidades_fiscalizadas_status_check"",""tipo"":""verificacao"",""tabela"":""unidades_fiscalizadas"",""esquema"":""public"",""definicao"":""CHECK (status = ANY (ARRAY['pendente'::text, 'em_andamento'::text, 'finalizada'::text, 'cancelada'::text]))""}]"
7,indices,83,"[{""nome"":""audit_logs_created_at_idx"",""tabela"":""audit_logs"",""esquema"":""public"",""definicao"":""CREATE INDEX audit_logs_created_at_idx ON public.audit_logs USING btree (created_at DESC)""},{""nome"":""audit_logs_pkey"",""tabela"":""audit_logs"",""esquema"":""public"",""definicao"":""CREATE UNIQUE INDEX audit_logs_pkey ON public.audit_logs USING btree (id)""},{""nome"":""audit_logs_table_name_record_id_idx"",""tabela"":""audit_logs"",""esquema"":""public"",""definicao"":""CREATE INDEX audit_logs_table_name_record_id_idx ON public.audit_logs USING btree (table_name, record_id)""},{""nome"":""audit_logs_user_id_idx"",""tabela"":""audit_logs"",""esquema"":""public"",""definicao"":""CREATE INDEX audit_logs_user_id_idx ON public.audit_logs USING btree (user_id)""},{""nome"":""autos_infracao_pkey"",""tabela"":""autos_infracao"",""esquema"":""public"",""definicao"":""CREATE UNIQUE INDEX autos_infracao_pkey ON public.autos_infracao USING btree (id)""},{""nome"":""idx_autos_det"",""tabela"":""autos_infracao"",""esquema"":""public"",""definicao"":""CREATE INDEX idx_autos_det ON public.autos_infracao USING btree (determinacao_id)""},{""nome"":""idx_autos_infracao_camara"",""tabela"":""autos_infracao"",""esquema"":""public"",""definicao"":""CREATE INDEX idx_autos_infracao_camara ON public.autos_infracao USING btree (camara_tecnica_id)""},{""nome"":""camaras_tecnicas_pkey"",""tabela"":""camaras_tecnicas"",""esquema"":""public"",""definicao"":""CREATE UNIQUE INDEX camaras_tecnicas_pkey ON public.camaras_tecnicas USING btree (id)""},{""nome"":""caters_ai_jobs_pkey"",""tabela"":""caters_ai_jobs"",""esquema"":""public"",""definicao"":""CREATE UNIQUE INDEX caters_ai_jobs_pkey ON public.caters_ai_jobs USING btree (id)""},{""nome"":""caters_ai_jobs_process_id_idx"",""tabela"":""caters_ai_jobs"",""esquema"":""public"",""definicao"":""CREATE INDEX caters_ai_jobs_process_id_idx ON public.caters_ai_jobs USING btree (process_id)""},{""nome"":""caters_ai_jobs_status_idx"",""tabela"":""caters_ai_jobs"",""esquema"":""public"",""definicao"":""CREATE INDEX caters_ai_jobs_status_idx ON public.caters_ai_jobs USING btree (status)""},{""nome"":""caters_analysis_history_pkey"",""tabela"":""caters_analysis_history"",""esquema"":""public"",""definicao"":""CREATE UNIQUE INDEX caters_analysis_history_pkey ON public.caters_analysis_history USING btree (id)""},{""nome"":""caters_deadline_extensions_pkey"",""tabela"":""caters_deadline_extensions"",""esquema"":""public"",""definicao"":""CREATE UNIQUE INDEX caters_deadline_extensions_pkey ON public.caters_deadline_extensions USING btree (id)""},{""nome"":""caters_deadline_extensions_process_id_idx"",""tabela"":""caters_deadline_extensions"",""esquema"":""public"",""definicao"":""CREATE INDEX caters_deadline_extensions_process_id_idx ON public.caters_deadline_extensions USING btree (process_id)""},{""nome"":""caters_extra_documents_pkey"",""tabela"":""caters_extra_documents"",""esquema"":""public"",""definicao"":""CREATE UNIQUE INDEX caters_extra_documents_pkey ON public.caters_extra_documents USING btree (id)""},{""nome"":""caters_municipality_responses_pkey"",""tabela"":""caters_municipality_responses"",""esquema"":""public"",""definicao"":""CREATE UNIQUE INDEX caters_municipality_responses_pkey ON public.caters_municipality_responses USING btree (id)""},{""nome"":""caters_municipality_responses_process_id_key"",""tabela"":""caters_municipality_responses"",""esquema"":""public"",""definicao"":""CREATE UNIQUE INDEX caters_municipality_responses_process_id_key ON public.caters_municipality_responses USING btree (process_id)""},{""nome"":""caters_notification_reads_pkey"",""tabela"":""caters_notification_reads"",""esquema"":""public"",""definicao"":""CREATE UNIQUE INDEX caters_notification_reads_pkey ON public.caters_notification_reads USING btree (id)""},{""nome"":""caters_notification_reads_user_key"",""tabela"":""caters_notification_reads"",""esquema"":""public"",""definicao"":""CREATE UNIQUE INDEX caters_notification_reads_user_key ON public.caters_notification_reads USING btree (user_id, key)""},{""nome"":""caters_processes_pkey"",""tabela"":""caters_processes"",""esquema"":""public"",""definicao"":""CREATE UNIQUE INDEX caters_processes_pkey ON public.caters_processes USING btree (id)""},{""nome"":""caters_processes_process_number_unique"",""tabela"":""caters_processes"",""esquema"":""public"",""definicao"":""CREATE UNIQUE INDEX caters_processes_process_number_unique ON public.caters_processes USING btree (process_number)""},{""nome"":""idx_caters_processes_fiscalizacao_id"",""tabela"":""caters_processes"",""esquema"":""public"",""definicao"":""CREATE INDEX idx_caters_processes_fiscalizacao_id ON public.caters_processes USING btree (fiscalizacao_id)""},{""nome"":""caters_recommendations_pkey"",""tabela"":""caters_recommendations"",""esquema"":""public"",""definicao"":""CREATE UNIQUE INDEX caters_recommendations_pkey ON public.caters_recommendations USING btree (id)""},{""nome"":""idx_caters_recommendations_determinacao_id"",""tabela"":""caters_recommendations"",""esquema"":""public"",""definicao"":""CREATE INDEX idx_caters_recommendations_determinacao_id ON public.caters_recommendations USING btree (determinacao_id)""},{""nome"":""idx_caters_recommendations_recomendacao_id"",""tabela"":""caters_recommendations"",""esquema"":""public"",""definicao"":""CREATE INDEX idx_caters_recommendations_recomendacao_id ON public.caters_recommendations USING btree (recomendacao_id)""},{""nome"":""catesa_ai_jobs_pkey"",""tabela"":""catesa_ai_jobs"",""esquema"":""public"",""definicao"":""CREATE UNIQUE INDEX catesa_ai_jobs_pkey ON public.catesa_ai_jobs USING btree (id)""},{""nome"":""catesa_ai_jobs_status_idx"",""tabela"":""catesa_ai_jobs"",""esquema"":""public"",""definicao"":""CREATE INDEX catesa_ai_jobs_status_idx ON public.catesa_ai_jobs USING btree (status)""},{""nome"":""catesa_ai_jobs_termo_id_idx"",""tabela"":""catesa_ai_jobs"",""esquema"":""public"",""definicao"":""CREATE INDEX catesa_ai_jobs_termo_id_idx ON public.catesa_ai_jobs USING btree (termo_id)""},{""nome"":""constatacoes_manuais_pkey"",""tabela"":""constatacoes_manuais"",""esquema"":""public"",""definicao"":""CREATE UNIQUE INDEX constatacoes_manuais_pkey ON public.constatacoes_manuais USING btree (id)""},{""nome"":""contratos_pkey"",""tabela"":""contratos"",""esquema"":""public"",""definicao"":""CREATE UNIQUE INDEX contratos_pkey ON public.contratos USING btree (id)""},{""nome"":""determinacoes_pkey"",""tabela"":""determinacoes"",""esquema"":""public"",""definicao"":""CREATE UNIQUE INDEX determinacoes_pkey ON public.determinacoes USING btree (id)""},{""nome"":""determinacoes_unidade_origem_unq"",""tabela"":""determinacoes"",""esquema"":""public"",""definicao"":""CREATE UNIQUE INDEX determinacoes_unidade_origem_unq ON public.determinacoes USING btree (unidade_fiscalizada_id, origem)""},{""nome"":""idx_determinacoes_nc"",""tabela"":""determinacoes"",""esquema"":""public"",""definicao"":""CREATE INDEX idx_determinacoes_nc ON public.determinacoes USING btree (nao_conformidade_id)""},{""nome"":""idx_determinacoes_numero"",""tabela"":""determinacoes"",""esquema"":""public"",""definicao"":""CREATE INDEX idx_determinacoes_numero ON public.determinacoes USING btree (numero_determinacao)""},{""nome"":""idx_determinacoes_unidade"",""tabela"":""determinacoes"",""esquema"":""public"",""definicao"":""CREATE INDEX idx_determinacoes_unidade ON public.determinacoes USING btree (unidade_fiscalizada_id)""},{""nome"":""idx_dets_nc"",""tabela"":""determinacoes"",""esquema"":""public"",""definicao"":""CREATE INDEX idx_dets_nc ON public.determinacoes USING btree (nao_conformidade_id)""},{""nome"":""diretorias_pkey"",""tabela"":""diretorias"",""esquema"":""public"",""definicao"":""CREATE UNIQUE INDEX diretorias_pkey ON public.diretorias USING btree (id)""},{""nome"":""fiscalizacoes_pkey"",""tabela"":""fiscalizacoes"",""esquema"":""public"",""definicao"":""CREATE UNIQUE INDEX fiscalizacoes_pkey ON public.fiscalizacoes USING btree (id)""},{""nome"":""idx_fiscalizacoes_camara"",""tabela"":""fiscalizacoes"",""esquema"":""public"",""definicao"":""CREATE INDEX idx_fiscalizacoes_camara ON public.fiscalizacoes USING btree (camara_tecnica_id)""},{""nome"":""fotos_evidencia_pkey"",""tabela"":""fotos_evidencia"",""esquema"":""public"",""definicao"":""CREATE UNIQUE INDEX fotos_evidencia_pkey ON public.fotos_evidencia USING btree (id)""},{""nome"":""itens_checklist_pkey"",""tabela"":""itens_checklist"",""esquema"":""public"",""definicao"":""CREATE UNIQUE INDEX itens_checklist_pkey ON public.itens_checklist USING btree (id)""},{""nome"":""julgamentos_pkey"",""tabela"":""julgamentos"",""esquema"":""public"",""definicao"":""CREATE UNIQUE INDEX julgamentos_pkey ON public.julgamentos USING btree (id)""},{""nome"":""manifestacoes_auto_pkey"",""tabela"":""manifestacoes_auto"",""esquema"":""public"",""definicao"":""CREATE UNIQUE INDEX manifestacoes_auto_pkey ON public.manifestacoes_auto USING btree (id)""},{""nome"":""municipios_nome_key"",""tabela"":""municipios"",""esquema"":""public"",""definicao"":""CREATE UNIQUE INDEX municipios_nome_key ON public.municipios USING btree (nome)""},{""nome"":""municipios_pkey"",""tabela"":""municipios"",""esquema"":""public"",""definicao"":""CREATE UNIQUE INDEX municipios_pkey ON public.municipios USING btree (id)""},{""nome"":""idx_nc_resposta"",""tabela"":""nao_conformidades"",""esquema"":""public"",""definicao"":""CREATE INDEX idx_nc_resposta ON public.nao_conformidades USING btree (resposta_checklist_id)""},{""nome"":""idx_nc_resposta_checklist"",""tabela"":""nao_conformidades"",""esquema"":""public"",""definicao"":""CREATE INDEX idx_nc_resposta_checklist ON public.nao_conformidades USING btree (resposta_checklist_id)""},{""nome"":""idx_nc_unidade"",""tabela"":""nao_conformidades"",""esquema"":""public"",""definicao"":""CREATE INDEX idx_nc_unidade ON public.nao_conformidades USING btree (unidade_fiscalizada_id)""},{""nome"":""nao_conformidades_pkey"",""tabela"":""nao_conformidades"",""esquema"":""public"",""definicao"":""CREATE UNIQUE INDEX nao_conformidades_pkey ON public.nao_conformidades USING btree (id)""},{""nome"":""pareceres_tecnicos_pkey"",""tabela"":""pareceres_tecnicos"",""esquema"":""public"",""definicao"":""CREATE UNIQUE INDEX pareceres_tecnicos_pkey ON public.pareceres_tecnicos USING btree (id)""},{""nome"":""prestadores_servico_pkey"",""tabela"":""prestadores_servico"",""esquema"":""public"",""definicao"":""CREATE UNIQUE INDEX prestadores_servico_pkey ON public.prestadores_servico USING btree (id)""},{""nome"":""ux_prestadores_user_id"",""tabela"":""prestadores_servico"",""esquema"":""public"",""definicao"":""CREATE UNIQUE INDEX ux_prestadores_user_id ON public.prestadores_servico USING btree (user_id) WHERE (user_id IS NOT NULL)""},{""nome"":""profiles_pkey"",""tabela"":""profiles"",""esquema"":""public"",""definicao"":""CREATE UNIQUE INDEX profiles_pkey ON public.profiles USING btree (id)""},{""nome"":""ux_profiles_prestador_servico_id"",""tabela"":""profiles"",""esquema"":""public"",""definicao"":""CREATE UNIQUE INDEX ux_profiles_prestador_servico_id ON public.profiles USING btree (prestador_servico_id) WHERE (prestador_servico_id IS NOT NULL)""},{""nome"":""recomendacoes_pkey"",""tabela"":""recomendacoes"",""esquema"":""public"",""definicao"":""CREATE UNIQUE INDEX recomendacoes_pkey ON public.recomendacoes USING btree (id)""},{""nome"":""recomendacoes_unidade_numero_unq"",""tabela"":""recomendacoes"",""esquema"":""public"",""definicao"":""CREATE UNIQUE INDEX recomendacoes_unidade_numero_unq ON public.recomendacoes USING btree (unidade_fiscalizada_id, numero_recomendacao) WHERE ((numero_recomendacao IS NOT NULL) AND (btrim(numero_recomendacao) <> ''::text))""},{""nome"":""ux_recomendacoes_unidade_numero"",""tabela"":""recomendacoes"",""esquema"":""public"",""definicao"":""CREATE UNIQUE INDEX ux_recomendacoes_unidade_numero ON public.recomendacoes USING btree (unidade_fiscalizada_id, numero_recomendacao)""},{""nome"":""relatorios_jobs_fiscalizacao_id_idx"",""tabela"":""relatorios_jobs"",""esquema"":""public"",""definicao"":""CREATE INDEX relatorios_jobs_fiscalizacao_id_idx ON public.relatorios_jobs USING btree (fiscalizacao_id)""},{""nome"":""relatorios_jobs_pkey"",""tabela"":""relatorios_jobs"",""esquema"":""public"",""definicao"":""CREATE UNIQUE INDEX relatorios_jobs_pkey ON public.relatorios_jobs USING btree (id)""},{""nome"":""relatorios_jobs_requested_by_idx"",""tabela"":""relatorios_jobs"",""esquema"":""public"",""definicao"":""CREATE INDEX relatorios_jobs_requested_by_idx ON public.relatorios_jobs USING btree (requested_by)""},{""nome"":""relatorios_jobs_status_idx"",""tabela"":""relatorios_jobs"",""esquema"":""public"",""definicao"":""CREATE INDEX relatorios_jobs_status_idx ON public.relatorios_jobs USING btree (status)""},{""nome"":""idx_remessas_ai_camara"",""tabela"":""remessas_ai"",""esquema"":""public"",""definicao"":""CREATE INDEX idx_remessas_ai_camara ON public.remessas_ai USING btree (camara_tecnica_id)""},{""nome"":""remessas_ai_pkey"",""tabela"":""remessas_ai"",""esquema"":""public"",""definicao"":""CREATE UNIQUE INDEX remessas_ai_pkey ON public.remessas_ai USING btree (id)""},{""nome"":""remessas_ai_itens_pkey"",""tabela"":""remessas_ai_itens"",""esquema"":""public"",""definicao"":""CREATE UNIQUE INDEX remessas_ai_itens_pkey ON public.remessas_ai_itens USING btree (id)""},{""nome"":""remessas_ai_itens_remessa_ai_id_auto_infracao_id_key"",""tabela"":""remessas_ai_itens"",""esquema"":""public"",""definicao"":""CREATE UNIQUE INDEX remessas_ai_itens_remessa_ai_id_auto_infracao_id_key ON public.remessas_ai_itens USING btree (remessa_ai_id, auto_infracao_id)""},{""nome"":""idx_respostas_checklist_item"",""tabela"":""respostas_checklist"",""esquema"":""public"",""definicao"":""CREATE INDEX idx_respostas_checklist_item ON public.respostas_checklist USING btree (item_checklist_id)""},{""nome"":""respostas_checklist_pkey"",""tabela"":""respostas_checklist"",""esquema"":""public"",""definicao"":""CREATE UNIQUE INDEX respostas_checklist_pkey ON public.respostas_checklist USING btree (id)""},{""nome"":""ux_respostas_checklist_unidade_item"",""tabela"":""respostas_checklist"",""esquema"":""public"",""definicao"":""CREATE UNIQUE INDEX ux_respostas_checklist_unidade_item ON public.respostas_checklist USING btree (unidade_fiscalizada_id, item_checklist_id)""},{""nome"":""respostas_determinacao_pkey"",""tabela"":""respostas_determinacao"",""esquema"":""public"",""definicao"":""CREATE UNIQUE INDEX respostas_determinacao_pkey ON public.respostas_determinacao USING btree (id)""},{""nome"":""termos_notificacao_pkey"",""tabela"":""termos_notificacao"",""esquema"":""public"",""definicao"":""CREATE UNIQUE INDEX termos_notificacao_pkey ON public.termos_notificacao USING btree (id)""},{""nome"":""termos_notificacao_tipo_camara_numero_ano_uniq"",""tabela"":""termos_notificacao"",""esquema"":""public"",""definicao"":""CREATE UNIQUE INDEX termos_notificacao_tipo_camara_numero_ano_uniq ON public.termos_notificacao USING btree (tipo_relatorio, camara_tecnica, numero_rfp, ano_geracao) WHERE ((numero_rfp IS NOT NULL) AND (btrim(numero_rfp) <> ''::text))""},{""nome"":""idx_tipos_ocorrencia_dtr_rodovia"",""tabela"":""tipos_ocorrencia_dtr"",""esquema"":""public"",""definicao"":""CREATE INDEX idx_tipos_ocorrencia_dtr_rodovia ON public.tipos_ocorrencia_dtr USING btree (rodovia)""},{""nome"":""tipos_ocorrencia_dtr_pkey"",""tabela"":""tipos_ocorrencia_dtr"",""esquema"":""public"",""definicao"":""CREATE UNIQUE INDEX tipos_ocorrencia_dtr_pkey ON public.tipos_ocorrencia_dtr USING btree (id)""},{""nome"":""tipos_unidade_pkey"",""tabela"":""tipos_unidade"",""esquema"":""public"",""definicao"":""CREATE UNIQUE INDEX tipos_unidade_pkey ON public.tipos_unidade USING btree (id)""},{""nome"":""idx_unidades_codigo"",""tabela"":""unidades_fiscalizadas"",""esquema"":""public"",""definicao"":""CREATE INDEX idx_unidades_codigo ON public.unidades_fiscalizadas USING btree (codigo_unidade)""},{""nome"":""idx_unidades_fiscalizacao"",""tabela"":""unidades_fiscalizadas"",""esquema"":""public"",""definicao"":""CREATE INDEX idx_unidades_fiscalizacao ON public.unidades_fiscalizadas USING btree (fiscalizacao_id)""},{""nome"":""idx_unidades_fotos_gin"",""tabela"":""unidades_fiscalizadas"",""esquema"":""public"",""definicao"":""CREATE INDEX idx_unidades_fotos_gin ON public.unidades_fiscalizadas USING gin (fotos_unidade)""},{""nome"":""idx_unidades_nome"",""tabela"":""unidades_fiscalizadas"",""esquema"":""public"",""definicao"":""CREATE INDEX idx_unidades_nome ON public.unidades_fiscalizadas USING btree (nome_unidade)""},{""nome"":""idx_unidades_status"",""tabela"":""unidades_fiscalizadas"",""esquema"":""public"",""definicao"":""CREATE INDEX idx_unidades_status ON public.unidades_fiscalizadas USING btree (status)""},{""nome"":""idx_unidades_tipo"",""tabela"":""unidades_fiscalizadas"",""esquema"":""public"",""definicao"":""CREATE INDEX idx_unidades_tipo ON public.unidades_fiscalizadas USING btree (tipo_unidade_id)""},{""nome"":""unidades_fiscalizadas_fiscalizacao_codigo_unq"",""tabela"":""unidades_fiscalizadas"",""esquema"":""public"",""definicao"":""CREATE UNIQUE INDEX unidades_fiscalizadas_fiscalizacao_codigo_unq ON public.unidades_fiscalizadas USING btree (fiscalizacao_id, codigo_unidade) WHERE ((codigo_unidade IS NOT NULL) AND (btrim(codigo_unidade) <> ''::text))""},{""nome"":""unidades_fiscalizadas_fiscalizacao_ordem_idx"",""tabela"":""unidades_fiscalizadas"",""esquema"":""public"",""definicao"":""CREATE INDEX unidades_fiscalizadas_fiscalizacao_ordem_idx ON public.unidades_fiscalizadas USING btree (fiscalizacao_id, ordem)""},{""nome"":""unidades_fiscalizadas_pkey"",""tabela"":""unidades_fiscalizadas"",""esquema"":""public"",""definicao"":""CREATE UNIQUE INDEX unidades_fiscalizadas_pkey ON public.unidades_fiscalizadas USING btree (id)""}]"
8,views,1,"[{""nome"":""caters_fiscalizacoes_disponiveis"",""tipo"":""view"",""esquema"":""public"",""definicao"":"" SELECT id,\n    municipio_nome,\n    prestador_servico_nome,\n    servicos,\n    status,\n    data_inicio,\n    data_fim,\n    numero_termo,\n    camara_tecnica_id\n   FROM fiscalizacoes f\n  WHERE ((camara_tecnica_id = 'caters'::text) AND (status = 'finalizada'::text));""}]"
9,funcoes,44,"[{""nome"":""admin_delete_user"",""tipo"":""funcao"",""esquema"":""public"",""retorno"":""void"",""definicao"":""CREATE OR REPLACE FUNCTION public.admin_delete_user(p_user_id uuid)\n RETURNS void\n LANGUAGE plpgsql\n SECURITY DEFINER\n SET search_path TO 'public', 'auth'\nAS $function$\r\nBEGIN\r\n  IF NOT EXISTS (\r\n    SELECT 1\r\n    FROM public.profiles\r\n    WHERE id = auth.uid()\r\n      AND role = 'admin'\r\n      AND ativo = TRUE\r\n  ) THEN\r\n    RAISE EXCEPTION 'not authorized';\r\n  END IF;\r\n\r\n  IF p_user_id = auth.uid() THEN\r\n    RAISE EXCEPTION 'cannot delete self';\r\n  END IF;\r\n\r\n  DELETE FROM public.profiles WHERE id = p_user_id;\r\n  DELETE FROM auth.users WHERE id = p_user_id;\r\nEND;\r\n$function$\n"",""linguagem"":""plpgsql"",""argumentos"":""p_user_id uuid"",""comentario"":null,""configuracao"":[""search_path=public, auth""],""volatilidade"":""volatile"",""security_definer"":true},{""nome"":""admin_delete_user_by_email"",""tipo"":""funcao"",""esquema"":""public"",""retorno"":""void"",""definicao"":""CREATE OR REPLACE FUNCTION public.admin_delete_user_by_email(p_email text)\n RETURNS void\n LANGUAGE plpgsql\n SECURITY DEFINER\n SET search_path TO 'public', 'auth'\nAS $function$\r\nDECLARE\r\n  v_user_id uuid;\r\nBEGIN\r\n  IF NOT EXISTS (\r\n    SELECT 1\r\n    FROM public.profiles\r\n    WHERE id = auth.uid()\r\n      AND role = 'admin'\r\n      AND ativo = TRUE\r\n  ) THEN\r\n    RAISE EXCEPTION 'not authorized';\r\n  END IF;\r\n\r\n  SELECT id INTO v_user_id FROM auth.users WHERE email = p_email;\r\n  IF v_user_id IS NULL THEN\r\n    RETURN;\r\n  END IF;\r\n\r\n  IF v_user_id = auth.uid() THEN\r\n    RAISE EXCEPTION 'cannot delete self';\r\n  END IF;\r\n\r\n  DELETE FROM public.profiles WHERE id = v_user_id;\r\n  DELETE FROM auth.users WHERE id = v_user_id;\r\nEND;\r\n$function$\n"",""linguagem"":""plpgsql"",""argumentos"":""p_email text"",""comentario"":null,""configuracao"":[""search_path=public, auth""],""volatilidade"":""volatile"",""security_definer"":true},{""nome"":""camara_from_servicos"",""tipo"":""funcao"",""esquema"":""public"",""retorno"":""text"",""definicao"":""CREATE OR REPLACE FUNCTION public.camara_from_servicos(p_servicos text[])\n RETURNS text\n LANGUAGE plpgsql\n STABLE SECURITY DEFINER\n SET search_path TO 'public'\nAS $function$\r\nDECLARE\r\n  v_caters TEXT[] := ARRAY['Manejo de Resíduos Sólidos', 'Limpeza Urbana'];\r\n  v_catesa TEXT[] := ARRAY['Abastecimento de Água', 'Esgotamento Sanitário', 'Drenagem'];\r\n  v_has_caters BOOLEAN := FALSE;\r\n  v_has_catesa BOOLEAN := FALSE;\r\nBEGIN\r\n  IF p_servicos IS NULL OR array_length(p_servicos, 1) IS NULL THEN\r\n    RETURN NULL;\r\n  END IF;\r\n\r\n  SELECT\r\n    EXISTS (SELECT 1 FROM unnest(p_servicos) s WHERE s = ANY(v_caters)),\r\n    EXISTS (SELECT 1 FROM unnest(p_servicos) s WHERE s = ANY(v_catesa))\r\n  INTO v_has_caters, v_has_catesa;\r\n\r\n  IF     v_has_caters AND NOT v_has_catesa THEN RETURN 'caters';\r\n  ELSIF  v_has_catesa AND NOT v_has_caters THEN RETURN 'catesa';\r\n  ELSE   RETURN NULL; -- mixed or unknown → legacy, visible to all\r\n  END IF;\r\nEND;\r\n$function$\n"",""linguagem"":""plpgsql"",""argumentos"":""p_servicos text[]"",""comentario"":null,""configuracao"":[""search_path=public""],""volatilidade"":""stable"",""security_definer"":true},{""nome"":""can_access_camara"",""tipo"":""funcao"",""esquema"":""public"",""retorno"":""boolean"",""definicao"":""CREATE OR REPLACE FUNCTION public.can_access_camara(row_camara text)\n RETURNS boolean\n LANGUAGE sql\n STABLE SECURITY DEFINER\n SET search_path TO 'public'\nAS $function$\r\n  SELECT (\r\n    public.get_my_role() = 'admin'\r\n    OR (\r\n      public.get_my_role() IN ('coordenador', 'fiscal')\r\n      AND (\r\n        public.get_my_camara_tecnica() IS NULL  -- no chamber = backward compat, see all\r\n        OR row_camara IS NULL                   -- legacy record\r\n        OR row_camara = public.get_my_camara_tecnica()\r\n      )\r\n    )\r\n  );\r\n$function$\n"",""linguagem"":""sql"",""argumentos"":""row_camara text"",""comentario"":null,""configuracao"":[""search_path=public""],""volatilidade"":""stable"",""security_definer"":true},{""nome"":""can_access_fiscalizacao"",""tipo"":""funcao"",""esquema"":""public"",""retorno"":""boolean"",""definicao"":""CREATE OR REPLACE FUNCTION public.can_access_fiscalizacao(fiscalizacao uuid)\n RETURNS boolean\n LANGUAGE sql\n STABLE SECURITY DEFINER\n SET search_path TO 'public'\nAS $function$\r\n  select exists (\r\n    select 1\r\n    from public.termos_notificacao t\r\n    where t.fiscalizacao_id = fiscalizacao\r\n      and t.prestador_servico_id = public.current_prestador_servico_id()\r\n  );\r\n$function$\n"",""linguagem"":""sql"",""argumentos"":""fiscalizacao uuid"",""comentario"":null,""configuracao"":[""search_path=public""],""volatilidade"":""stable"",""security_definer"":true},{""nome"":""can_access_unidade"",""tipo"":""funcao"",""esquema"":""public"",""retorno"":""boolean"",""definicao"":""CREATE OR REPLACE FUNCTION public.can_access_unidade(unidade uuid)\n RETURNS boolean\n LANGUAGE sql\n STABLE SECURITY DEFINER\n SET search_path TO 'public'\nAS $function$\r\n  select exists (\r\n    select 1\r\n    from public.unidades_fiscalizadas u\r\n    join public.termos_notificacao t\r\n      on t.fiscalizacao_id = u.fiscalizacao_id\r\n    where u.id = unidade\r\n      and t.prestador_servico_id = public.current_prestador_servico_id()\r\n  );\r\n$function$\n"",""linguagem"":""sql"",""argumentos"":""unidade uuid"",""comentario"":null,""configuracao"":[""search_path=public""],""volatilidade"":""stable"",""security_definer"":true},{""nome"":""caters_import_from_fiscalizacao"",""tipo"":""funcao"",""esquema"":""public"",""retorno"":""integer"",""definicao"":""CREATE OR REPLACE FUNCTION public.caters_import_from_fiscalizacao(p_fiscalizacao_id uuid, p_caters_process_id uuid, p_prazo_dias integer DEFAULT 30)\n RETURNS integer\n LANGUAGE plpgsql\n SECURITY DEFINER\n SET search_path TO 'public'\nAS $function$\r\nDECLARE\r\n  v_data_base     date;\r\n  v_prazo_date    date;\r\n  v_rec           RECORD;\r\n  v_det           RECORD;\r\n  v_imported      integer := 0;\r\nBEGIN\r\n  -- Verifica se o caller tem acesso CATERS\r\n  IF NOT public.is_caters_user() THEN\r\n    RAISE EXCEPTION 'Acesso negado: usuário não pertence à CATERS.';\r\n  END IF;\r\n\r\n  -- Data base para calcular o prazo de 30 dias das recomendações\r\n  SELECT COALESCE(data_fim::date, data_inicio::date, now()::date)\r\n    INTO v_data_base\r\n    FROM public.fiscalizacoes\r\n   WHERE id = p_fiscalizacao_id;\r\n\r\n  v_prazo_date := v_data_base + (p_prazo_dias || ' days')::interval;\r\n\r\n  -- ----------------------------------------------------------------\r\n  -- Importar RECOMENDAÇÕES (fonte atual)\r\n  -- ----------------------------------------------------------------\r\n  FOR v_rec IN\r\n    SELECT r.id, r.descricao, r.created_at\r\n      FROM public.recomendacoes r\r\n      JOIN public.unidades_fiscalizadas uf ON uf.id = r.unidade_fiscalizada_id\r\n     WHERE uf.fiscalizacao_id = p_fiscalizacao_id\r\n       AND r.descricao IS NOT NULL\r\n       AND r.descricao <> ''\r\n       AND NOT EXISTS (\r\n             SELECT 1\r\n               FROM public.caters_recommendations cr\r\n              WHERE cr.process_id      = p_caters_process_id\r\n                AND cr.recomendacao_id = r.id\r\n           )\r\n  LOOP\r\n    INSERT INTO public.caters_recommendations (\r\n      process_id,\r\n      recomendacao_id,\r\n      description,\r\n      promised_due_at,\r\n      priority,\r\n      status,\r\n      created_by\r\n    ) VALUES (\r\n      p_caters_process_id,\r\n      v_rec.id,\r\n      v_rec.descricao,\r\n      v_prazo_date,\r\n      'media',\r\n      'pendente',\r\n      auth.uid()\r\n    );\r\n    v_imported := v_imported + 1;\r\n  END LOOP;\r\n\r\n  -- ----------------------------------------------------------------\r\n  -- Importar DETERMINAÇÕES (futuro — já preparado)\r\n  -- determinacoes têm prazo DATE explícito; usamos ele diretamente.\r\n  -- ----------------------------------------------------------------\r\n  FOR v_det IN\r\n    SELECT d.id, d.descricao, d.prazo\r\n      FROM public.determinacoes d\r\n      JOIN public.unidades_fiscalizadas uf ON uf.id = d.unidade_fiscalizada_id\r\n     WHERE uf.fiscalizacao_id = p_fiscalizacao_id\r\n       AND d.descricao IS NOT NULL\r\n       AND d.descricao <> ''\r\n       AND NOT EXISTS (\r\n             SELECT 1\r\n               FROM public.caters_recommendations cr\r\n              WHERE cr.process_id     = p_caters_process_id\r\n                AND cr.determinacao_id = d.id\r\n           )\r\n  LOOP\r\n    INSERT INTO public.caters_recommendations (\r\n      process_id,\r\n      determinacao_id,\r\n      description,\r\n      promised_due_at,\r\n      priority,\r\n      status,\r\n      created_by\r\n    ) VALUES (\r\n      p_caters_process_id,\r\n      v_det.id,\r\n      v_det.descricao,\r\n      COALESCE(v_det.prazo, v_prazo_date),\r\n      'alta',   -- determinações têm prioridade mais alta por padrão\r\n      'pendente',\r\n      auth.uid()\r\n    );\r\n    v_imported := v_imported + 1;\r\n  END LOOP;\r\n\r\n  -- Vincula o processo à fiscalização (garante consistência)\r\n  UPDATE public.caters_processes\r\n     SET fiscalizacao_id = p_fiscalizacao_id\r\n   WHERE id = p_caters_process_id;\r\n\r\n  RETURN v_imported;\r\nEND;\r\n$function$\n"",""linguagem"":""plpgsql"",""argumentos"":""p_fiscalizacao_id uuid, p_caters_process_id uuid, p_prazo_dias integer"",""comentario"":null,""configuracao"":[""search_path=public""],""volatilidade"":""volatile"",""security_definer"":true},{""nome"":""caters_set_updated_at"",""tipo"":""funcao"",""esquema"":""public"",""retorno"":""trigger"",""definicao"":""CREATE OR REPLACE FUNCTION public.caters_set_updated_at()\n RETURNS trigger\n LANGUAGE plpgsql\nAS $function$\r\nBEGIN\r\n  NEW.updated_at = now();\r\n  RETURN NEW;\r\nEND;\r\n$function$\n"",""linguagem"":""plpgsql"",""argumentos"":"""",""comentario"":null,""configuracao"":null,""volatilidade"":""volatile"",""security_definer"":false},{""nome"":""catesa_ai_jobs_set_updated_at"",""tipo"":""funcao"",""esquema"":""public"",""retorno"":""trigger"",""definicao"":""CREATE OR REPLACE FUNCTION public.catesa_ai_jobs_set_updated_at()\n RETURNS trigger\n LANGUAGE plpgsql\nAS $function$\r\nBEGIN\r\n  NEW.updated_at = now();\r\n  RETURN NEW;\r\nEND;\r\n$function$\n"",""linguagem"":""plpgsql"",""argumentos"":"""",""comentario"":null,""configuracao"":null,""volatilidade"":""volatile"",""security_definer"":false},{""nome"":""claim_caters_ai_jobs"",""tipo"":""funcao"",""esquema"":""public"",""retorno"":""SETOF caters_ai_jobs"",""definicao"":""CREATE OR REPLACE FUNCTION public.claim_caters_ai_jobs(p_limit integer, p_job_id uuid DEFAULT NULL::uuid, p_stale_minutes integer DEFAULT 5)\n RETURNS SETOF caters_ai_jobs\n LANGUAGE plpgsql\n SECURITY DEFINER\n SET search_path TO 'public'\nAS $function$\r\nBEGIN\r\n  RETURN QUERY\r\n  UPDATE public.caters_ai_jobs j\r\n  SET status = 'processing', updated_at = now(), error_message = NULL\r\n  FROM (\r\n    SELECT id FROM public.caters_ai_jobs\r\n    WHERE (\r\n        (p_job_id IS NULL OR id = p_job_id)\r\n        AND (\r\n          status = 'queued'\r\n          OR (status = 'processing' AND updated_at < now() - (p_stale_minutes || ' minutes')::interval)\r\n        )\r\n      )\r\n    ORDER BY created_at ASC\r\n    LIMIT p_limit\r\n    FOR UPDATE SKIP LOCKED\r\n  ) claimable\r\n  WHERE j.id = claimable.id\r\n  RETURNING j.*;\r\nEND;\r\n$function$\n"",""linguagem"":""plpgsql"",""argumentos"":""p_limit integer, p_job_id uuid, p_stale_minutes integer"",""comentario"":null,""configuracao"":[""search_path=public""],""volatilidade"":""volatile"",""security_definer"":true},{""nome"":""claim_catesa_ai_jobs"",""tipo"":""funcao"",""esquema"":""public"",""retorno"":""SETOF catesa_ai_jobs"",""definicao"":""CREATE OR REPLACE FUNCTION public.claim_catesa_ai_jobs(p_limit integer, p_job_id uuid DEFAULT NULL::uuid, p_stale_minutes integer DEFAULT 5)\n RETURNS SETOF catesa_ai_jobs\n LANGUAGE plpgsql\n SECURITY DEFINER\n SET search_path TO 'public'\nAS $function$\r\nBEGIN\r\n  RETURN QUERY\r\n  UPDATE public.catesa_ai_jobs j\r\n  SET status = 'processing', updated_at = now(), error_message = NULL\r\n  FROM (\r\n    SELECT id FROM public.catesa_ai_jobs\r\n    WHERE (\r\n        (p_job_id IS NULL OR id = p_job_id)\r\n        AND (\r\n          status = 'queued'\r\n          OR (status = 'processing' AND updated_at < now() - (p_stale_minutes || ' minutes')::interval)\r\n        )\r\n      )\r\n    ORDER BY created_at ASC\r\n    LIMIT p_limit\r\n    FOR UPDATE SKIP LOCKED\r\n  ) claimable\r\n  WHERE j.id = claimable.id\r\n  RETURNING j.*;\r\nEND;\r\n$function$\n"",""linguagem"":""plpgsql"",""argumentos"":""p_limit integer, p_job_id uuid, p_stale_minutes integer"",""comentario"":null,""configuracao"":[""search_path=public""],""volatilidade"":""volatile"",""security_definer"":true},{""nome"":""claim_relatorios_jobs"",""tipo"":""funcao"",""esquema"":""public"",""retorno"":""SETOF relatorios_jobs"",""definicao"":""CREATE OR REPLACE FUNCTION public.claim_relatorios_jobs(p_limit integer, p_job_id uuid DEFAULT NULL::uuid, p_stale_minutes integer DEFAULT 20)\n RETURNS SETOF relatorios_jobs\n LANGUAGE plpgsql\n SECURITY DEFINER\n SET search_path TO 'public'\nAS $function$\r\ndeclare\r\n  v_now timestamptz := now();\r\n  v_cutoff timestamptz := v_now - make_interval(mins => greatest(p_stale_minutes, 1));\r\nbegin\r\n  if p_job_id is not null then\r\n    return query\r\n    with picked as (\r\n      select id\r\n      from public.relatorios_jobs\r\n      where id = p_job_id\r\n        and (status = 'queued' or (status = 'processing' and updated_at < v_cutoff))\r\n      for update skip locked\r\n    ), upd as (\r\n      update public.relatorios_jobs j\r\n      set status = 'processing', updated_at = v_now, error_message = null\r\n      from picked\r\n      where j.id = picked.id\r\n      returning j.*\r\n    )\r\n    select * from upd;\r\n    return;\r\n  end if;\r\n\r\n  return query\r\n  with picked as (\r\n    select id\r\n    from public.relatorios_jobs\r\n    where status = 'queued' or (status = 'processing' and updated_at < v_cutoff)\r\n    order by created_at asc\r\n    limit greatest(1, least(p_limit, 10))\r\n    for update skip locked\r\n  ), upd as (\r\n    update public.relatorios_jobs j\r\n    set status = 'processing', updated_at = v_now, error_message = null\r\n    from picked\r\n    where j.id = picked.id\r\n    returning j.*\r\n  )\r\n  select * from upd;\r\nend;\r\n$function$\n"",""linguagem"":""plpgsql"",""argumentos"":""p_limit integer, p_job_id uuid, p_stale_minutes integer"",""comentario"":null,""configuracao"":[""search_path=public""],""volatilidade"":""volatile"",""security_definer"":true},{""nome"":""current_prestador_servico_id"",""tipo"":""funcao"",""esquema"":""public"",""retorno"":""uuid"",""definicao"":""CREATE OR REPLACE FUNCTION public.current_prestador_servico_id()\n RETURNS uuid\n LANGUAGE sql\n STABLE SECURITY DEFINER\n SET search_path TO 'public'\nAS $function$\r\n  select (select prestador_servico_id from public.profiles where id = auth.uid() and ativo is true);\r\n$function$\n"",""linguagem"":""sql"",""argumentos"":"""",""comentario"":null,""configuracao"":[""search_path=public""],""volatilidade"":""stable"",""security_definer"":true},{""nome"":""current_role"",""tipo"":""funcao"",""esquema"":""public"",""retorno"":""text"",""definicao"":""CREATE OR REPLACE FUNCTION public.\""current_role\""()\n RETURNS text\n LANGUAGE sql\n STABLE SECURITY DEFINER\n SET search_path TO 'public'\nAS $function$\r\n  select coalesce((select role from public.profiles where id = auth.uid() and ativo is true), '');\r\n$function$\n"",""linguagem"":""sql"",""argumentos"":"""",""comentario"":null,""configuracao"":[""search_path=public""],""volatilidade"":""stable"",""security_definer"":true},{""nome"":""determinacoes_fill_origem"",""tipo"":""funcao"",""esquema"":""public"",""retorno"":""trigger"",""definicao"":""CREATE OR REPLACE FUNCTION public.determinacoes_fill_origem()\n RETURNS trigger\n LANGUAGE plpgsql\n SECURITY DEFINER\n SET search_path TO 'public'\nAS $function$\r\ndeclare\r\n  v_item_checklist_id uuid;\r\nbegin\r\n  if new.origem is null or btrim(new.origem) = '' then\r\n    v_item_checklist_id := null;\r\n\r\n    if new.nao_conformidade_id is not null then\r\n      select rc.item_checklist_id\r\n        into v_item_checklist_id\r\n      from public.nao_conformidades nc\r\n      join public.respostas_checklist rc on rc.id = nc.resposta_checklist_id\r\n      where nc.id = new.nao_conformidade_id\r\n      limit 1;\r\n    end if;\r\n\r\n    if v_item_checklist_id is not null then\r\n      new.origem := 'checklist:' || v_item_checklist_id::text;\r\n    else\r\n      new.origem := 'legacy:' || new.id::text;\r\n    end if;\r\n  end if;\r\n\r\n  return new;\r\nend;\r\n$function$\n"",""linguagem"":""plpgsql"",""argumentos"":"""",""comentario"":null,""configuracao"":[""search_path=public""],""volatilidade"":""volatile"",""security_definer"":true},{""nome"":""e_chave_de_servico"",""tipo"":""funcao"",""esquema"":""public"",""retorno"":""boolean"",""definicao"":""CREATE OR REPLACE FUNCTION public.e_chave_de_servico()\n RETURNS boolean\n LANGUAGE sql\n STABLE\n SET search_path TO 'public'\nAS $function$\r\n  SELECT coalesce(nullif(current_setting('request.jwt.claims', true), '')::jsonb ->> 'role', '') = 'service_role';\r\n$function$\n"",""linguagem"":""sql"",""argumentos"":"""",""comentario"":null,""configuracao"":[""search_path=public""],""volatilidade"":""stable"",""security_definer"":false},{""nome"":""enforce_profile_security"",""tipo"":""funcao"",""esquema"":""public"",""retorno"":""trigger"",""definicao"":""CREATE OR REPLACE FUNCTION public.enforce_profile_security()\n RETURNS trigger\n LANGUAGE plpgsql\n SECURITY DEFINER\n SET search_path TO 'public'\nAS $function$\r\nDECLARE\r\n  current_user_role TEXT;\r\nBEGIN\r\n  -- Operação interna sem usuário logado (gatilho do cadastro, service role, migrations): permitir.\r\n  -- O cadastro é validado em handle_new_user().\r\n  IF auth.uid() IS NULL THEN\r\n    RETURN NEW;\r\n  END IF;\r\n\r\n  -- Papel de quem executa, só se o perfil estiver ativo.\r\n  SELECT role INTO current_user_role FROM public.profiles WHERE id = auth.uid() AND ativo IS TRUE;\r\n\r\n  -- Se for INSERÇÃO (Cadastro Inicial)\r\n  IF TG_OP = 'INSERT' THEN\r\n    -- Quem não é admin só cria perfil de fiscal, diretor ou prestador\r\n    IF NEW.role NOT IN ('fiscal', 'diretor', 'prestador') AND COALESCE(current_user_role, '') <> 'admin' THEN\r\n      NEW.role := 'fiscal';\r\n    END IF;\r\n\r\n    -- Apenas admins podem cadastrar novos perfis já ativos\r\n    IF NEW.ativo IS TRUE AND COALESCE(current_user_role, '') <> 'admin' THEN\r\n      NEW.ativo := FALSE;\r\n    END IF;\r\n  END IF;\r\n\r\n  -- Se for ATUALIZAÇÃO (Edição de Perfil)\r\n  IF TG_OP = 'UPDATE' THEN\r\n    -- Impedir alteração de role por quem não é admin\r\n    IF OLD.role IS DISTINCT FROM NEW.role AND COALESCE(current_user_role, '') <> 'admin' THEN\r\n      NEW.role := OLD.role;\r\n    END IF;\r\n\r\n    -- Impedir alteração de ativo (aprovação) por quem não é admin\r\n    IF OLD.ativo IS DISTINCT FROM NEW.ativo AND COALESCE(current_user_role, '') <> 'admin' THEN\r\n      NEW.ativo := OLD.ativo;\r\n    END IF;\r\n\r\n    -- Impedir alteração de vínculo de prestador por quem não é admin\r\n    IF OLD.prestador_servico_id IS DISTINCT FROM NEW.prestador_servico_id\r\n       AND COALESCE(current_user_role, '') <> 'admin' THEN\r\n      NEW.prestador_servico_id := OLD.prestador_servico_id;\r\n    END IF;\r\n\r\n    -- Impedir alteração de diretoria/câmara técnica por quem não é admin\r\n    IF OLD.diretoria_id IS DISTINCT FROM NEW.diretoria_id\r\n       AND COALESCE(current_user_role, '') <> 'admin' THEN\r\n      NEW.diretoria_id := OLD.diretoria_id;\r\n    END IF;\r\n\r\n    IF OLD.camara_tecnica_id IS DISTINCT FROM NEW.camara_tecnica_id\r\n       AND COALESCE(current_user_role, '') <> 'admin' THEN\r\n      NEW.camara_tecnica_id := OLD.camara_tecnica_id;\r\n    END IF;\r\n  END IF;\r\n\r\n  RETURN NEW;\r\nEND;\r\n$function$\n"",""linguagem"":""plpgsql"",""argumentos"":"""",""comentario"":null,""configuracao"":[""search_path=public""],""volatilidade"":""volatile"",""security_definer"":true},{""nome"":""finalizar_fiscalizacao"",""tipo"":""funcao"",""esquema"":""public"",""retorno"":""jsonb"",""definicao"":""CREATE OR REPLACE FUNCTION public.finalizar_fiscalizacao(p_fiscalizacao_id uuid)\n RETURNS jsonb\n LANGUAGE plpgsql\n SECURITY DEFINER\n SET search_path TO 'public'\nAS $function$\r\nDECLARE\r\n  v_fisc_id uuid := p_fiscalizacao_id;\r\n  r_u record;\r\n  v_total_nc int := 0;\r\n  v_total_dets int := 0;\r\n  v_total_recs int := 0;\r\n  v_total_const int := 0;\r\n  v_total_unidades int := 0;\r\n  v_numero_termo text;\r\n  v_ano int;\r\n  v_rank int := 0;\r\n  v_created_at timestamptz;\r\n  v_data_fim timestamptz := now();\r\n  has_total_constatacoes boolean;\r\n  has_total_ncs boolean;\r\n  has_total_determinacoes boolean;\r\n  has_total_recomendacoes boolean;\r\nBEGIN\r\n  -- Segurança: Bloquear se o executor não for admin, coordenador ou fiscal\r\n  IF COALESCE(public.get_my_role(), '') NOT IN ('admin', 'coordenador', 'fiscal')\r\n     AND NOT public.e_chave_de_servico() THEN\r\n    RETURN jsonb_build_object('success', false, 'error', 'Acesso negado: privilégios insuficientes.');\r\n  END IF;\r\n\r\n  IF v_fisc_id IS NULL THEN\r\n    RETURN jsonb_build_object('success', false, 'error', 'Fiscalização não informada');\r\n  END IF;\r\n  IF NOT EXISTS (SELECT 1 FROM public.fiscalizacoes f WHERE f.id = v_fisc_id) THEN\r\n    RETURN jsonb_build_object('success', false, 'error', 'Fiscalização não encontrada');\r\n  END IF;\r\n\r\n  SELECT f.created_at INTO v_created_at\r\n  FROM public.fiscalizacoes f\r\n  WHERE f.id = v_fisc_id\r\n  FOR UPDATE;\r\n\r\n  v_created_at := coalesce(v_created_at, now());\r\n  v_ano := extract(year from v_created_at);\r\n\r\n  SELECT t.rn INTO v_rank\r\n  FROM (\r\n    SELECT\r\n      f.id,\r\n      row_number() OVER (\r\n        PARTITION BY extract(year from f.created_at)::int\r\n        ORDER BY f.created_at ASC, f.id ASC\r\n      ) AS rn\r\n    FROM public.fiscalizacoes f\r\n    WHERE f.created_at IS NOT NULL\r\n  ) t\r\n  WHERE t.id = v_fisc_id;\r\n\r\n  IF v_rank IS NULL OR v_rank < 1 THEN\r\n    v_rank := 1;\r\n  END IF;\r\n\r\n  v_numero_termo := lpad(v_rank::text, 3, '0') || '/' || v_ano::text;\r\n\r\n  -- Regerar NC/D/R por unidade antes de consolidar (mantém consistência após reaberturas/edições)\r\n  FOR r_u IN\r\n    SELECT uf.*\r\n    FROM public.unidades_fiscalizadas uf\r\n    WHERE uf.fiscalizacao_id = v_fisc_id\r\n    ORDER BY uf.created_at ASC\r\n  LOOP\r\n    PERFORM public.gerar_ncs_unidade(r_u.id, (to_jsonb(r_u)->'fotos_unidade'), false);\r\n  END LOOP;\r\n\r\n  SELECT count(*) INTO v_total_unidades\r\n  FROM public.unidades_fiscalizadas uf\r\n  WHERE uf.fiscalizacao_id = v_fisc_id;\r\n\r\n  SELECT coalesce(sum(t.cte),0) INTO v_total_const\r\n  FROM (\r\n    SELECT count(*) AS cte\r\n    FROM public.respostas_checklist rc\r\n    WHERE rc.unidade_fiscalizada_id IN (SELECT uf.id FROM public.unidades_fiscalizadas uf WHERE uf.fiscalizacao_id = v_fisc_id)\r\n      AND upper(coalesce(rc.resposta, '')) IN ('SIM','NAO','NÃO')\r\n      AND rc.pergunta IS NOT NULL AND btrim(rc.pergunta) <> ''\r\n    UNION ALL\r\n    SELECT count(*) AS cte\r\n    FROM public.constatacoes_manuais cm\r\n    WHERE cm.unidade_fiscalizada_id IN (SELECT uf.id FROM public.unidades_fiscalizadas uf WHERE uf.fiscalizacao_id = v_fisc_id)\r\n  ) t;\r\n\r\n  SELECT count(*) INTO v_total_nc\r\n  FROM public.nao_conformidades nc\r\n  WHERE nc.unidade_fiscalizada_id IN (SELECT uf.id FROM public.unidades_fiscalizadas uf WHERE uf.fiscalizacao_id = v_fisc_id);\r\n\r\n  SELECT count(*) INTO v_total_dets\r\n  FROM public.determinacoes d\r\n  WHERE d.unidade_fiscalizada_id IN (SELECT uf.id FROM public.unidades_fiscalizadas uf WHERE uf.fiscalizacao_id = v_fisc_id);\r\n\r\n  SELECT count(*) INTO v_total_recs\r\n  FROM public.recomendacoes r\r\n  WHERE r.unidade_fiscalizada_id IN (SELECT uf.id FROM public.unidades_fiscalizadas uf WHERE uf.fiscalizacao_id = v_fisc_id);\r\n\r\n  UPDATE public.fiscalizacoes f\r\n  SET status = 'finalizada',\r\n      data_fim = CASE WHEN f.data_fim IS NULL THEN v_data_fim ELSE f.data_fim END,\r\n      numero_termo = v_numero_termo,\r\n      updated_at = now()\r\n  WHERE f.id = v_fisc_id;\r\n\r\n  SELECT exists(\r\n    SELECT 1 FROM information_schema.columns\r\n    WHERE table_schema = 'public' AND table_name = 'fiscalizacoes' AND column_name = 'total_constatacoes'\r\n  ) INTO has_total_constatacoes;\r\n\r\n  SELECT exists(\r\n    SELECT 1 FROM information_schema.columns\r\n    WHERE table_schema = 'public' AND table_name = 'fiscalizacoes' AND column_name = 'total_ncs'\r\n  ) INTO has_total_ncs;\r\n\r\n  SELECT exists(\r\n    SELECT 1 FROM information_schema.columns\r\n    WHERE table_schema = 'public' AND table_name = 'fiscalizacoes' AND column_name = 'total_determinacoes'\r\n  ) INTO has_total_determinacoes;\r\n\r\n  SELECT exists(\r\n    SELECT 1 FROM information_schema.columns\r\n    WHERE table_schema = 'public' AND table_name = 'fiscalizacoes' AND column_name = 'total_recomendacoes'\r\n  ) INTO has_total_recomendacoes;\r\n\r\n  IF has_total_constatacoes THEN\r\n    UPDATE public.fiscalizacoes SET total_constatacoes = v_total_const WHERE id = v_fisc_id;\r\n  END IF;\r\n  IF has_total_ncs THEN\r\n    UPDATE public.fiscalizacoes SET total_ncs = v_total_nc WHERE id = v_fisc_id;\r\n  END IF;\r\n  IF has_total_determinacoes THEN\r\n    UPDATE public.fiscalizacoes SET total_determinacoes = v_total_dets WHERE id = v_fisc_id;\r\n  END IF;\r\n  IF has_total_recomendacoes THEN\r\n    UPDATE public.fiscalizacoes SET total_recomendacoes = v_total_recs WHERE id = v_fisc_id;\r\n  END IF;\r\n\r\n  RETURN jsonb_build_object(\r\n    'success', true,\r\n    'fiscalizacao_id', v_fisc_id,\r\n    'numero_termo', v_numero_termo,\r\n    'total_unidades', v_total_unidades,\r\n    'total_constatacoes', v_total_const,\r\n    'total_ncs', v_total_nc,\r\n    'total_determinacoes', v_total_dets,\r\n    'total_recomendacoes', v_total_recs\r\n  );\r\nEND;\r\n$function$\n"",""linguagem"":""plpgsql"",""argumentos"":""p_fiscalizacao_id uuid"",""comentario"":null,""configuracao"":[""search_path=public""],""volatilidade"":""volatile"",""security_definer"":true},{""nome"":""gerar_ncs_unidade"",""tipo"":""funcao"",""esquema"":""public"",""retorno"":""jsonb"",""definicao"":""CREATE OR REPLACE FUNCTION public.gerar_ncs_unidade(p_unidade_fiscalizada_id uuid, p_fotos jsonb DEFAULT NULL::jsonb, p_finalizar boolean DEFAULT false)\n RETURNS jsonb\n LANGUAGE plpgsql\n SECURITY DEFINER\n SET search_path TO 'public'\nAS $function$\r\nDECLARE\r\n  p_unidade_id uuid := p_unidade_fiscalizada_id;\r\n  v_fiscalizacao uuid;\r\n  v_created timestamptz;\r\n  ids_anteriores uuid[];\r\n  contC int := 0;\r\n  contNC int := 0;\r\n  contD int := 0;\r\n  contR int := 0;\r\n  r_resp record;\r\n  r_man record;\r\n  v_nc_id uuid;\r\n  v_total_constatacoes int := 0;\r\n  v_total_ncs int := 0;\r\n  v_total_dets int := 0;\r\n  v_total_recs int := 0;\r\n  v_status_final text;\r\n  v_nc_descricao text;\r\n  \r\n  -- Novas variáveis para controle e preservação de recomendações\r\n  v_origem text;\r\n  v_rec_id uuid;\r\n  v_valid_origens text[] := array[]::text[];\r\n  \r\n  -- Novas variáveis para controle e preservação de determinações\r\n  v_det_id uuid;\r\n  v_valid_det_origens text[] := array[]::text[];\r\nBEGIN\r\n  -- Segurança: Bloquear se o executor não for admin, coordenador ou fiscal\r\n  IF COALESCE(public.get_my_role(), '') NOT IN ('admin', 'coordenador', 'fiscal')\r\n     AND NOT public.e_chave_de_servico() THEN\r\n    RETURN jsonb_build_object('success', false, 'error', 'Acesso negado: privilégios insuficientes.');\r\n  END IF;\r\n\r\n  SELECT uf.fiscalizacao_id, uf.created_at\r\n    INTO v_fiscalizacao, v_created\r\n  FROM public.unidades_fiscalizadas uf\r\n  WHERE uf.id = p_unidade_id;\r\n\r\n  IF v_fiscalizacao IS NULL THEN\r\n    RETURN jsonb_build_object('success', false, 'error', 'Unidade não encontrada');\r\n  END IF;\r\n\r\n  SELECT array_agg(uf.id)\r\n    INTO ids_anteriores\r\n  FROM public.unidades_fiscalizadas uf\r\n  WHERE uf.fiscalizacao_id = v_fiscalizacao\r\n    AND uf.status = 'finalizada'\r\n    AND uf.created_at < v_created;\r\n\r\n  IF ids_anteriores IS NOT NULL THEN\r\n    SELECT coalesce(sum(uf.total_constatacoes),0), coalesce(sum(uf.total_ncs),0)\r\n      INTO contC, contNC\r\n    FROM public.unidades_fiscalizadas uf\r\n    WHERE uf.id = ANY(ids_anteriores);\r\n\r\n    SELECT count(*) INTO contD\r\n    FROM public.determinacoes d\r\n    WHERE d.unidade_fiscalizada_id = ANY(ids_anteriores);\r\n\r\n    SELECT count(*) INTO contR\r\n    FROM public.recomendacoes r\r\n    WHERE r.unidade_fiscalizada_id = ANY(ids_anteriores);\r\n  END IF;\r\n\r\n  -- 1. Remove apenas não-conformidades antigas (elas são reconstruídas do zero a cada ciclo)\r\n  -- NOTA: O drop de NCs redefine o campo nao_conformidade_id das determinações para NULL (ON DELETE SET NULL).\r\n  -- Não deletamos as determinações cegas para preservar edições de descrição, prazo e numeração feitas na UI.\r\n  DELETE FROM public.nao_conformidades nc WHERE nc.unidade_fiscalizada_id = p_unidade_id;\r\n  \r\n  -- 2. NOTA: Não limpamos/zeramos a numeração (numero_recomendacao) no início,\r\n  -- pois queremos preservar a ordenação customizada (drag & drop) que o usuário definiu na UI.\r\n\r\n  -- 3. Processamento das respostas do checklist\r\n  FOR r_resp IN\r\n    WITH ranked AS (\r\n      SELECT\r\n        rc.*,\r\n        ic.artigo_portaria,\r\n        ic.texto_determinacao,\r\n        ic.prazo_dias,\r\n        ic.texto_recomendacao,\r\n        row_number() OVER (\r\n          PARTITION BY coalesce(rc.item_checklist_id::text, rc.pergunta, rc.numero_constatacao)\r\n          ORDER BY coalesce(((to_jsonb(rc)->>'updated_at'))::timestamptz, rc.created_at) DESC, rc.created_at DESC, rc.id DESC\r\n        ) AS rn\r\n      FROM public.respostas_checklist rc\r\n      LEFT JOIN public.itens_checklist ic ON ic.id = rc.item_checklist_id\r\n      WHERE rc.unidade_fiscalizada_id = p_unidade_id\r\n    )\r\n    SELECT * FROM ranked WHERE rn = 1\r\n  LOOP\r\n    IF upper(coalesce(r_resp.resposta, '')) IN ('NAO','NÃO') AND coalesce(r_resp.gera_nc, false) THEN\r\n      contNC := contNC + 1;\r\n\r\n      v_nc_descricao := 'Constatação '||coalesce(r_resp.numero_constatacao, 'C?')||': não cumprimento do '||coalesce(r_resp.artigo_portaria, 'artigo aplicável')||';';\r\n      IF v_nc_descricao IS NULL OR btrim(v_nc_descricao) = '' THEN\r\n        v_nc_descricao := 'Não conformidade sem descrição;';\r\n      END IF;\r\n\r\n      INSERT INTO public.nao_conformidades (\r\n        unidade_fiscalizada_id, resposta_checklist_id, numero_nc, artigo_portaria, descricao, gravidade\r\n      )\r\n      VALUES (\r\n        p_unidade_id,\r\n        r_resp.id,\r\n        'NC'||contNC,\r\n        coalesce(r_resp.artigo_portaria, ''),\r\n        v_nc_descricao,\r\n        'Média'\r\n      )\r\n      RETURNING id INTO v_nc_id;\r\n\r\n      IF r_resp.texto_determinacao IS NOT NULL AND btrim(r_resp.texto_determinacao) <> '' THEN\r\n        contD := contD + 1;\r\n        \r\n        -- Mapeia a origem de forma individualizada de acordo com o padrão do frontend\r\n        v_origem := CASE\r\n          WHEN r_resp.item_checklist_id IS NOT NULL THEN 'checklist:'||r_resp.item_checklist_id::text\r\n          ELSE 'legacy:'||r_resp.id::text\r\n        END;\r\n        v_valid_det_origens := array_append(v_valid_det_origens, v_origem);\r\n\r\n        -- Verifica se já existe uma determinação com a mesma origem para esta unidade\r\n        SELECT id INTO v_det_id\r\n        FROM public.determinacoes\r\n        WHERE unidade_fiscalizada_id = p_unidade_id\r\n          AND (origem = v_origem OR origem = 'checklist:'||r_resp.id::text);\r\n\r\n        IF v_det_id IS NOT NULL THEN\r\n          -- Preserva a descrição editada pelo usuário!\r\n          -- Atualizamos apenas o nao_conformidade_id (que mudou), a origem e o timestamp.\r\n          UPDATE public.determinacoes\r\n          SET nao_conformidade_id = v_nc_id,\r\n              origem = v_origem,\r\n              updated_at = now()\r\n          WHERE id = v_det_id;\r\n        ELSE\r\n          -- Cria nova determinação com o texto padrão\r\n          -- Usamos NULL na numeração para evitar conflitos; o sync engine se encarrega de reordenar na sincronização.\r\n          INSERT INTO public.determinacoes (\r\n            unidade_fiscalizada_id, nao_conformidade_id, numero_determinacao, descricao, prazo_dias, data_limite, status, origem, created_at, updated_at\r\n          )\r\n          VALUES (\r\n            p_unidade_id,\r\n            v_nc_id,\r\n            NULL,\r\n            'Sanar NC'||contNC||'. '||r_resp.texto_determinacao,\r\n            coalesce(r_resp.prazo_dias, 30),\r\n            (now()::date + coalesce(r_resp.prazo_dias, 30)),\r\n            'pendente',\r\n            v_origem,\r\n            now(),\r\n            now()\r\n          );\r\n        END IF;\r\n      ELSIF r_resp.texto_recomendacao IS NOT NULL AND btrim(r_resp.texto_recomendacao) <> '' THEN\r\n        contR := contR + 1;\r\n        \r\n        -- Mapeia a origem de forma tempo real e individualizada\r\n        v_origem := CASE \r\n          WHEN r_resp.item_checklist_id IS NOT NULL THEN 'checklist:'||r_resp.item_checklist_id::text\r\n          ELSE 'legacy_rec:'||r_resp.id::text\r\n        END;\r\n        \r\n        v_valid_origens := array_append(v_valid_origens, v_origem);\r\n\r\n        -- Verifica se já existe uma recomendação com a mesma origem para esta unidade\r\n        SELECT id INTO v_rec_id \r\n        FROM public.recomendacoes \r\n        WHERE unidade_fiscalizada_id = p_unidade_id \r\n          AND (origem = v_origem OR origem = 'checklist'); \r\n\r\n        IF v_rec_id IS NOT NULL THEN\r\n          -- Preserva a numeração e a descrição originais\r\n          UPDATE public.recomendacoes \r\n          SET origem = v_origem,\r\n              updated_at = now() \r\n          WHERE id = v_rec_id;\r\n        ELSE\r\n          -- Cria nova recomendação\r\n          INSERT INTO public.recomendacoes (unidade_fiscalizada_id, numero_recomendacao, descricao, origem, created_at, updated_at)\r\n          VALUES (p_unidade_id, NULL, r_resp.texto_recomendacao, v_origem, now(), now());\r\n        END IF;\r\n      END IF;\r\n    END IF;\r\n  END LOOP;\r\n\r\n  -- 4. Processamento das constatações manuais\r\n  FOR r_man IN\r\n    SELECT cm.* FROM public.constatacoes_manuais cm\r\n    WHERE cm.unidade_fiscalizada_id = p_unidade_id\r\n    ORDER BY coalesce(cm.updated_at, cm.created_at) ASC, cm.created_at ASC, cm.id ASC\r\n  LOOP\r\n    IF coalesce(r_man.gera_nc,false) THEN\r\n      contNC := contNC + 1;\r\n\r\n      v_nc_descricao := coalesce(\r\n        nullif(btrim(r_man.descricao_nc), ''),\r\n        'Constatação '||coalesce(r_man.numero_constatacao, 'C?')||': não cumprimento do '||coalesce(r_man.artigo_portaria, 'artigo aplicável')||';'\r\n      );\r\n      v_nc_descricao := regexp_replace(\r\n        v_nc_descricao,\r\n        'Constatação\\s+C[0-9]+',\r\n        'Constatação '||coalesce(r_man.numero_constatacao, 'C?')\r\n      );\r\n      IF v_nc_descricao IS NULL OR btrim(v_nc_descricao) = '' THEN\r\n        v_nc_descricao := 'Não conformidade sem descrição;';\r\n      END IF;\r\n\r\n      INSERT INTO public.nao_conformidades (\r\n        unidade_fiscalizada_id, resposta_checklist_id, numero_nc, artigo_portaria, descricao, gravidade\r\n      )\r\n      VALUES (\r\n        p_unidade_id,\r\n        null,\r\n        'NC'||contNC,\r\n        coalesce(r_man.artigo_portaria, ''),\r\n        v_nc_descricao,\r\n        'Média'\r\n      )\r\n      RETURNING id INTO v_nc_id;\r\n\r\n      IF r_man.texto_determinacao IS NOT NULL AND btrim(r_man.texto_determinacao) <> '' THEN\r\n        contD := contD + 1;\r\n        \r\n        -- Mapeia a origem de forma individualizada\r\n        v_origem := 'manual_constatacao:'||r_man.id::text;\r\n        v_valid_det_origens := array_append(v_valid_det_origens, v_origem);\r\n\r\n        -- Verifica se já existe uma determinação com a mesma origem para esta unidade\r\n        SELECT id INTO v_det_id\r\n        FROM public.determinacoes\r\n        WHERE unidade_fiscalizada_id = p_unidade_id\r\n          AND origem = v_origem;\r\n\r\n        IF v_det_id IS NOT NULL THEN\r\n          -- Preserva a descrição editada pelo usuário!\r\n          -- Atualizamos apenas o nao_conformidade_id (que mudou) e o timestamp.\r\n          UPDATE public.determinacoes\r\n          SET nao_conformidade_id = v_nc_id,\r\n              updated_at = now()\r\n          WHERE id = v_det_id;\r\n        ELSE\r\n          -- Cria nova determinação\r\n          INSERT INTO public.determinacoes (\r\n            unidade_fiscalizada_id, nao_conformidade_id, numero_determinacao, descricao, prazo_dias, data_limite, status, origem, created_at, updated_at\r\n          )\r\n          VALUES (\r\n            p_unidade_id,\r\n            v_nc_id,\r\n            NULL,\r\n            CASE\r\n              WHEN r_man.texto_determinacao ILIKE 'Para sanar%' OR r_man.texto_determinacao ILIKE 'Sanar%' THEN r_man.texto_determinacao\r\n              ELSE 'Sanar NC'||contNC||'. '||r_man.texto_determinacao\r\n            END,\r\n            30,\r\n            (now()::date + 30),\r\n            'pendente',\r\n            v_origem,\r\n            now(),\r\n            now()\r\n          );\r\n        END IF;\r\n      ELSIF r_man.texto_recomendacao IS NOT NULL AND btrim(r_man.texto_recomendacao) <> '' THEN\r\n        contR := contR + 1;\r\n        \r\n        v_origem := 'manual_constatacao:'||r_man.id::text;\r\n        v_valid_origens := array_append(v_valid_origens, v_origem);\r\n\r\n        SELECT id INTO v_rec_id \r\n        FROM public.recomendacoes \r\n        WHERE unidade_fiscalizada_id = p_unidade_id \r\n          AND (origem = v_origem OR origem = 'manual_constatacao');\r\n\r\n        IF v_rec_id IS NOT NULL THEN\r\n          UPDATE public.recomendacoes \r\n          SET origem = v_origem,\r\n              updated_at = now() \r\n          WHERE id = v_rec_id;\r\n        ELSE\r\n          INSERT INTO public.recomendacoes (unidade_fiscalizada_id, numero_recomendacao, descricao, origem, created_at, updated_at)\r\n          VALUES (p_unidade_id, NULL, r_man.texto_recomendacao, v_origem, now(), now());\r\n        END IF;\r\n      END IF;\r\n    END IF;\r\n  END LOOP;\r\n\r\n  -- 5. Deleta apenas as recomendações órfãs (cujo checklist mudou para SIM ou constatação foi removida)\r\n  DELETE FROM public.recomendacoes r\r\n  WHERE r.unidade_fiscalizada_id = p_unidade_id\r\n    AND (\r\n      r.origem ILIKE 'checklist%'\r\n      OR coalesce(nullif(btrim(r.origem), ''), 'manual') IN ('checklist', 'manual_constatacao')\r\n    )\r\n    AND (r.origem IS NULL OR NOT (r.origem = ANY(v_valid_origens)));\r\n\r\n  -- 6. Deleta apenas as determinações órfãs (cujo checklist mudou para SIM ou constatação manual foi removida)\r\n  DELETE FROM public.determinacoes d\r\n  WHERE d.unidade_fiscalizada_id = p_unidade_id\r\n    AND (\r\n      d.origem ILIKE 'checklist%'\r\n      OR d.origem ILIKE 'manual_constatacao%'\r\n      OR d.origem ILIKE 'legacy%'\r\n    )\r\n    AND (d.origem IS NULL OR NOT (d.origem = ANY(v_valid_det_origens)));\r\n\r\n  -- 7. Recalcula os totais da unidade\r\n  SELECT count(*) INTO v_total_constatacoes\r\n  FROM (\r\n    WITH ranked AS (\r\n      SELECT\r\n        rc.*,\r\n        row_number() OVER (\r\n          PARTITION BY coalesce(rc.item_checklist_id::text, rc.pergunta, rc.numero_constatacao)\r\n          ORDER BY coalesce(((to_jsonb(rc)->>'updated_at'))::timestamptz, rc.created_at) DESC, rc.created_at DESC, rc.id DESC\r\n        ) AS rn\r\n      FROM public.respostas_checklist rc\r\n      WHERE rc.unidade_fiscalizada_id = p_unidade_id\r\n        AND rc.pergunta IS NOT NULL\r\n        AND btrim(rc.pergunta) <> ''\r\n    )\r\n    SELECT * FROM ranked WHERE rn = 1\r\n  ) t\r\n  WHERE upper(coalesce(t.resposta, '')) IN ('SIM','NAO','NÃO');\r\n\r\n  v_total_constatacoes := v_total_constatacoes + (\r\n    SELECT count(*) FROM public.constatacoes_manuais cm WHERE cm.unidade_fiscalizada_id = p_unidade_id\r\n  );\r\n\r\n  SELECT count(*) INTO v_total_ncs FROM public.nao_conformidades nc WHERE nc.unidade_fiscalizada_id = p_unidade_id;\r\n  SELECT count(*) INTO v_total_dets FROM public.determinacoes d WHERE d.unidade_fiscalizada_id = p_unidade_id;\r\n  SELECT count(*) INTO v_total_recs FROM public.recomendacoes r WHERE r.unidade_fiscalizada_id = p_unidade_id;\r\n\r\n  UPDATE public.unidades_fiscalizadas uf\r\n  SET total_constatacoes = v_total_constatacoes,\r\n      total_ncs = v_total_ncs,\r\n      fotos_unidade = coalesce(p_fotos, uf.fotos_unidade),\r\n      status = CASE WHEN p_finalizar THEN 'finalizada' ELSE uf.status END,\r\n      updated_at = now()\r\n  WHERE uf.id = p_unidade_id\r\n  RETURNING uf.status INTO v_status_final;\r\n\r\n  RETURN jsonb_build_object(\r\n    'success', true,\r\n    'total_constatacoes', v_total_constatacoes,\r\n    'total_ncs', v_total_ncs,\r\n    'total_determinacoes', v_total_dets,\r\n    'total_recomendacoes', v_total_recs,\r\n    'status_final', v_status_final\r\n  );\r\nEND;\r\n$function$\n"",""linguagem"":""plpgsql"",""argumentos"":""p_unidade_fiscalizada_id uuid, p_fotos jsonb, p_finalizar boolean"",""comentario"":null,""configuracao"":[""search_path=public""],""volatilidade"":""volatile"",""security_definer"":true},{""nome"":""gerar_numero_am"",""tipo"":""funcao"",""esquema"":""public"",""retorno"":""text"",""definicao"":""CREATE OR REPLACE FUNCTION public.gerar_numero_am()\n RETURNS text\n LANGUAGE plpgsql\nAS $function$\r\nDECLARE\r\n  ano text;\r\n  seq int;\r\nBEGIN\r\n  ano := to_char(now(), 'YYYY');\r\n  SELECT COALESCE(count(*), 0) + 1\r\n    INTO seq\r\n  FROM public.termos_notificacao\r\n  WHERE numero_am IS NOT NULL\r\n    AND numero_am <> ''\r\n    AND to_char(created_at, 'YYYY') = ano;\r\n\r\n  RETURN 'AM ' || lpad(seq::text, 3, '0') || '/' || ano || '/DSB/AGEMS';\r\nEND;\r\n$function$\n"",""linguagem"":""plpgsql"",""argumentos"":"""",""comentario"":null,""configuracao"":null,""volatilidade"":""volatile"",""security_definer"":false},{""nome"":""gerar_numero_auto"",""tipo"":""funcao"",""esquema"":""public"",""retorno"":""text"",""definicao"":""CREATE OR REPLACE FUNCTION public.gerar_numero_auto()\n RETURNS text\n LANGUAGE plpgsql\nAS $function$\r\nDECLARE\r\n    ano TEXT := to_char(NOW(), 'YYYY');\r\n    seq INTEGER;\r\n    novo_numero TEXT;\r\nBEGIN\r\n    SELECT COUNT(*) + 1 INTO seq FROM public.autos_infracao WHERE to_char(created_at, 'YYYY') = ano;\r\n    novo_numero := 'AI ' || lpad(seq::text, 3, '0') || '/' || ano || '/DSB/AGEMS';\r\n    RETURN novo_numero;\r\nEND;\r\n$function$\n"",""linguagem"":""plpgsql"",""argumentos"":"""",""comentario"":null,""configuracao"":null,""volatilidade"":""volatile"",""security_definer"":false},{""nome"":""get_my_camara_tecnica"",""tipo"":""funcao"",""esquema"":""public"",""retorno"":""text"",""definicao"":""CREATE OR REPLACE FUNCTION public.get_my_camara_tecnica()\n RETURNS text\n LANGUAGE sql\n STABLE SECURITY DEFINER\n SET search_path TO 'public'\nAS $function$\r\n  SELECT camara_tecnica_id FROM public.profiles WHERE id = auth.uid() AND ativo IS TRUE;\r\n$function$\n"",""linguagem"":""sql"",""argumentos"":"""",""comentario"":null,""configuracao"":[""search_path=public""],""volatilidade"":""stable"",""security_definer"":true},{""nome"":""get_my_diretoria"",""tipo"":""funcao"",""esquema"":""public"",""retorno"":""text"",""definicao"":""CREATE OR REPLACE FUNCTION public.get_my_diretoria()\n RETURNS text\n LANGUAGE sql\n STABLE SECURITY DEFINER\n SET search_path TO 'public'\nAS $function$\r\n  SELECT diretoria_id FROM public.profiles WHERE id = auth.uid() AND ativo IS TRUE;\r\n$function$\n"",""linguagem"":""sql"",""argumentos"":"""",""comentario"":null,""configuracao"":[""search_path=public""],""volatilidade"":""stable"",""security_definer"":true},{""nome"":""get_my_prestador_id"",""tipo"":""funcao"",""esquema"":""public"",""retorno"":""uuid"",""definicao"":""CREATE OR REPLACE FUNCTION public.get_my_prestador_id()\n RETURNS uuid\n LANGUAGE sql\n STABLE SECURITY DEFINER\n SET search_path TO 'public'\nAS $function$\r\n  SELECT prestador_servico_id FROM public.profiles WHERE id = auth.uid() AND ativo IS TRUE;\r\n$function$\n"",""linguagem"":""sql"",""argumentos"":"""",""comentario"":null,""configuracao"":[""search_path=public""],""volatilidade"":""stable"",""security_definer"":true},{""nome"":""get_my_role"",""tipo"":""funcao"",""esquema"":""public"",""retorno"":""text"",""definicao"":""CREATE OR REPLACE FUNCTION public.get_my_role()\n RETURNS text\n LANGUAGE sql\n STABLE SECURITY DEFINER\n SET search_path TO 'public'\nAS $function$\r\n  SELECT role FROM public.profiles WHERE id = auth.uid() AND ativo IS TRUE;\r\n$function$\n"",""linguagem"":""sql"",""argumentos"":"""",""comentario"":null,""configuracao"":[""search_path=public""],""volatilidade"":""stable"",""security_definer"":true},{""nome"":""handle_new_user"",""tipo"":""funcao"",""esquema"":""public"",""retorno"":""trigger"",""definicao"":""CREATE OR REPLACE FUNCTION public.handle_new_user()\n RETURNS trigger\n LANGUAGE plpgsql\n SECURITY DEFINER\n SET search_path TO 'public'\nAS $function$\r\nDECLARE\r\n  v_role TEXT := NEW.raw_user_meta_data->>'role';\r\n  v_prestador UUID;\r\nBEGIN\r\n  IF v_role IS NULL OR v_role NOT IN ('fiscal', 'coordenador', 'diretor', 'prestador') THEN\r\n    v_role := 'fiscal';\r\n  END IF;\r\n\r\n  -- Vínculo com prestador só para o papel prestador (restrições de profiles).\r\n  IF v_role = 'prestador' THEN\r\n    v_prestador := NULLIF(NEW.raw_user_meta_data->>'prestador_servico_id', '')::uuid;\r\n  END IF;\r\n\r\n  INSERT INTO public.profiles (\r\n    id, email, full_name, role, ativo, diretoria_id, camara_tecnica_id, prestador_servico_id\r\n  )\r\n  VALUES (\r\n    NEW.id,\r\n    NEW.email,\r\n    COALESCE(NEW.raw_user_meta_data->>'full_name', NEW.email),\r\n    v_role,\r\n    FALSE, -- Sempre inativo até aprovação do admin\r\n    COALESCE(NEW.raw_user_meta_data->>'diretoria_id', 'dsb'),\r\n    NULLIF(NEW.raw_user_meta_data->>'camara_tecnica_id', ''),\r\n    v_prestador\r\n  )\r\n  ON CONFLICT (id) DO UPDATE\r\n  SET email = EXCLUDED.email,\r\n      full_name = EXCLUDED.full_name,\r\n      updated_at = NOW();\r\n\r\n  RETURN NEW;\r\nEND;\r\n$function$\n"",""linguagem"":""plpgsql"",""argumentos"":"""",""comentario"":null,""configuracao"":[""search_path=public""],""volatilidade"":""volatile"",""security_definer"":true},{""nome"":""is_caters_user"",""tipo"":""funcao"",""esquema"":""public"",""retorno"":""boolean"",""definicao"":""CREATE OR REPLACE FUNCTION public.is_caters_user()\n RETURNS boolean\n LANGUAGE sql\n STABLE SECURITY DEFINER\n SET search_path TO 'public'\nAS $function$\r\n  SELECT (\r\n    public.get_my_role() = 'admin'\r\n    OR public.get_my_camara_tecnica() = 'caters'\r\n  );\r\n$function$\n"",""linguagem"":""sql"",""argumentos"":"""",""comentario"":null,""configuracao"":[""search_path=public""],""volatilidade"":""stable"",""security_definer"":true},{""nome"":""is_staff"",""tipo"":""funcao"",""esquema"":""public"",""retorno"":""boolean"",""definicao"":""CREATE OR REPLACE FUNCTION public.is_staff()\n RETURNS boolean\n LANGUAGE sql\n STABLE SECURITY DEFINER\n SET search_path TO 'public'\nAS $function$\r\n  select public.current_role() in ('admin', 'fiscal', 'coordenador');\r\n$function$\n"",""linguagem"":""sql"",""argumentos"":"""",""comentario"":null,""configuracao"":[""search_path=public""],""volatilidade"":""stable"",""security_definer"":true},{""nome"":""kick_relatorios_worker"",""tipo"":""funcao"",""esquema"":""public"",""retorno"":""void"",""definicao"":""CREATE OR REPLACE FUNCTION public.kick_relatorios_worker(p_job_id uuid, p_limit integer DEFAULT 1)\n RETURNS void\n LANGUAGE plpgsql\n SECURITY DEFINER\n SET search_path TO 'public', 'vault', 'net'\nAS $function$\r\ndeclare\r\n  v_apikey text;\r\n  v_worker_secret text;\r\nbegin\r\n  select decrypted_secret into v_apikey\r\n  from vault.decrypted_secrets\r\n  where name = 'RELATORIOS_INVOKE_APIKEY'\r\n  limit 1;\r\n\r\n  select decrypted_secret into v_worker_secret\r\n  from vault.decrypted_secrets\r\n  where name = 'RELATORIOS_WORKER_SECRET'\r\n  limit 1;\r\n\r\n  if v_apikey is null or v_worker_secret is null then\r\n    return;\r\n  end if;\r\n\r\n  perform net.http_post(\r\n    url := 'https://tnsuvwqssiorlzirmiko.supabase.co/functions/v1/relatorios_worker',\r\n    headers := jsonb_build_object(\r\n      'Content-Type', 'application/json',\r\n      'apikey', v_apikey,\r\n      'Authorization', 'Bearer ' || v_apikey,\r\n      'x-worker-secret', v_worker_secret\r\n    ),\r\n    body := jsonb_build_object('limit', greatest(1, least(p_limit, 10)), 'job_id', p_job_id)\r\n  );\r\nend;\r\n$function$\n"",""linguagem"":""plpgsql"",""argumentos"":""p_job_id uuid, p_limit integer"",""comentario"":null,""configuracao"":[""search_path=public, vault, net""],""volatilidade"":""volatile"",""security_definer"":true},{""nome"":""obter_resumo_indicadores"",""tipo"":""funcao"",""esquema"":""public"",""retorno"":""jsonb"",""definicao"":""CREATE OR REPLACE FUNCTION public.obter_resumo_indicadores(p_anos text[], p_servicos text[], p_municipio_ids uuid[], p_prestador_ids uuid[], p_apenas_finalizadas boolean)\n RETURNS jsonb\n LANGUAGE plpgsql\n SECURITY DEFINER\n SET search_path TO 'public'\nAS $function$\r\nDECLARE\r\n  v_total_fiscalizacoes int := 0;\r\n  v_finalizadas int := 0;\r\n  v_total_ncs int := 0;\r\n  v_total_constatacoes int := 0;\r\n  v_total_determinacoes int := 0;\r\n  v_total_recomendacoes int := 0;\r\n  v_total_conformidades int := 0;\r\n  v_por_servico jsonb := '[]'::jsonb;\r\n  v_ranking_determ jsonb := '[]'::jsonb;\r\nBEGIN\r\n  -- Chave de serviço, ou perfil ativo que não seja prestador.\r\n  IF NOT public.e_chave_de_servico() AND COALESCE(public.get_my_role(), 'prestador') = 'prestador' THEN\r\n    RAISE EXCEPTION 'Acesso negado: indicadores só para a equipe.' USING ERRCODE = '42501';\r\n  END IF;\r\n\r\n  -- Criar tabelas temporárias para armazenar os IDs das entidades filtradas no escopo desta transação\r\n  CREATE TEMP TABLE temp_fisc ON COMMIT DROP AS\r\n  SELECT f.id, f.status, f.municipio_id, f.municipio_nome, f.prestador_servico_id, f.prestador_servico_nome, f.servicos, f.created_at\r\n  FROM public.fiscalizacoes f\r\n  WHERE\r\n    (cardinality(p_anos) = 0 OR extract(year from f.created_at)::text = ANY(p_anos))\r\n    AND (\r\n      cardinality(p_servicos) = 0 \r\n      OR (\r\n        f.servicos IS NOT NULL AND f.servicos && p_servicos\r\n      )\r\n    )\r\n    AND (cardinality(p_municipio_ids) = 0 OR f.municipio_id = ANY(p_municipio_ids))\r\n    AND (cardinality(p_prestador_ids) = 0 OR f.prestador_servico_id = ANY(p_prestador_ids))\r\n    AND (NOT p_apenas_finalizadas OR f.status = 'finalizada');\r\n\r\n  CREATE TEMP TABLE temp_unidades ON COMMIT DROP AS\r\n  SELECT uf.id, uf.fiscalizacao_id\r\n  FROM public.unidades_fiscalizadas uf\r\n  JOIN temp_fisc tf ON tf.id = uf.fiscalizacao_id;\r\n\r\n  -- Obter totais de fiscalizações\r\n  SELECT count(*) INTO v_total_fiscalizacoes FROM temp_fisc;\r\n  SELECT count(*) INTO v_finalizadas FROM temp_fisc WHERE status = 'finalizada';\r\n\r\n  -- Se existirem unidades correspondentes, calcular indicadores dependentes\r\n  IF EXISTS (SELECT 1 FROM temp_unidades) THEN\r\n    SELECT count(*) INTO v_total_ncs \r\n    FROM public.nao_conformidades nc\r\n    WHERE nc.unidade_fiscalizada_id IN (SELECT id FROM temp_unidades);\r\n\r\n    SELECT count(*) INTO v_total_determinacoes \r\n    FROM public.determinacoes d\r\n    WHERE d.unidade_fiscalizada_id IN (SELECT id FROM temp_unidades);\r\n\r\n    SELECT count(*) INTO v_total_recomendacoes \r\n    FROM public.recomendacoes r\r\n    WHERE r.unidade_fiscalizada_id IN (SELECT id FROM temp_unidades);\r\n\r\n    SELECT count(*) INTO v_total_conformidades \r\n    FROM public.respostas_checklist rc\r\n    WHERE rc.unidade_fiscalizada_id IN (SELECT id FROM temp_unidades)\r\n      AND rc.resposta = 'SIM';\r\n\r\n    SELECT coalesce(sum(t.cte), 0) INTO v_total_constatacoes\r\n    FROM (\r\n      SELECT count(*) as cte\r\n      FROM public.respostas_checklist rc\r\n      WHERE rc.unidade_fiscalizada_id IN (SELECT id FROM temp_unidades)\r\n        AND upper(coalesce(rc.resposta, '')) IN ('SIM','NAO','NÃO')\r\n        AND rc.pergunta IS NOT NULL AND btrim(rc.pergunta) <> ''\r\n      UNION ALL\r\n      SELECT count(*) as cte\r\n      FROM public.constatacoes_manuais cm\r\n      WHERE cm.unidade_fiscalizada_id IN (SELECT id FROM temp_unidades)\r\n    ) t;\r\n\r\n    -- Ranking de determinações por município (Top 10)\r\n    SELECT coalesce(jsonb_agg(jsonb_build_object('municipio', rk.muni_nome, 'determinacoes', rk.qty)), '[]'::jsonb)\r\n    INTO v_ranking_determ\r\n    FROM (\r\n      SELECT \r\n        coalesce(tf.municipio_nome, m.nome, 'Sem Nome') AS muni_nome,\r\n        count(d.id) AS qty\r\n      FROM public.determinacoes d\r\n      JOIN temp_unidades tu ON tu.id = d.unidade_fiscalizada_id\r\n      JOIN temp_fisc tf ON tf.id = tu.fiscalizacao_id\r\n      LEFT JOIN public.municipios m ON m.id = tf.municipio_id\r\n      GROUP BY muni_nome\r\n      ORDER BY qty DESC, muni_nome ASC\r\n      LIMIT 10\r\n    ) rk;\r\n  END IF;\r\n\r\n  -- Distribuição de dados por serviço\r\n  SELECT coalesce(jsonb_agg(jsonb_build_object('servico', svc.servico_nome, 'quantidade', svc.qty)), '[]'::jsonb)\r\n  INTO v_por_servico\r\n  FROM (\r\n    SELECT unnest_servico AS servico_nome, count(*) AS qty\r\n    FROM (\r\n      SELECT unnest(tf.servicos) AS unnest_servico\r\n      FROM temp_fisc tf\r\n    ) s\r\n    WHERE unnest_servico IS NOT NULL AND unnest_servico <> ''\r\n    GROUP BY unnest_servico\r\n    ORDER BY qty DESC\r\n  ) svc;\r\n\r\n  -- Retornar payload JSON compactado contendo todos os indicadores calculados\r\n  RETURN jsonb_build_object(\r\n    'total_fiscalizacoes', v_total_fiscalizacoes,\r\n    'finalizadas', v_finalizadas,\r\n    'total_ncs', v_total_ncs,\r\n    'total_constatacoes', v_total_constatacoes,\r\n    'total_determinacoes', v_total_determinacoes,\r\n    'total_recomendacoes', v_total_recomendacoes,\r\n    'total_conformidades', v_total_conformidades,\r\n    'por_servico', v_por_servico,\r\n    'ranking_determinacoes', v_ranking_determ\r\n  );\r\nEND;\r\n$function$\n"",""linguagem"":""plpgsql"",""argumentos"":""p_anos text[], p_servicos text[], p_municipio_ids uuid[], p_prestador_ids uuid[], p_apenas_finalizadas boolean"",""comentario"":null,""configuracao"":[""search_path=public""],""volatilidade"":""volatile"",""security_definer"":true},{""nome"":""obter_resumo_indicadores"",""tipo"":""funcao"",""esquema"":""public"",""retorno"":""jsonb"",""definicao"":""CREATE OR REPLACE FUNCTION public.obter_resumo_indicadores(p_anos text[], p_servicos text[], p_municipio_ids uuid[], p_prestador_ids uuid[], p_tipo_modulo text[] DEFAULT '{}'::text[])\n RETURNS jsonb\n LANGUAGE plpgsql\n SECURITY DEFINER\n SET search_path TO 'public'\nAS $function$\r\nDECLARE\r\n  v_total_fiscalizacoes int := 0;\r\n  v_finalizadas         int := 0;\r\n  v_total_ncs           int := 0;\r\n  v_total_constatacoes  int := 0;\r\n  v_total_determinacoes int := 0;\r\n  v_total_recomendacoes int := 0;\r\n  v_total_conformidades int := 0;\r\n  v_total_unidades      int := 0;\r\n  v_total_fotos         int := 0;\r\n  v_por_servico         jsonb := '[]'::jsonb;\r\n  v_ranking_determ      jsonb := '[]'::jsonb;\r\nBEGIN\r\n  -- Chave de serviço, ou perfil ativo que não seja prestador.\r\n  IF NOT public.e_chave_de_servico() AND COALESCE(public.get_my_role(), 'prestador') = 'prestador' THEN\r\n    RAISE EXCEPTION 'Acesso negado: indicadores só para a equipe.' USING ERRCODE = '42501';\r\n  END IF;\r\n\r\n  -- Tabela temporária com todas as fiscalizações do filtro (para contar totais)\r\n  CREATE TEMP TABLE temp_fisc_todas ON COMMIT DROP AS\r\n  SELECT f.id, f.status, f.municipio_id, f.municipio_nome,\r\n         f.prestador_servico_id, f.prestador_servico_nome,\r\n         f.servicos, f.created_at, f.tipo_modulo\r\n  FROM public.fiscalizacoes f\r\n  WHERE\r\n    (cardinality(p_anos) = 0 OR extract(year from f.created_at)::text = ANY(p_anos))\r\n    AND (\r\n      cardinality(p_servicos) = 0\r\n      OR (f.servicos IS NOT NULL AND f.servicos && p_servicos)\r\n    )\r\n    AND (cardinality(p_municipio_ids) = 0 OR f.municipio_id = ANY(p_municipio_ids))\r\n    AND (cardinality(p_prestador_ids) = 0 OR f.prestador_servico_id = ANY(p_prestador_ids))\r\n    AND (cardinality(p_tipo_modulo) = 0 OR f.tipo_modulo = ANY(p_tipo_modulo));\r\n\r\n  -- Tabela temporária apenas com as fiscalizações finalizadas\r\n  CREATE TEMP TABLE temp_fisc_finalizadas ON COMMIT DROP AS\r\n  SELECT * FROM temp_fisc_todas WHERE status = 'finalizada';\r\n\r\n  CREATE TEMP TABLE temp_unidades ON COMMIT DROP AS\r\n  SELECT uf.id, uf.fiscalizacao_id\r\n  FROM public.unidades_fiscalizadas uf\r\n  JOIN temp_fisc_finalizadas tff ON tff.id = uf.fiscalizacao_id;\r\n\r\n  -- Contar fiscalizações (todas vs finalizadas)\r\n  SELECT count(*) INTO v_total_fiscalizacoes FROM temp_fisc_todas;\r\n  SELECT count(*) INTO v_finalizadas         FROM temp_fisc_finalizadas;\r\n\r\n  -- Contar unidades fiscalizadas e fotos registradas nessas unidades\r\n  SELECT count(*) INTO v_total_unidades FROM temp_unidades;\r\n\r\n  SELECT coalesce(sum(jsonb_array_length(coalesce(uf.fotos_unidade, '[]'::jsonb))), 0)\r\n  INTO v_total_fotos\r\n  FROM public.unidades_fiscalizadas uf\r\n  WHERE uf.id IN (SELECT id FROM temp_unidades);\r\n\r\n  -- Calcular indicadores se houver unidades correspondentes\r\n  IF EXISTS (SELECT 1 FROM temp_unidades) THEN\r\n    SELECT count(*) INTO v_total_ncs\r\n    FROM public.nao_conformidades nc\r\n    WHERE nc.unidade_fiscalizada_id IN (SELECT id FROM temp_unidades);\r\n\r\n    SELECT count(*) INTO v_total_determinacoes\r\n    FROM public.determinacoes d\r\n    WHERE d.unidade_fiscalizada_id IN (SELECT id FROM temp_unidades);\r\n\r\n    SELECT count(*) INTO v_total_recomendacoes\r\n    FROM public.recomendacoes r\r\n    WHERE r.unidade_fiscalizada_id IN (SELECT id FROM temp_unidades);\r\n\r\n    -- Constatações totais dos campos consolidados nas unidades\r\n    SELECT coalesce(sum(uf.total_constatacoes), 0) INTO v_total_constatacoes\r\n    FROM public.unidades_fiscalizadas uf\r\n    WHERE uf.id IN (SELECT id FROM temp_unidades);\r\n\r\n    -- Conformidades = Constatações - Não Conformidades\r\n    v_total_conformidades := v_total_constatacoes - v_total_ncs;\r\n    IF v_total_conformidades < 0 THEN\r\n      v_total_conformidades := 0;\r\n    END IF;\r\n\r\n    -- Ranking de determinações por município (Top 10)\r\n    SELECT coalesce(jsonb_agg(jsonb_build_object('municipio', rk.muni_nome, 'determinacoes', rk.qty)), '[]'::jsonb)\r\n    INTO v_ranking_determ\r\n    FROM (\r\n      SELECT\r\n        coalesce(tff.municipio_nome, m.nome, 'Sem Nome') AS muni_nome,\r\n        count(d.id) AS qty\r\n      FROM public.determinacoes d\r\n      JOIN temp_unidades tu  ON tu.id = d.unidade_fiscalizada_id\r\n      JOIN temp_fisc_finalizadas tff ON tff.id = tu.fiscalizacao_id\r\n      LEFT JOIN public.municipios m ON m.id = tff.municipio_id\r\n      GROUP BY muni_nome\r\n      ORDER BY qty DESC, muni_nome ASC\r\n      LIMIT 10\r\n    ) rk;\r\n  END IF;\r\n\r\n  -- Distribuição por serviço (apenas finalizadas)\r\n  SELECT coalesce(jsonb_agg(jsonb_build_object('servico', svc.servico_nome, 'quantidade', svc.qty)), '[]'::jsonb)\r\n  INTO v_por_servico\r\n  FROM (\r\n    SELECT unnest_servico AS servico_nome, count(*) AS qty\r\n    FROM (\r\n      SELECT unnest(tff.servicos) AS unnest_servico\r\n      FROM temp_fisc_finalizadas tff\r\n    ) s\r\n    WHERE unnest_servico IS NOT NULL AND unnest_servico <> ''\r\n    GROUP BY unnest_servico\r\n    ORDER BY qty DESC\r\n  ) svc;\r\n\r\n  RETURN jsonb_build_object(\r\n    'total_fiscalizacoes', v_total_fiscalizacoes,\r\n    'finalizadas',         v_finalizadas,\r\n    'total_ncs',           v_total_ncs,\r\n    'total_constatacoes',  v_total_constatacoes,\r\n    'total_determinacoes', v_total_determinacoes,\r\n    'total_recomendacoes', v_total_recomendacoes,\r\n    'total_conformidades', v_total_conformidades,\r\n    'total_unidades',      v_total_unidades,\r\n    'total_fotos',         v_total_fotos,\r\n    'por_servico',         v_por_servico,\r\n    'ranking_determinacoes', v_ranking_determ\r\n  );\r\nEND;\r\n$function$\n"",""linguagem"":""plpgsql"",""argumentos"":""p_anos text[], p_servicos text[], p_municipio_ids uuid[], p_prestador_ids uuid[], p_tipo_modulo text[]"",""comentario"":null,""configuracao"":[""search_path=public""],""volatilidade"":""volatile"",""security_definer"":true},{""nome"":""prestadores_para_cadastro"",""tipo"":""funcao"",""esquema"":""public"",""retorno"":""TABLE(id uuid, nome text)"",""definicao"":""CREATE OR REPLACE FUNCTION public.prestadores_para_cadastro()\n RETURNS TABLE(id uuid, nome text)\n LANGUAGE sql\n STABLE SECURITY DEFINER\n SET search_path TO 'public'\nAS $function$\r\n  SELECT p.id, p.nome FROM public.prestadores_servico p WHERE p.ativo IS TRUE ORDER BY p.nome;\r\n$function$\n"",""linguagem"":""sql"",""argumentos"":"""",""comentario"":null,""configuracao"":[""search_path=public""],""volatilidade"":""stable"",""security_definer"":true},{""nome"":""process_audit_log"",""tipo"":""funcao"",""esquema"":""public"",""retorno"":""trigger"",""definicao"":""CREATE OR REPLACE FUNCTION public.process_audit_log()\n RETURNS trigger\n LANGUAGE plpgsql\n SECURITY DEFINER\nAS $function$\r\nDECLARE\r\n  v_user_id uuid;\r\n  v_email text;\r\n  v_requested_by text;\r\nBEGIN\r\n  -- Identifica o ID do usuário executor\r\n  v_user_id := auth.uid();\r\n\r\n  -- Se for uma Edge Function via service role executando relatorios_jobs,\r\n  -- usa to_jsonb() para acessar o campo de forma segura (sem quebrar em outras tabelas)\r\n  IF v_user_id IS NULL AND TG_TABLE_NAME = 'relatorios_jobs' THEN\r\n    v_requested_by := to_jsonb(NEW)->>'requested_by';\r\n    IF v_requested_by IS NOT NULL THEN\r\n      v_user_id := v_requested_by::uuid;\r\n    END IF;\r\n  END IF;\r\n\r\n  -- Resolve o e-mail a partir do perfil\r\n  IF v_user_id IS NOT NULL THEN\r\n    SELECT email INTO v_email FROM public.profiles WHERE id = v_user_id;\r\n    IF v_email IS NULL THEN\r\n      v_email := COALESCE(\r\n        auth.jwt() ->> 'email',\r\n        (SELECT email FROM auth.users WHERE id = v_user_id)\r\n      );\r\n    END IF;\r\n  END IF;\r\n\r\n  INSERT INTO public.audit_logs (\r\n    table_name,\r\n    record_id,\r\n    action,\r\n    user_id,\r\n    user_email,\r\n    old_data,\r\n    new_data\r\n  )\r\n  VALUES (\r\n    TG_TABLE_NAME,\r\n    COALESCE(NEW.id, OLD.id),\r\n    TG_OP,\r\n    v_user_id,\r\n    v_email,\r\n    CASE WHEN TG_OP IN ('UPDATE', 'DELETE') THEN to_jsonb(OLD) ELSE NULL END,\r\n    CASE WHEN TG_OP IN ('INSERT', 'UPDATE') THEN to_jsonb(NEW) ELSE NULL END\r\n  );\r\n\r\n  RETURN COALESCE(NEW, OLD);\r\nEND;\r\n$function$\n"",""linguagem"":""plpgsql"",""argumentos"":"""",""comentario"":null,""configuracao"":null,""volatilidade"":""volatile"",""security_definer"":true},{""nome"":""propagate_modification_to_parent"",""tipo"":""funcao"",""esquema"":""public"",""retorno"":""trigger"",""definicao"":""CREATE OR REPLACE FUNCTION public.propagate_modification_to_parent()\n RETURNS trigger\n LANGUAGE plpgsql\n SECURITY DEFINER\nAS $function$\r\nDECLARE\r\n  v_fiscalizacao_id uuid;\r\nBEGIN\r\n  IF TG_TABLE_NAME = 'unidades_fiscalizadas' THEN\r\n    v_fiscalizacao_id := COALESCE(NEW.fiscalizacao_id, OLD.fiscalizacao_id);\r\n  ELSIF TG_TABLE_NAME IN ('respostas_checklist', 'constatacoes_manuais', 'recomendacoes', 'determinacoes') THEN\r\n    SELECT fiscalizacao_id INTO v_fiscalizacao_id\r\n    FROM public.unidades_fiscalizadas\r\n    WHERE id = COALESCE(NEW.unidade_fiscalizada_id, OLD.unidade_fiscalizada_id);\r\n  END IF;\r\n\r\n  IF v_fiscalizacao_id IS NOT NULL THEN\r\n    UPDATE public.fiscalizacoes\r\n    SET updated_at = now()\r\n    WHERE id = v_fiscalizacao_id;\r\n  END IF;\r\n\r\n  RETURN COALESCE(NEW, OLD);\r\nEND;\r\n$function$\n"",""linguagem"":""plpgsql"",""argumentos"":"""",""comentario"":null,""configuracao"":null,""volatilidade"":""volatile"",""security_definer"":true},{""nome"":""proteger_resposta_determinacao_prestador"",""tipo"":""funcao"",""esquema"":""public"",""retorno"":""trigger"",""definicao"":""CREATE OR REPLACE FUNCTION public.proteger_resposta_determinacao_prestador()\n RETURNS trigger\n LANGUAGE plpgsql\n SECURITY DEFINER\n SET search_path TO 'public'\nAS $function$\r\nDECLARE\r\n  v_hoje date := (now() AT TIME ZONE 'America/Campo_Grande')::date;\r\n  v_prazo date;\r\n  v_determinacao uuid;\r\nBEGIN\r\n  IF public.get_my_role() IS DISTINCT FROM 'prestador' THEN\r\n    RETURN NEW;\r\n  END IF;\r\n\r\n  IF TG_OP = 'UPDATE' AND coalesce(OLD.status, '') NOT IN ('', 'rascunho', 'aguardando_analise') THEN\r\n    RAISE EXCEPTION 'Resposta já analisada pela AGEMS não pode ser alterada'\r\n      USING ERRCODE = '42501';\r\n  END IF;\r\n\r\n  -- Vínculos vêm da determinação e do perfil, não do aparelho.\r\n  v_determinacao := CASE WHEN TG_OP = 'UPDATE' THEN OLD.determinacao_id ELSE NEW.determinacao_id END;\r\n  NEW.determinacao_id := v_determinacao;\r\n  SELECT d.unidade_fiscalizada_id, u.fiscalizacao_id\r\n    INTO NEW.unidade_fiscalizada_id, NEW.fiscalizacao_id\r\n  FROM public.determinacoes d\r\n  JOIN public.unidades_fiscalizadas u ON u.id = d.unidade_fiscalizada_id\r\n  WHERE d.id = v_determinacao;\r\n  NEW.prestador_servico_id := public.get_my_prestador_id();\r\n\r\n  -- A análise é da equipe.\r\n  NEW.descricao_atendimento := CASE WHEN TG_OP = 'UPDATE' THEN OLD.descricao_atendimento ELSE NULL END;\r\n  IF TG_OP = 'UPDATE' THEN\r\n    NEW.created_at := OLD.created_at;\r\n  END IF;\r\n\r\n  -- O prestador só rascunha ou envia.\r\n  IF coalesce(NEW.status, '') NOT IN ('rascunho', 'aguardando_analise') THEN\r\n    NEW.status := 'rascunho';\r\n  END IF;\r\n\r\n  IF NEW.status = 'aguardando_analise'\r\n     AND (TG_OP = 'INSERT' OR coalesce(OLD.status, '') <> 'aguardando_analise') THEN\r\n    -- Envio: data do servidor e pontualidade contra a data-limite do termo (inclusive).\r\n    SELECT t.data_maxima_resposta INTO v_prazo\r\n    FROM public.termos_notificacao t\r\n    WHERE t.fiscalizacao_id = NEW.fiscalizacao_id\r\n      AND t.prestador_servico_id = NEW.prestador_servico_id\r\n    ORDER BY t.created_at DESC\r\n    LIMIT 1;\r\n    NEW.data_resposta := now();\r\n    NEW.dentro_prazo := (v_prazo IS NULL OR v_hoje <= v_prazo);\r\n  ELSIF TG_OP = 'UPDATE' THEN\r\n    NEW.data_resposta := OLD.data_resposta;\r\n    NEW.dentro_prazo := OLD.dentro_prazo;\r\n  ELSE\r\n    NEW.data_resposta := now();\r\n    NEW.dentro_prazo := NULL;\r\n  END IF;\r\n\r\n  RETURN NEW;\r\nEND;\r\n$function$\n"",""linguagem"":""plpgsql"",""argumentos"":"""",""comentario"":null,""configuracao"":[""search_path=public""],""volatilidade"":""volatile"",""security_definer"":true},{""nome"":""proteger_termo_prestador"",""tipo"":""funcao"",""esquema"":""public"",""retorno"":""trigger"",""definicao"":""CREATE OR REPLACE FUNCTION public.proteger_termo_prestador()\n RETURNS trigger\n LANGUAGE plpgsql\n SECURITY DEFINER\n SET search_path TO 'public'\nAS $function$\r\nDECLARE\r\n  v_hoje date := (now() AT TIME ZONE 'America/Campo_Grande')::date;\r\n  v_status_pedido text := NEW.status;\r\n  v_tn_assinado text := NEW.arquivo_tn_prestador_url;\r\n  v_arquivos jsonb := NEW.arquivos_resposta;\r\nBEGIN\r\n  IF public.get_my_role() IS DISTINCT FROM 'prestador' THEN\r\n    RETURN NEW;\r\n  END IF;\r\n\r\n  -- Só o que é do prestador: o TN que ele assinou e os arquivos da resposta.\r\n  NEW := OLD;\r\n  NEW.arquivo_tn_prestador_url := v_tn_assinado;\r\n  NEW.arquivos_resposta := v_arquivos;\r\n  NEW.updated_at := now();\r\n\r\n  -- Envio do TN assinado: a assinatura vale e, na primeira vez, o prazo começa hoje (MS).\r\n  -- Reenviar troca o arquivo, mas não reinicia o prazo.\r\n  IF v_tn_assinado IS NOT NULL AND v_tn_assinado IS DISTINCT FROM OLD.arquivo_tn_prestador_url THEN\r\n    NEW.assinatura_prestador_valida := true;\r\n    NEW.data_assinatura_prestador := now();\r\n    IF OLD.data_inicio_prazo IS NULL THEN\r\n      NEW.data_protocolo := v_hoje;\r\n      NEW.data_inicio_prazo := v_hoje;\r\n      NEW.data_maxima_resposta := v_hoje + coalesce(OLD.prazo_resposta_dias, 30);\r\n    END IF;\r\n    IF coalesce(OLD.status, '') <> 'respondido' THEN\r\n      NEW.status := 'aguardando_resposta';\r\n    END IF;\r\n  END IF;\r\n\r\n  -- Conclusão da resposta: recebida hoje (MS); no prazo se até a data-limite, inclusive.\r\n  IF v_status_pedido = 'respondido' AND coalesce(OLD.status, '') <> 'respondido' THEN\r\n    NEW.data_recebimento_resposta := v_hoje;\r\n    NEW.recebida_no_prazo := (NEW.data_maxima_resposta IS NULL OR v_hoje <= NEW.data_maxima_resposta);\r\n    NEW.status := 'respondido';\r\n  END IF;\r\n\r\n  RETURN NEW;\r\nEND;\r\n$function$\n"",""linguagem"":""plpgsql"",""argumentos"":"""",""comentario"":null,""configuracao"":[""search_path=public""],""volatilidade"":""volatile"",""security_definer"":true},{""nome"":""reabrir_fiscalizacao"",""tipo"":""funcao"",""esquema"":""public"",""retorno"":""void"",""definicao"":""CREATE OR REPLACE FUNCTION public.reabrir_fiscalizacao(p_fiscalizacao_id uuid)\n RETURNS void\n LANGUAGE plpgsql\n SECURITY DEFINER\nAS $function$\r\nDECLARE\r\n  v_retries INT := 3;\r\n  v_retry_delay INT := 100;\r\nBEGIN\r\n  -- Chave de serviço, ou admin, coordenador ou fiscal ativo com acesso à câmara da fiscalização.\r\n  IF NOT public.e_chave_de_servico() AND NOT (\r\n       COALESCE(public.get_my_role(), '') IN ('admin', 'coordenador', 'fiscal')\r\n       AND public.can_access_camara((SELECT f.camara_tecnica_id FROM public.fiscalizacoes f WHERE f.id = p_fiscalizacao_id))\r\n     ) THEN\r\n    RAISE EXCEPTION 'Acesso negado: sem permissão para reabrir esta fiscalização.' USING ERRCODE = '42501';\r\n  END IF;\r\n\r\n  -- Tentar até 3 vezes em caso de deadlock\r\n  FOR i IN 1..v_retries LOOP\r\n    BEGIN\r\n      -- 1. Reabrir a fiscalização\r\n      UPDATE public.fiscalizacoes\r\n      SET status = 'em_andamento',\r\n          data_fim = NULL,\r\n          updated_at = now()\r\n      WHERE id = p_fiscalizacao_id;\r\n\r\n      -- 2. Reabrir todas as unidades da fiscalização\r\n      UPDATE public.unidades_fiscalizadas\r\n      SET status = 'em_andamento',\r\n          updated_at = now()\r\n      WHERE fiscalizacao_id = p_fiscalizacao_id;\r\n\r\n      -- 3. Remover jobs de relatório anteriores para forçar nova geração\r\n      DELETE FROM public.relatorios_jobs\r\n      WHERE fiscalizacao_id = p_fiscalizacao_id;\r\n\r\n      -- Se chegou até aqui sem erro, sair do loop\r\n      EXIT;\r\n    EXCEPTION\r\n      WHEN deadlock_detected OR serialization_failure THEN\r\n        -- Se não for a última tentativa, esperar e tentar novamente\r\n        IF i < v_retries THEN\r\n          PERFORM pg_sleep(v_retry_delay / 1000.0 * i);\r\n        ELSE\r\n          -- Se for a última tentativa, re-lançar o erro\r\n          RAISE;\r\n        END IF;\r\n    END;\r\n  END LOOP;\r\nEND;\r\n$function$\n"",""linguagem"":""plpgsql"",""argumentos"":""p_fiscalizacao_id uuid"",""comentario"":null,""configuracao"":null,""volatilidade"":""volatile"",""security_definer"":true},{""nome"":""set_fiscalizacao_cache_fields"",""tipo"":""funcao"",""esquema"":""public"",""retorno"":""trigger"",""definicao"":""CREATE OR REPLACE FUNCTION public.set_fiscalizacao_cache_fields()\n RETURNS trigger\n LANGUAGE plpgsql\n SECURITY DEFINER\nAS $function$\r\nBEGIN\r\n  IF NEW.municipio_id IS NOT NULL THEN\r\n    SELECT nome INTO NEW.municipio_nome FROM public.municipios WHERE id = NEW.municipio_id;\r\n  END IF;\r\n  \r\n  IF NEW.prestador_servico_id IS NOT NULL THEN\r\n    SELECT nome INTO NEW.prestador_servico_nome FROM public.prestadores_servico WHERE id = NEW.prestador_servico_id;\r\n  END IF;\r\n\r\n  IF NEW.fiscal_nome IS NULL AND auth.uid() IS NOT NULL THEN\r\n    SELECT full_name INTO NEW.fiscal_nome FROM public.profiles WHERE id = auth.uid();\r\n  END IF;\r\n\r\n  RETURN NEW;\r\nEND;\r\n$function$\n"",""linguagem"":""plpgsql"",""argumentos"":"""",""comentario"":null,""configuracao"":null,""volatilidade"":""volatile"",""security_definer"":true},{""nome"":""set_fiscalizacao_last_modified"",""tipo"":""funcao"",""esquema"":""public"",""retorno"":""trigger"",""definicao"":""CREATE OR REPLACE FUNCTION public.set_fiscalizacao_last_modified()\n RETURNS trigger\n LANGUAGE plpgsql\n SECURITY DEFINER\nAS $function$\r\nDECLARE\r\n  v_email text;\r\nBEGIN\r\n  IF auth.uid() IS NOT NULL THEN\r\n    SELECT email INTO v_email FROM public.profiles WHERE id = auth.uid();\r\n    IF v_email IS NULL THEN\r\n      v_email := auth.jwt() ->> 'email';\r\n    END IF;\r\n    IF v_email IS NOT NULL THEN\r\n      NEW.last_modified_by := v_email;\r\n    END IF;\r\n  ELSIF NEW.last_modified_by IS NULL THEN\r\n    NEW.last_modified_by := 'sistema';\r\n  END IF;\r\n  \r\n  NEW.last_modified_at := now();\r\n  RETURN NEW;\r\nEND;\r\n$function$\n"",""linguagem"":""plpgsql"",""argumentos"":"""",""comentario"":null,""configuracao"":null,""volatilidade"":""volatile"",""security_definer"":true},{""nome"":""set_termos_notificacao_ano_geracao"",""tipo"":""funcao"",""esquema"":""public"",""retorno"":""trigger"",""definicao"":""CREATE OR REPLACE FUNCTION public.set_termos_notificacao_ano_geracao()\n RETURNS trigger\n LANGUAGE plpgsql\nAS $function$\r\nBEGIN\r\n  NEW.ano_geracao := extract(year from coalesce(NEW.data_geracao, now()))::int;\r\n  RETURN NEW;\r\nEND;\r\n$function$\n"",""linguagem"":""plpgsql"",""argumentos"":"""",""comentario"":null,""configuracao"":null,""volatilidade"":""volatile"",""security_definer"":false},{""nome"":""trg_auto_set_camara"",""tipo"":""funcao"",""esquema"":""public"",""retorno"":""trigger"",""definicao"":""CREATE OR REPLACE FUNCTION public.trg_auto_set_camara()\n RETURNS trigger\n LANGUAGE plpgsql\n SECURITY DEFINER\n SET search_path TO 'public'\nAS $function$\r\nBEGIN\r\n  IF NEW.camara_tecnica_id IS NULL AND NEW.fiscalizacao_id IS NOT NULL THEN\r\n    SELECT camara_tecnica_id INTO NEW.camara_tecnica_id\r\n    FROM public.fiscalizacoes\r\n    WHERE id = NEW.fiscalizacao_id;\r\n  END IF;\r\n  RETURN NEW;\r\nEND;\r\n$function$\n"",""linguagem"":""plpgsql"",""argumentos"":"""",""comentario"":null,""configuracao"":[""search_path=public""],""volatilidade"":""volatile"",""security_definer"":true},{""nome"":""trg_fiscalizacao_set_camara"",""tipo"":""funcao"",""esquema"":""public"",""retorno"":""trigger"",""definicao"":""CREATE OR REPLACE FUNCTION public.trg_fiscalizacao_set_camara()\n RETURNS trigger\n LANGUAGE plpgsql\n SECURITY DEFINER\n SET search_path TO 'public'\nAS $function$\r\nBEGIN\r\n  -- Only auto-derive when camara was not explicitly provided\r\n  IF NEW.camara_tecnica_id IS NULL THEN\r\n    NEW.camara_tecnica_id := public.camara_from_servicos(NEW.servicos);\r\n  END IF;\r\n  RETURN NEW;\r\nEND;\r\n$function$\n"",""linguagem"":""plpgsql"",""argumentos"":"""",""comentario"":null,""configuracao"":[""search_path=public""],""volatilidade"":""volatile"",""security_definer"":true},{""nome"":""trg_remessa_set_camara"",""tipo"":""funcao"",""esquema"":""public"",""retorno"":""trigger"",""definicao"":""CREATE OR REPLACE FUNCTION public.trg_remessa_set_camara()\n RETURNS trigger\n LANGUAGE plpgsql\n SECURITY DEFINER\n SET search_path TO 'public'\nAS $function$\r\nBEGIN\r\n  IF NEW.camara_tecnica_id IS NULL AND NEW.fiscalizacao_id IS NOT NULL THEN\r\n    SELECT camara_tecnica_id INTO NEW.camara_tecnica_id\r\n    FROM public.fiscalizacoes\r\n    WHERE id = NEW.fiscalizacao_id;\r\n  END IF;\r\n  RETURN NEW;\r\nEND;\r\n$function$\n"",""linguagem"":""plpgsql"",""argumentos"":"""",""comentario"":null,""configuracao"":[""search_path=public""],""volatilidade"":""volatile"",""security_definer"":true},{""nome"":""update_updated_at_column"",""tipo"":""funcao"",""esquema"":""public"",""retorno"":""trigger"",""definicao"":""CREATE OR REPLACE FUNCTION public.update_updated_at_column()\n RETURNS trigger\n LANGUAGE plpgsql\nAS $function$\r\nBEGIN\r\n  NEW.updated_at = now();\r\n  RETURN NEW;\r\nEND;\r\n$function$\n"",""linguagem"":""plpgsql"",""argumentos"":"""",""comentario"":null,""configuracao"":null,""volatilidade"":""volatile"",""security_definer"":false}]"
10,gatilhos,33,"[{""nome"":""on_auth_user_created"",""funcao"":""public.handle_new_user"",""tabela"":""users"",""esquema"":""auth"",""situacao"":""ativo"",""definicao"":""CREATE TRIGGER on_auth_user_created AFTER INSERT ON auth.users FOR EACH ROW EXECUTE FUNCTION handle_new_user()""},{""nome"":""tr_camara_autos"",""funcao"":""public.trg_auto_set_camara"",""tabela"":""autos_infracao"",""esquema"":""public"",""situacao"":""ativo"",""definicao"":""CREATE TRIGGER tr_camara_autos BEFORE INSERT ON autos_infracao FOR EACH ROW EXECUTE FUNCTION trg_auto_set_camara()""},{""nome"":""trg_caters_ai_jobs_updated_at"",""funcao"":""public.caters_set_updated_at"",""tabela"":""caters_ai_jobs"",""esquema"":""public"",""situacao"":""ativo"",""definicao"":""CREATE TRIGGER trg_caters_ai_jobs_updated_at BEFORE UPDATE ON caters_ai_jobs FOR EACH ROW EXECUTE FUNCTION caters_set_updated_at()""},{""nome"":""trg_caters_municipality_responses_updated_at"",""funcao"":""public.caters_set_updated_at"",""tabela"":""caters_municipality_responses"",""esquema"":""public"",""situacao"":""ativo"",""definicao"":""CREATE TRIGGER trg_caters_municipality_responses_updated_at BEFORE UPDATE ON caters_municipality_responses FOR EACH ROW EXECUTE FUNCTION caters_set_updated_at()""},{""nome"":""trg_caters_processes_updated_at"",""funcao"":""public.caters_set_updated_at"",""tabela"":""caters_processes"",""esquema"":""public"",""situacao"":""ativo"",""definicao"":""CREATE TRIGGER trg_caters_processes_updated_at BEFORE UPDATE ON caters_processes FOR EACH ROW EXECUTE FUNCTION caters_set_updated_at()""},{""nome"":""trg_caters_recommendations_updated_at"",""funcao"":""public.caters_set_updated_at"",""tabela"":""caters_recommendations"",""esquema"":""public"",""situacao"":""ativo"",""definicao"":""CREATE TRIGGER trg_caters_recommendations_updated_at BEFORE UPDATE ON caters_recommendations FOR EACH ROW EXECUTE FUNCTION caters_set_updated_at()""},{""nome"":""trg_catesa_ai_jobs_updated_at"",""funcao"":""public.catesa_ai_jobs_set_updated_at"",""tabela"":""catesa_ai_jobs"",""esquema"":""public"",""situacao"":""ativo"",""definicao"":""CREATE TRIGGER trg_catesa_ai_jobs_updated_at BEFORE UPDATE ON catesa_ai_jobs FOR EACH ROW EXECUTE FUNCTION catesa_ai_jobs_set_updated_at()""},{""nome"":""trg_audit_constatacoes"",""funcao"":""public.process_audit_log"",""tabela"":""constatacoes_manuais"",""esquema"":""public"",""situacao"":""ativo"",""definicao"":""CREATE TRIGGER trg_audit_constatacoes AFTER INSERT OR DELETE OR UPDATE ON constatacoes_manuais FOR EACH ROW EXECUTE FUNCTION process_audit_log()""},{""nome"":""trg_propagate_constatacoes"",""funcao"":""public.propagate_modification_to_parent"",""tabela"":""constatacoes_manuais"",""esquema"":""public"",""situacao"":""ativo"",""definicao"":""CREATE TRIGGER trg_propagate_constatacoes AFTER INSERT OR DELETE OR UPDATE ON constatacoes_manuais FOR EACH ROW EXECUTE FUNCTION propagate_modification_to_parent()""},{""nome"":""update_contratos_updated_at"",""funcao"":""public.update_updated_at_column"",""tabela"":""contratos"",""esquema"":""public"",""situacao"":""ativo"",""definicao"":""CREATE TRIGGER update_contratos_updated_at BEFORE UPDATE ON contratos FOR EACH ROW EXECUTE FUNCTION update_updated_at_column()""},{""nome"":""trg_audit_determinacoes"",""funcao"":""public.process_audit_log"",""tabela"":""determinacoes"",""esquema"":""public"",""situacao"":""ativo"",""definicao"":""CREATE TRIGGER trg_audit_determinacoes AFTER INSERT OR DELETE OR UPDATE ON determinacoes FOR EACH ROW EXECUTE FUNCTION process_audit_log()""},{""nome"":""trg_propagate_determinacoes"",""funcao"":""public.propagate_modification_to_parent"",""tabela"":""determinacoes"",""esquema"":""public"",""situacao"":""ativo"",""definicao"":""CREATE TRIGGER trg_propagate_determinacoes AFTER INSERT OR DELETE OR UPDATE ON determinacoes FOR EACH ROW EXECUTE FUNCTION propagate_modification_to_parent()""},{""nome"":""update_determinacoes_updated_at"",""funcao"":""public.update_updated_at_column"",""tabela"":""determinacoes"",""esquema"":""public"",""situacao"":""ativo"",""definicao"":""CREATE TRIGGER update_determinacoes_updated_at BEFORE UPDATE ON determinacoes FOR EACH ROW EXECUTE FUNCTION update_updated_at_column()""},{""nome"":""tr_camara_fiscalizacoes"",""funcao"":""public.trg_fiscalizacao_set_camara"",""tabela"":""fiscalizacoes"",""esquema"":""public"",""situacao"":""ativo"",""definicao"":""CREATE TRIGGER tr_camara_fiscalizacoes BEFORE INSERT OR UPDATE OF servicos ON fiscalizacoes FOR EACH ROW EXECUTE FUNCTION trg_fiscalizacao_set_camara()""},{""nome"":""trg_audit_fiscalizacoes"",""funcao"":""public.process_audit_log"",""tabela"":""fiscalizacoes"",""esquema"":""public"",""situacao"":""ativo"",""definicao"":""CREATE TRIGGER trg_audit_fiscalizacoes AFTER INSERT OR DELETE OR UPDATE ON fiscalizacoes FOR EACH ROW EXECUTE FUNCTION process_audit_log()""},{""nome"":""trg_set_fiscalizacao_cache_fields"",""funcao"":""public.set_fiscalizacao_cache_fields"",""tabela"":""fiscalizacoes"",""esquema"":""public"",""situacao"":""ativo"",""definicao"":""CREATE TRIGGER trg_set_fiscalizacao_cache_fields BEFORE INSERT OR UPDATE ON fiscalizacoes FOR EACH ROW EXECUTE FUNCTION set_fiscalizacao_cache_fields()""},{""nome"":""trg_set_fiscalizacao_last_modified"",""funcao"":""public.set_fiscalizacao_last_modified"",""tabela"":""fiscalizacoes"",""esquema"":""public"",""situacao"":""ativo"",""definicao"":""CREATE TRIGGER trg_set_fiscalizacao_last_modified BEFORE INSERT OR UPDATE ON fiscalizacoes FOR EACH ROW EXECUTE FUNCTION set_fiscalizacao_last_modified()""},{""nome"":""update_fiscalizacoes_updated_at"",""funcao"":""public.update_updated_at_column"",""tabela"":""fiscalizacoes"",""esquema"":""public"",""situacao"":""ativo"",""definicao"":""CREATE TRIGGER update_fiscalizacoes_updated_at BEFORE UPDATE ON fiscalizacoes FOR EACH ROW EXECUTE FUNCTION update_updated_at_column()""},{""nome"":""update_prestadores_updated_at"",""funcao"":""public.update_updated_at_column"",""tabela"":""prestadores_servico"",""esquema"":""public"",""situacao"":""ativo"",""definicao"":""CREATE TRIGGER update_prestadores_updated_at BEFORE UPDATE ON prestadores_servico FOR EACH ROW EXECUTE FUNCTION update_updated_at_column()""},{""nome"":""trg_enforce_profile_security"",""funcao"":""public.enforce_profile_security"",""tabela"":""profiles"",""esquema"":""public"",""situacao"":""ativo"",""definicao"":""CREATE TRIGGER trg_enforce_profile_security BEFORE INSERT OR UPDATE ON profiles FOR EACH ROW EXECUTE FUNCTION enforce_profile_security()""},{""nome"":""trg_audit_recomendacoes"",""funcao"":""public.process_audit_log"",""tabela"":""recomendacoes"",""esquema"":""public"",""situacao"":""ativo"",""definicao"":""CREATE TRIGGER trg_audit_recomendacoes AFTER INSERT OR DELETE OR UPDATE ON recomendacoes FOR EACH ROW EXECUTE FUNCTION process_audit_log()""},{""nome"":""trg_propagate_recomendacoes"",""funcao"":""public.propagate_modification_to_parent"",""tabela"":""recomendacoes"",""esquema"":""public"",""situacao"":""ativo"",""definicao"":""CREATE TRIGGER trg_propagate_recomendacoes AFTER INSERT OR DELETE OR UPDATE ON recomendacoes FOR EACH ROW EXECUTE FUNCTION propagate_modification_to_parent()""},{""nome"":""trg_audit_relatorios_jobs"",""funcao"":""public.process_audit_log"",""tabela"":""relatorios_jobs"",""esquema"":""public"",""situacao"":""ativo"",""definicao"":""CREATE TRIGGER trg_audit_relatorios_jobs AFTER INSERT OR DELETE ON relatorios_jobs FOR EACH ROW EXECUTE FUNCTION process_audit_log()""},{""nome"":""tr_camara_remessas"",""funcao"":""public.trg_remessa_set_camara"",""tabela"":""remessas_ai"",""esquema"":""public"",""situacao"":""ativo"",""definicao"":""CREATE TRIGGER tr_camara_remessas BEFORE INSERT ON remessas_ai FOR EACH ROW EXECUTE FUNCTION trg_remessa_set_camara()""},{""nome"":""trg_audit_respostas"",""funcao"":""public.process_audit_log"",""tabela"":""respostas_checklist"",""esquema"":""public"",""situacao"":""ativo"",""definicao"":""CREATE TRIGGER trg_audit_respostas AFTER INSERT OR DELETE OR UPDATE ON respostas_checklist FOR EACH ROW EXECUTE FUNCTION process_audit_log()""},{""nome"":""trg_propagate_respostas"",""funcao"":""public.propagate_modification_to_parent"",""tabela"":""respostas_checklist"",""esquema"":""public"",""situacao"":""ativo"",""definicao"":""CREATE TRIGGER trg_propagate_respostas AFTER INSERT OR DELETE OR UPDATE ON respostas_checklist FOR EACH ROW EXECUTE FUNCTION propagate_modification_to_parent()""},{""nome"":""trg_proteger_resposta_determinacao_prestador"",""funcao"":""public.proteger_resposta_determinacao_prestador"",""tabela"":""respostas_determinacao"",""esquema"":""public"",""situacao"":""ativo"",""definicao"":""CREATE TRIGGER trg_proteger_resposta_determinacao_prestador BEFORE INSERT OR UPDATE ON respostas_determinacao FOR EACH ROW EXECUTE FUNCTION proteger_resposta_determinacao_prestador()""},{""nome"":""trg_proteger_termo_prestador"",""funcao"":""public.proteger_termo_prestador"",""tabela"":""termos_notificacao"",""esquema"":""public"",""situacao"":""ativo"",""definicao"":""CREATE TRIGGER trg_proteger_termo_prestador BEFORE UPDATE ON termos_notificacao FOR EACH ROW EXECUTE FUNCTION proteger_termo_prestador()""},{""nome"":""trg_termos_notificacao_set_ano_geracao"",""funcao"":""public.set_termos_notificacao_ano_geracao"",""tabela"":""termos_notificacao"",""esquema"":""public"",""situacao"":""ativo"",""definicao"":""CREATE TRIGGER trg_termos_notificacao_set_ano_geracao BEFORE INSERT OR UPDATE OF data_geracao ON termos_notificacao FOR EACH ROW EXECUTE FUNCTION set_termos_notificacao_ano_geracao()""},{""nome"":""update_tipos_ocorrencia_dtr_updated_at"",""funcao"":""public.update_updated_at_column"",""tabela"":""tipos_ocorrencia_dtr"",""esquema"":""public"",""situacao"":""ativo"",""definicao"":""CREATE TRIGGER update_tipos_ocorrencia_dtr_updated_at BEFORE UPDATE ON tipos_ocorrencia_dtr FOR EACH ROW EXECUTE FUNCTION update_updated_at_column()""},{""nome"":""trg_audit_unidades"",""funcao"":""public.process_audit_log"",""tabela"":""unidades_fiscalizadas"",""esquema"":""public"",""situacao"":""ativo"",""definicao"":""CREATE TRIGGER trg_audit_unidades AFTER INSERT OR DELETE OR UPDATE ON unidades_fiscalizadas FOR EACH ROW EXECUTE FUNCTION process_audit_log()""},{""nome"":""trg_propagate_unidades"",""funcao"":""public.propagate_modification_to_parent"",""tabela"":""unidades_fiscalizadas"",""esquema"":""public"",""situacao"":""ativo"",""definicao"":""CREATE TRIGGER trg_propagate_unidades AFTER INSERT OR DELETE OR UPDATE ON unidades_fiscalizadas FOR EACH ROW EXECUTE FUNCTION propagate_modification_to_parent()""},{""nome"":""update_unidades_updated_at"",""funcao"":""public.update_updated_at_column"",""tabela"":""unidades_fiscalizadas"",""esquema"":""public"",""situacao"":""ativo"",""definicao"":""CREATE TRIGGER update_unidades_updated_at BEFORE UPDATE ON unidades_fiscalizadas FOR EACH ROW EXECUTE FUNCTION update_updated_at_column()""}]"
11,politicas,166,"[{""nome"":""Fiscais, Coordenadores e Admins leem logs de auditoria"",""papeis"":[""authenticated""],""tabela"":""audit_logs"",""comando"":""SELECT"",""esquema"":""public"",""permissiva"":""PERMISSIVE"",""condicao_using"":""(get_my_role() = ANY (ARRAY['admin'::text, 'coordenador'::text, 'fiscal'::text]))"",""condicao_with_check"":null},{""nome"":""Fiscais e Admins: acesso por camara em autos"",""papeis"":[""authenticated""],""tabela"":""autos_infracao"",""comando"":""ALL"",""esquema"":""public"",""permissiva"":""PERMISSIVE"",""condicao_using"":""can_access_camara(camara_tecnica_id)"",""condicao_with_check"":""can_access_camara(camara_tecnica_id)""},{""nome"":""Prestadores: ler seus próprios autos"",""papeis"":[""authenticated""],""tabela"":""autos_infracao"",""comando"":""SELECT"",""esquema"":""public"",""permissiva"":""PERMISSIVE"",""condicao_using"":""((get_my_role() = 'prestador'::text) AND (prestador_servico_id = get_my_prestador_id()))"",""condicao_with_check"":null},{""nome"":""autos_prestador_select"",""papeis"":[""authenticated""],""tabela"":""autos_infracao"",""comando"":""SELECT"",""esquema"":""public"",""permissiva"":""PERMISSIVE"",""condicao_using"":""((\""current_role\""() = 'prestador'::text) AND (prestador_servico_id = current_prestador_servico_id()))"",""condicao_with_check"":null},{""nome"":""autos_staff_all"",""papeis"":[""authenticated""],""tabela"":""autos_infracao"",""comando"":""ALL"",""esquema"":""public"",""permissiva"":""PERMISSIVE"",""condicao_using"":""is_staff()"",""condicao_with_check"":""is_staff()""},{""nome"":""Admins gerenciam câmaras técnicas"",""papeis"":[""authenticated""],""tabela"":""camaras_tecnicas"",""comando"":""ALL"",""esquema"":""public"",""permissiva"":""PERMISSIVE"",""condicao_using"":""(get_my_role() = 'admin'::text)"",""condicao_with_check"":null},{""nome"":""Câmaras técnicas visíveis para todos autenticados"",""papeis"":[""authenticated""],""tabela"":""camaras_tecnicas"",""comando"":""SELECT"",""esquema"":""public"",""permissiva"":""PERMISSIVE"",""condicao_using"":""true"",""condicao_with_check"":null},{""nome"":""CATERS ai jobs: gestao"",""papeis"":[""authenticated""],""tabela"":""caters_ai_jobs"",""comando"":""ALL"",""esquema"":""public"",""permissiva"":""PERMISSIVE"",""condicao_using"":""is_caters_user()"",""condicao_with_check"":""is_caters_user()""},{""nome"":""CATERS historico: inserir"",""papeis"":[""authenticated""],""tabela"":""caters_analysis_history"",""comando"":""INSERT"",""esquema"":""public"",""permissiva"":""PERMISSIVE"",""condicao_using"":null,""condicao_with_check"":""is_caters_user()""},{""nome"":""CATERS historico: leitura"",""papeis"":[""authenticated""],""tabela"":""caters_analysis_history"",""comando"":""SELECT"",""esquema"":""public"",""permissiva"":""PERMISSIVE"",""condicao_using"":""is_caters_user()"",""condicao_with_check"":null},{""nome"":""authenticated users can manage deadline extensions"",""papeis"":[""authenticated""],""tabela"":""caters_deadline_extensions"",""comando"":""ALL"",""esquema"":""public"",""permissiva"":""PERMISSIVE"",""condicao_using"":""(( SELECT get_my_role() AS get_my_role) IS NOT NULL)"",""condicao_with_check"":""(( SELECT get_my_role() AS get_my_role) IS NOT NULL)""},{""nome"":""e2e_test_user_own_rows_only"",""papeis"":[""authenticated""],""tabela"":""caters_deadline_extensions"",""comando"":""UPDATE"",""esquema"":""public"",""permissiva"":""RESTRICTIVE"",""condicao_using"":""((auth.uid() <> '5cdf15b9-4b87-4163-8ee7-6eaecd354f67'::uuid) OR (created_by = auth.uid()))"",""condicao_with_check"":null},{""nome"":""e2e_test_user_own_rows_only_delete"",""papeis"":[""authenticated""],""tabela"":""caters_deadline_extensions"",""comando"":""DELETE"",""esquema"":""public"",""permissiva"":""RESTRICTIVE"",""condicao_using"":""((auth.uid() <> '5cdf15b9-4b87-4163-8ee7-6eaecd354f67'::uuid) OR (created_by = auth.uid()))"",""condicao_with_check"":null},{""nome"":""CATERS documentos: deletar"",""papeis"":[""authenticated""],""tabela"":""caters_extra_documents"",""comando"":""DELETE"",""esquema"":""public"",""permissiva"":""PERMISSIVE"",""condicao_using"":""is_caters_user()"",""condicao_with_check"":null},{""nome"":""CATERS documentos: inserir"",""papeis"":[""authenticated""],""tabela"":""caters_extra_documents"",""comando"":""INSERT"",""esquema"":""public"",""permissiva"":""PERMISSIVE"",""condicao_using"":null,""condicao_with_check"":""is_caters_user()""},{""nome"":""CATERS documentos: leitura"",""papeis"":[""authenticated""],""tabela"":""caters_extra_documents"",""comando"":""SELECT"",""esquema"":""public"",""permissiva"":""PERMISSIVE"",""condicao_using"":""is_caters_user()"",""condicao_with_check"":null},{""nome"":""e2e_test_user_own_rows_only"",""papeis"":[""authenticated""],""tabela"":""caters_extra_documents"",""comando"":""UPDATE"",""esquema"":""public"",""permissiva"":""RESTRICTIVE"",""condicao_using"":""((auth.uid() <> '5cdf15b9-4b87-4163-8ee7-6eaecd354f67'::uuid) OR (created_by = auth.uid()))"",""condicao_with_check"":null},{""nome"":""e2e_test_user_own_rows_only_delete"",""papeis"":[""authenticated""],""tabela"":""caters_extra_documents"",""comando"":""DELETE"",""esquema"":""public"",""permissiva"":""RESTRICTIVE"",""condicao_using"":""((auth.uid() <> '5cdf15b9-4b87-4163-8ee7-6eaecd354f67'::uuid) OR (created_by = auth.uid()))"",""condicao_with_check"":null},{""nome"":""CATERS respostas: gestao"",""papeis"":[""authenticated""],""tabela"":""caters_municipality_responses"",""comando"":""ALL"",""esquema"":""public"",""permissiva"":""PERMISSIVE"",""condicao_using"":""is_caters_user()"",""condicao_with_check"":""is_caters_user()""},{""nome"":""e2e_test_user_own_rows_only"",""papeis"":[""authenticated""],""tabela"":""caters_municipality_responses"",""comando"":""UPDATE"",""esquema"":""public"",""permissiva"":""RESTRICTIVE"",""condicao_using"":""((auth.uid() <> '5cdf15b9-4b87-4163-8ee7-6eaecd354f67'::uuid) OR (created_by = auth.uid()))"",""condicao_with_check"":null},{""nome"":""e2e_test_user_own_rows_only_delete"",""papeis"":[""authenticated""],""tabela"":""caters_municipality_responses"",""comando"":""DELETE"",""esquema"":""public"",""permissiva"":""RESTRICTIVE"",""condicao_using"":""((auth.uid() <> '5cdf15b9-4b87-4163-8ee7-6eaecd354f67'::uuid) OR (created_by = auth.uid()))"",""condicao_with_check"":null},{""nome"":""CATERS notif reads: proprias"",""papeis"":[""authenticated""],""tabela"":""caters_notification_reads"",""comando"":""ALL"",""esquema"":""public"",""permissiva"":""PERMISSIVE"",""condicao_using"":""((user_id = auth.uid()) AND is_caters_user())"",""condicao_with_check"":""((user_id = auth.uid()) AND is_caters_user())""},{""nome"":""CATERS processos: atualizar"",""papeis"":[""authenticated""],""tabela"":""caters_processes"",""comando"":""UPDATE"",""esquema"":""public"",""permissiva"":""PERMISSIVE"",""condicao_using"":""is_caters_user()"",""condicao_with_check"":null},{""nome"":""CATERS processos: deletar"",""papeis"":[""authenticated""],""tabela"":""caters_processes"",""comando"":""DELETE"",""esquema"":""public"",""permissiva"":""PERMISSIVE"",""condicao_using"":""(get_my_role() = 'admin'::text)"",""condicao_with_check"":null},{""nome"":""CATERS processos: inserir"",""papeis"":[""authenticated""],""tabela"":""caters_processes"",""comando"":""INSERT"",""esquema"":""public"",""permissiva"":""PERMISSIVE"",""condicao_using"":null,""condicao_with_check"":""is_caters_user()""},{""nome"":""CATERS processos: leitura"",""papeis"":[""authenticated""],""tabela"":""caters_processes"",""comando"":""SELECT"",""esquema"":""public"",""permissiva"":""PERMISSIVE"",""condicao_using"":""is_caters_user()"",""condicao_with_check"":null},{""nome"":""e2e_test_user_own_rows_only"",""papeis"":[""authenticated""],""tabela"":""caters_processes"",""comando"":""UPDATE"",""esquema"":""public"",""permissiva"":""RESTRICTIVE"",""condicao_using"":""((auth.uid() <> '5cdf15b9-4b87-4163-8ee7-6eaecd354f67'::uuid) OR (created_by = auth.uid()))"",""condicao_with_check"":null},{""nome"":""e2e_test_user_own_rows_only_delete"",""papeis"":[""authenticated""],""tabela"":""caters_processes"",""comando"":""DELETE"",""esquema"":""public"",""permissiva"":""RESTRICTIVE"",""condicao_using"":""((auth.uid() <> '5cdf15b9-4b87-4163-8ee7-6eaecd354f67'::uuid) OR (created_by = auth.uid()))"",""condicao_with_check"":null},{""nome"":""CATERS recomendacoes: atualizar"",""papeis"":[""authenticated""],""tabela"":""caters_recommendations"",""comando"":""UPDATE"",""esquema"":""public"",""permissiva"":""PERMISSIVE"",""condicao_using"":""is_caters_user()"",""condicao_with_check"":null},{""nome"":""CATERS recomendacoes: deletar"",""papeis"":[""authenticated""],""tabela"":""caters_recommendations"",""comando"":""DELETE"",""esquema"":""public"",""permissiva"":""PERMISSIVE"",""condicao_using"":""is_caters_user()"",""condicao_with_check"":null},{""nome"":""CATERS recomendacoes: inserir"",""papeis"":[""authenticated""],""tabela"":""caters_recommendations"",""comando"":""INSERT"",""esquema"":""public"",""permissiva"":""PERMISSIVE"",""condicao_using"":null,""condicao_with_check"":""is_caters_user()""},{""nome"":""CATERS recomendacoes: leitura"",""papeis"":[""authenticated""],""tabela"":""caters_recommendations"",""comando"":""SELECT"",""esquema"":""public"",""permissiva"":""PERMISSIVE"",""condicao_using"":""is_caters_user()"",""condicao_with_check"":null},{""nome"":""e2e_test_user_own_rows_only"",""papeis"":[""authenticated""],""tabela"":""caters_recommendations"",""comando"":""UPDATE"",""esquema"":""public"",""permissiva"":""RESTRICTIVE"",""condicao_using"":""((auth.uid() <> '5cdf15b9-4b87-4163-8ee7-6eaecd354f67'::uuid) OR (created_by = auth.uid()))"",""condicao_with_check"":null},{""nome"":""e2e_test_user_own_rows_only_delete"",""papeis"":[""authenticated""],""tabela"":""caters_recommendations"",""comando"":""DELETE"",""esquema"":""public"",""permissiva"":""RESTRICTIVE"",""condicao_using"":""((auth.uid() <> '5cdf15b9-4b87-4163-8ee7-6eaecd354f67'::uuid) OR (created_by = auth.uid()))"",""condicao_with_check"":null},{""nome"":""CATESA ai jobs: gestao"",""papeis"":[""authenticated""],""tabela"":""catesa_ai_jobs"",""comando"":""ALL"",""esquema"":""public"",""permissiva"":""PERMISSIVE"",""condicao_using"":""can_access_camara('catesa'::text)"",""condicao_with_check"":""can_access_camara('catesa'::text)""},{""nome"":""Fiscais e Admins: acesso total em constatacoes"",""papeis"":[""authenticated""],""tabela"":""constatacoes_manuais"",""comando"":""ALL"",""esquema"":""public"",""permissiva"":""PERMISSIVE"",""condicao_using"":""(get_my_role() = ANY (ARRAY['admin'::text, 'coordenador'::text, 'fiscal'::text]))"",""condicao_with_check"":""(get_my_role() = ANY (ARRAY['admin'::text, 'coordenador'::text, 'fiscal'::text]))""},{""nome"":""Prestadores: ler suas próprias constatacoes"",""papeis"":[""authenticated""],""tabela"":""constatacoes_manuais"",""comando"":""SELECT"",""esquema"":""public"",""permissiva"":""PERMISSIVE"",""condicao_using"":""((get_my_role() = 'prestador'::text) AND (EXISTS ( SELECT 1\n   FROM (unidades_fiscalizadas u\n     JOIN fiscalizacoes f ON ((f.id = u.fiscalizacao_id)))\n  WHERE ((u.id = constatacoes_manuais.unidade_fiscalizada_id) AND (f.prestador_servico_id = get_my_prestador_id())))))"",""condicao_with_check"":null},{""nome"":""constatacoes_prestador_select"",""papeis"":[""authenticated""],""tabela"":""constatacoes_manuais"",""comando"":""SELECT"",""esquema"":""public"",""permissiva"":""PERMISSIVE"",""condicao_using"":""((\""current_role\""() = 'prestador'::text) AND can_access_unidade(unidade_fiscalizada_id))"",""condicao_with_check"":null},{""nome"":""constatacoes_staff_all"",""papeis"":[""authenticated""],""tabela"":""constatacoes_manuais"",""comando"":""ALL"",""esquema"":""public"",""permissiva"":""PERMISSIVE"",""condicao_using"":""is_staff()"",""condicao_with_check"":""is_staff()""},{""nome"":""e2e_test_user_own_rows_only"",""papeis"":[""authenticated""],""tabela"":""constatacoes_manuais"",""comando"":""UPDATE"",""esquema"":""public"",""permissiva"":""RESTRICTIVE"",""condicao_using"":""((auth.uid() <> '5cdf15b9-4b87-4163-8ee7-6eaecd354f67'::uuid) OR (EXISTS ( SELECT 1\n   FROM (unidades_fiscalizadas u\n     JOIN fiscalizacoes f ON ((f.id = u.fiscalizacao_id)))\n  WHERE ((u.id = constatacoes_manuais.unidade_fiscalizada_id) AND (f.created_by = auth.uid())))))"",""condicao_with_check"":null},{""nome"":""e2e_test_user_own_rows_only_delete"",""papeis"":[""authenticated""],""tabela"":""constatacoes_manuais"",""comando"":""DELETE"",""esquema"":""public"",""permissiva"":""RESTRICTIVE"",""condicao_using"":""((auth.uid() <> '5cdf15b9-4b87-4163-8ee7-6eaecd354f67'::uuid) OR (EXISTS ( SELECT 1\n   FROM (unidades_fiscalizadas u\n     JOIN fiscalizacoes f ON ((f.id = u.fiscalizacao_id)))\n  WHERE ((u.id = constatacoes_manuais.unidade_fiscalizada_id) AND (f.created_by = auth.uid())))))"",""condicao_with_check"":null},{""nome"":""Acesso total autenticado (DEV)"",""papeis"":[""authenticated""],""tabela"":""contratos"",""comando"":""ALL"",""esquema"":""public"",""permissiva"":""PERMISSIVE"",""condicao_using"":""(( SELECT get_my_role() AS get_my_role) IS NOT NULL)"",""condicao_with_check"":""(( SELECT get_my_role() AS get_my_role) IS NOT NULL)""},{""nome"":""Fiscais e Admins: acesso total em determinacoes"",""papeis"":[""authenticated""],""tabela"":""determinacoes"",""comando"":""ALL"",""esquema"":""public"",""permissiva"":""PERMISSIVE"",""condicao_using"":""(get_my_role() = ANY (ARRAY['admin'::text, 'coordenador'::text, 'fiscal'::text]))"",""condicao_with_check"":""(get_my_role() = ANY (ARRAY['admin'::text, 'coordenador'::text, 'fiscal'::text]))""},{""nome"":""Prestadores: ler suas próprias determinacoes"",""papeis"":[""authenticated""],""tabela"":""determinacoes"",""comando"":""SELECT"",""esquema"":""public"",""permissiva"":""PERMISSIVE"",""condicao_using"":""((get_my_role() = 'prestador'::text) AND (EXISTS ( SELECT 1\n   FROM (unidades_fiscalizadas u\n     JOIN fiscalizacoes f ON ((f.id = u.fiscalizacao_id)))\n  WHERE ((u.id = determinacoes.unidade_fiscalizada_id) AND (f.prestador_servico_id = get_my_prestador_id())))))"",""condicao_with_check"":null},{""nome"":""determinacoes_prestador_select"",""papeis"":[""authenticated""],""tabela"":""determinacoes"",""comando"":""SELECT"",""esquema"":""public"",""permissiva"":""PERMISSIVE"",""condicao_using"":""((\""current_role\""() = 'prestador'::text) AND can_access_unidade(unidade_fiscalizada_id))"",""condicao_with_check"":null},{""nome"":""determinacoes_staff_all"",""papeis"":[""authenticated""],""tabela"":""determinacoes"",""comando"":""ALL"",""esquema"":""public"",""permissiva"":""PERMISSIVE"",""condicao_using"":""is_staff()"",""condicao_with_check"":""is_staff()""},{""nome"":""e2e_test_user_own_rows_only"",""papeis"":[""authenticated""],""tabela"":""determinacoes"",""comando"":""UPDATE"",""esquema"":""public"",""permissiva"":""RESTRICTIVE"",""condicao_using"":""((auth.uid() <> '5cdf15b9-4b87-4163-8ee7-6eaecd354f67'::uuid) OR (EXISTS ( SELECT 1\n   FROM (unidades_fiscalizadas u\n     JOIN fiscalizacoes f ON ((f.id = u.fiscalizacao_id)))\n  WHERE ((u.id = determinacoes.unidade_fiscalizada_id) AND (f.created_by = auth.uid())))))"",""condicao_with_check"":null},{""nome"":""e2e_test_user_own_rows_only_delete"",""papeis"":[""authenticated""],""tabela"":""determinacoes"",""comando"":""DELETE"",""esquema"":""public"",""permissiva"":""RESTRICTIVE"",""condicao_using"":""((auth.uid() <> '5cdf15b9-4b87-4163-8ee7-6eaecd354f67'::uuid) OR (EXISTS ( SELECT 1\n   FROM (unidades_fiscalizadas u\n     JOIN fiscalizacoes f ON ((f.id = u.fiscalizacao_id)))\n  WHERE ((u.id = determinacoes.unidade_fiscalizada_id) AND (f.created_by = auth.uid())))))"",""condicao_with_check"":null},{""nome"":""Diretorias visíveis para todos autenticados"",""papeis"":[""authenticated""],""tabela"":""diretorias"",""comando"":""SELECT"",""esquema"":""public"",""permissiva"":""PERMISSIVE"",""condicao_using"":""true"",""condicao_with_check"":null},{""nome"":""Fiscais e Admins: acesso por camara em fiscalizacoes"",""papeis"":[""authenticated""],""tabela"":""fiscalizacoes"",""comando"":""ALL"",""esquema"":""public"",""permissiva"":""PERMISSIVE"",""condicao_using"":""can_access_camara(camara_tecnica_id)"",""condicao_with_check"":""can_access_camara(camara_tecnica_id)""},{""nome"":""Prestadores: ler apenas suas próprias fiscalizações"",""papeis"":[""authenticated""],""tabela"":""fiscalizacoes"",""comando"":""SELECT"",""esquema"":""public"",""permissiva"":""PERMISSIVE"",""condicao_using"":""((get_my_role() = 'prestador'::text) AND (prestador_servico_id = get_my_prestador_id()))"",""condicao_with_check"":null},{""nome"":""Prestadores: ler apenas suas pr├│prias fiscaliza├º├Áe"",""papeis"":[""authenticated""],""tabela"":""fiscalizacoes"",""comando"":""SELECT"",""esquema"":""public"",""permissiva"":""PERMISSIVE"",""condicao_using"":""((get_my_role() = 'prestador'::text) AND (prestador_servico_id = get_my_prestador_id()))"",""condicao_with_check"":null},{""nome"":""e2e_test_user_own_rows_only"",""papeis"":[""authenticated""],""tabela"":""fiscalizacoes"",""comando"":""UPDATE"",""esquema"":""public"",""permissiva"":""RESTRICTIVE"",""condicao_using"":""((auth.uid() <> '5cdf15b9-4b87-4163-8ee7-6eaecd354f67'::uuid) OR (created_by = auth.uid()))"",""condicao_with_check"":null},{""nome"":""e2e_test_user_own_rows_only_delete"",""papeis"":[""authenticated""],""tabela"":""fiscalizacoes"",""comando"":""DELETE"",""esquema"":""public"",""permissiva"":""RESTRICTIVE"",""condicao_using"":""((auth.uid() <> '5cdf15b9-4b87-4163-8ee7-6eaecd354f67'::uuid) OR (created_by = auth.uid()))"",""condicao_with_check"":null},{""nome"":""Fiscais e Admins: acesso total em fotos"",""papeis"":[""authenticated""],""tabela"":""fotos_evidencia"",""comando"":""ALL"",""esquema"":""public"",""permissiva"":""PERMISSIVE"",""condicao_using"":""(get_my_role() = ANY (ARRAY['admin'::text, 'coordenador'::text, 'fiscal'::text]))"",""condicao_with_check"":""(get_my_role() = ANY (ARRAY['admin'::text, 'coordenador'::text, 'fiscal'::text]))""},{""nome"":""Prestadores: ler suas próprias fotos"",""papeis"":[""authenticated""],""tabela"":""fotos_evidencia"",""comando"":""SELECT"",""esquema"":""public"",""permissiva"":""PERMISSIVE"",""condicao_using"":""((get_my_role() = 'prestador'::text) AND (EXISTS ( SELECT 1\n   FROM (unidades_fiscalizadas u\n     JOIN fiscalizacoes f ON ((f.id = u.fiscalizacao_id)))\n  WHERE ((u.id = fotos_evidencia.unidade_fiscalizada_id) AND (f.prestador_servico_id = get_my_prestador_id())))))"",""condicao_with_check"":null},{""nome"":""Leitura pública de itens de checklist"",""papeis"":[""authenticated""],""tabela"":""itens_checklist"",""comando"":""SELECT"",""esquema"":""public"",""permissiva"":""PERMISSIVE"",""condicao_using"":""(( SELECT get_my_role() AS get_my_role) IS NOT NULL)"",""condicao_with_check"":null},{""nome"":""Operadores gerenciam itens de checklist"",""papeis"":[""authenticated""],""tabela"":""itens_checklist"",""comando"":""ALL"",""esquema"":""public"",""permissiva"":""PERMISSIVE"",""condicao_using"":""(get_my_role() = ANY (ARRAY['admin'::text, 'coordenador'::text, 'fiscal'::text]))"",""condicao_with_check"":null},{""nome"":""Fiscais e Admins: acesso total em julgamentos"",""papeis"":[""authenticated""],""tabela"":""julgamentos"",""comando"":""ALL"",""esquema"":""public"",""permissiva"":""PERMISSIVE"",""condicao_using"":""(get_my_role() = ANY (ARRAY['admin'::text, 'coordenador'::text, 'fiscal'::text]))"",""condicao_with_check"":""(get_my_role() = ANY (ARRAY['admin'::text, 'coordenador'::text, 'fiscal'::text]))""},{""nome"":""Prestadores: ler julgamentos de seus autos"",""papeis"":[""authenticated""],""tabela"":""julgamentos"",""comando"":""SELECT"",""esquema"":""public"",""permissiva"":""PERMISSIVE"",""condicao_using"":""((get_my_role() = 'prestador'::text) AND (EXISTS ( SELECT 1\n   FROM autos_infracao a\n  WHERE ((a.id = julgamentos.auto_id) AND (a.prestador_servico_id = get_my_prestador_id())))))"",""condicao_with_check"":null},{""nome"":""julgamentos_prestador_select"",""papeis"":[""authenticated""],""tabela"":""julgamentos"",""comando"":""SELECT"",""esquema"":""public"",""permissiva"":""PERMISSIVE"",""condicao_using"":""((\""current_role\""() = 'prestador'::text) AND ((prestador_servico_id = current_prestador_servico_id()) OR (EXISTS ( SELECT 1\n   FROM autos_infracao a\n  WHERE ((a.id = julgamentos.auto_id) AND (a.prestador_servico_id = current_prestador_servico_id()))))))"",""condicao_with_check"":null},{""nome"":""julgamentos_staff_all"",""papeis"":[""authenticated""],""tabela"":""julgamentos"",""comando"":""ALL"",""esquema"":""public"",""permissiva"":""PERMISSIVE"",""condicao_using"":""is_staff()"",""condicao_with_check"":""is_staff()""},{""nome"":""Fiscais e Admins: acesso por camara em manifestacoes"",""papeis"":[""authenticated""],""tabela"":""manifestacoes_auto"",""comando"":""ALL"",""esquema"":""public"",""permissiva"":""PERMISSIVE"",""condicao_using"":""((get_my_role() = 'admin'::text) OR ((get_my_role() = ANY (ARRAY['coordenador'::text, 'fiscal'::text])) AND (EXISTS ( SELECT 1\n   FROM autos_infracao ai\n  WHERE ((ai.id = manifestacoes_auto.auto_infracao_id) AND can_access_camara(ai.camara_tecnica_id))))))"",""condicao_with_check"":""((get_my_role() = 'admin'::text) OR ((get_my_role() = ANY (ARRAY['coordenador'::text, 'fiscal'::text])) AND (EXISTS ( SELECT 1\n   FROM autos_infracao ai\n  WHERE ((ai.id = manifestacoes_auto.auto_infracao_id) AND can_access_camara(ai.camara_tecnica_id))))))""},{""nome"":""Prestadores: atualizar suas próprias manifestações"",""papeis"":[""authenticated""],""tabela"":""manifestacoes_auto"",""comando"":""UPDATE"",""esquema"":""public"",""permissiva"":""PERMISSIVE"",""condicao_using"":""((get_my_role() = 'prestador'::text) AND (EXISTS ( SELECT 1\n   FROM autos_infracao a\n  WHERE ((a.id = manifestacoes_auto.auto_infracao_id) AND (a.prestador_servico_id = get_my_prestador_id())))))"",""condicao_with_check"":""((get_my_role() = 'prestador'::text) AND (EXISTS ( SELECT 1\n   FROM autos_infracao a\n  WHERE ((a.id = manifestacoes_auto.auto_infracao_id) AND (a.prestador_servico_id = get_my_prestador_id())))))""},{""nome"":""Prestadores: cadastrar suas próprias manifestações"",""papeis"":[""authenticated""],""tabela"":""manifestacoes_auto"",""comando"":""INSERT"",""esquema"":""public"",""permissiva"":""PERMISSIVE"",""condicao_using"":null,""condicao_with_check"":""((get_my_role() = 'prestador'::text) AND (EXISTS ( SELECT 1\n   FROM autos_infracao a\n  WHERE ((a.id = manifestacoes_auto.auto_infracao_id) AND (a.prestador_servico_id = get_my_prestador_id())))))""},{""nome"":""Prestadores: ler suas próprias manifestações"",""papeis"":[""authenticated""],""tabela"":""manifestacoes_auto"",""comando"":""SELECT"",""esquema"":""public"",""permissiva"":""PERMISSIVE"",""condicao_using"":""((get_my_role() = 'prestador'::text) AND (EXISTS ( SELECT 1\n   FROM autos_infracao a\n  WHERE ((a.id = manifestacoes_auto.auto_infracao_id) AND (a.prestador_servico_id = get_my_prestador_id())))))"",""condicao_with_check"":null},{""nome"":""manifestacoes_prestador_select"",""papeis"":[""authenticated""],""tabela"":""manifestacoes_auto"",""comando"":""SELECT"",""esquema"":""public"",""permissiva"":""PERMISSIVE"",""condicao_using"":""((\""current_role\""() = 'prestador'::text) AND (EXISTS ( SELECT 1\n   FROM autos_infracao a\n  WHERE ((a.id = manifestacoes_auto.auto_infracao_id) AND (a.prestador_servico_id = current_prestador_servico_id())))))"",""condicao_with_check"":null},{""nome"":""manifestacoes_staff_all"",""papeis"":[""authenticated""],""tabela"":""manifestacoes_auto"",""comando"":""ALL"",""esquema"":""public"",""permissiva"":""PERMISSIVE"",""condicao_using"":""is_staff()"",""condicao_with_check"":""is_staff()""},{""nome"":""Leitura pública de municípios"",""papeis"":[""authenticated""],""tabela"":""municipios"",""comando"":""SELECT"",""esquema"":""public"",""permissiva"":""PERMISSIVE"",""condicao_using"":""true"",""condicao_with_check"":null},{""nome"":""Operadores gerenciam municípios"",""papeis"":[""authenticated""],""tabela"":""municipios"",""comando"":""ALL"",""esquema"":""public"",""permissiva"":""PERMISSIVE"",""condicao_using"":""(get_my_role() = ANY (ARRAY['admin'::text, 'coordenador'::text]))"",""condicao_with_check"":null},{""nome"":""Fiscais e Admins: acesso total em ncs"",""papeis"":[""authenticated""],""tabela"":""nao_conformidades"",""comando"":""ALL"",""esquema"":""public"",""permissiva"":""PERMISSIVE"",""condicao_using"":""(get_my_role() = ANY (ARRAY['admin'::text, 'coordenador'::text, 'fiscal'::text]))"",""condicao_with_check"":""(get_my_role() = ANY (ARRAY['admin'::text, 'coordenador'::text, 'fiscal'::text]))""},{""nome"":""Prestadores: ler suas próprias ncs"",""papeis"":[""authenticated""],""tabela"":""nao_conformidades"",""comando"":""SELECT"",""esquema"":""public"",""permissiva"":""PERMISSIVE"",""condicao_using"":""((get_my_role() = 'prestador'::text) AND (EXISTS ( SELECT 1\n   FROM (unidades_fiscalizadas u\n     JOIN fiscalizacoes f ON ((f.id = u.fiscalizacao_id)))\n  WHERE ((u.id = nao_conformidades.unidade_fiscalizada_id) AND (f.prestador_servico_id = get_my_prestador_id())))))"",""condicao_with_check"":null},{""nome"":""ncs_prestador_select"",""papeis"":[""authenticated""],""tabela"":""nao_conformidades"",""comando"":""SELECT"",""esquema"":""public"",""permissiva"":""PERMISSIVE"",""condicao_using"":""((\""current_role\""() = 'prestador'::text) AND can_access_unidade(unidade_fiscalizada_id))"",""condicao_with_check"":null},{""nome"":""ncs_staff_all"",""papeis"":[""authenticated""],""tabela"":""nao_conformidades"",""comando"":""ALL"",""esquema"":""public"",""permissiva"":""PERMISSIVE"",""condicao_using"":""is_staff()"",""condicao_with_check"":""is_staff()""},{""nome"":""Fiscais e Admins: acesso por camara em pareceres"",""papeis"":[""authenticated""],""tabela"":""pareceres_tecnicos"",""comando"":""ALL"",""esquema"":""public"",""permissiva"":""PERMISSIVE"",""condicao_using"":""((get_my_role() = 'admin'::text) OR ((get_my_role() = ANY (ARRAY['coordenador'::text, 'fiscal'::text])) AND (EXISTS ( SELECT 1\n   FROM autos_infracao ai\n  WHERE ((ai.id = pareceres_tecnicos.auto_id) AND can_access_camara(ai.camara_tecnica_id))))))"",""condicao_with_check"":""((get_my_role() = 'admin'::text) OR ((get_my_role() = ANY (ARRAY['coordenador'::text, 'fiscal'::text])) AND (EXISTS ( SELECT 1\n   FROM autos_infracao ai\n  WHERE ((ai.id = pareceres_tecnicos.auto_id) AND can_access_camara(ai.camara_tecnica_id))))))""},{""nome"":""Prestadores: ler pareceres de seus autos"",""papeis"":[""authenticated""],""tabela"":""pareceres_tecnicos"",""comando"":""SELECT"",""esquema"":""public"",""permissiva"":""PERMISSIVE"",""condicao_using"":""((get_my_role() = 'prestador'::text) AND (EXISTS ( SELECT 1\n   FROM autos_infracao a\n  WHERE ((a.id = pareceres_tecnicos.auto_id) AND (a.prestador_servico_id = get_my_prestador_id())))))"",""condicao_with_check"":null},{""nome"":""pareceres_prestador_select"",""papeis"":[""authenticated""],""tabela"":""pareceres_tecnicos"",""comando"":""SELECT"",""esquema"":""public"",""permissiva"":""PERMISSIVE"",""condicao_using"":""((\""current_role\""() = 'prestador'::text) AND (EXISTS ( SELECT 1\n   FROM autos_infracao a\n  WHERE ((a.id = pareceres_tecnicos.auto_id) AND (a.prestador_servico_id = current_prestador_servico_id())))))"",""condicao_with_check"":null},{""nome"":""pareceres_staff_all"",""papeis"":[""authenticated""],""tabela"":""pareceres_tecnicos"",""comando"":""ALL"",""esquema"":""public"",""permissiva"":""PERMISSIVE"",""condicao_using"":""is_staff()"",""condicao_with_check"":""is_staff()""},{""nome"":""Leitura pública de prestadores"",""papeis"":[""authenticated""],""tabela"":""prestadores_servico"",""comando"":""SELECT"",""esquema"":""public"",""permissiva"":""PERMISSIVE"",""condicao_using"":""(( SELECT get_my_role() AS get_my_role) IS NOT NULL)"",""condicao_with_check"":null},{""nome"":""Operadores gerenciam prestadores"",""papeis"":[""authenticated""],""tabela"":""prestadores_servico"",""comando"":""ALL"",""esquema"":""public"",""permissiva"":""PERMISSIVE"",""condicao_using"":""(get_my_role() = ANY (ARRAY['admin'::text, 'coordenador'::text, 'fiscal'::text]))"",""condicao_with_check"":null},{""nome"":""prestadores_prestador_select_own"",""papeis"":[""authenticated""],""tabela"":""prestadores_servico"",""comando"":""SELECT"",""esquema"":""public"",""permissiva"":""PERMISSIVE"",""condicao_using"":""((\""current_role\""() = 'prestador'::text) AND ((id = current_prestador_servico_id()) OR (user_id = auth.uid())))"",""condicao_with_check"":null},{""nome"":""prestadores_staff_all"",""papeis"":[""authenticated""],""tabela"":""prestadores_servico"",""comando"":""ALL"",""esquema"":""public"",""permissiva"":""PERMISSIVE"",""condicao_using"":""is_staff()"",""condicao_with_check"":""is_staff()""},{""nome"":""Admins can delete profiles"",""papeis"":[""authenticated""],""tabela"":""profiles"",""comando"":""DELETE"",""esquema"":""public"",""permissiva"":""PERMISSIVE"",""condicao_using"":""(get_my_role() = 'admin'::text)"",""condicao_with_check"":null},{""nome"":""Admins can update any profile"",""papeis"":[""authenticated""],""tabela"":""profiles"",""comando"":""UPDATE"",""esquema"":""public"",""permissiva"":""PERMISSIVE"",""condicao_using"":""(get_my_role() = 'admin'::text)"",""condicao_with_check"":""(get_my_role() = 'admin'::text)""},{""nome"":""Admins e coordenadores gerenciam perfis"",""papeis"":[""authenticated""],""tabela"":""profiles"",""comando"":""ALL"",""esquema"":""public"",""permissiva"":""PERMISSIVE"",""condicao_using"":""(get_my_role() = ANY (ARRAY['admin'::text, 'coordenador'::text]))"",""condicao_with_check"":null},{""nome"":""Edição Própria"",""papeis"":[""public""],""tabela"":""profiles"",""comando"":""UPDATE"",""esquema"":""public"",""permissiva"":""PERMISSIVE"",""condicao_using"":""(auth.uid() = id)"",""condicao_with_check"":null},{""nome"":""Inserção Própria"",""papeis"":[""public""],""tabela"":""profiles"",""comando"":""INSERT"",""esquema"":""public"",""permissiva"":""PERMISSIVE"",""condicao_using"":null,""condicao_with_check"":""(auth.uid() = id)""},{""nome"":""Leitura pública de perfis"",""papeis"":[""authenticated""],""tabela"":""profiles"",""comando"":""SELECT"",""esquema"":""public"",""permissiva"":""PERMISSIVE"",""condicao_using"":""true"",""condicao_with_check"":null},{""nome"":""Usuários comuns atualizam apenas dados de contato próprios"",""papeis"":[""authenticated""],""tabela"":""profiles"",""comando"":""UPDATE"",""esquema"":""public"",""permissiva"":""PERMISSIVE"",""condicao_using"":""(auth.uid() = id)"",""condicao_with_check"":""(auth.uid() = id)""},{""nome"":""profiles_admin_all"",""papeis"":[""authenticated""],""tabela"":""profiles"",""comando"":""ALL"",""esquema"":""public"",""permissiva"":""PERMISSIVE"",""condicao_using"":""(\""current_role\""() = 'admin'::text)"",""condicao_with_check"":""(\""current_role\""() = 'admin'::text)""},{""nome"":""profiles_self_select"",""papeis"":[""authenticated""],""tabela"":""profiles"",""comando"":""SELECT"",""esquema"":""public"",""permissiva"":""PERMISSIVE"",""condicao_using"":""(id = auth.uid())"",""condicao_with_check"":null},{""nome"":""profiles_self_update"",""papeis"":[""authenticated""],""tabela"":""profiles"",""comando"":""UPDATE"",""esquema"":""public"",""permissiva"":""PERMISSIVE"",""condicao_using"":""(id = auth.uid())"",""condicao_with_check"":""(id = auth.uid())""},{""nome"":""Fiscais e Admins: acesso total em recomendacoes"",""papeis"":[""authenticated""],""tabela"":""recomendacoes"",""comando"":""ALL"",""esquema"":""public"",""permissiva"":""PERMISSIVE"",""condicao_using"":""(get_my_role() = ANY (ARRAY['admin'::text, 'coordenador'::text, 'fiscal'::text]))"",""condicao_with_check"":""(get_my_role() = ANY (ARRAY['admin'::text, 'coordenador'::text, 'fiscal'::text]))""},{""nome"":""Prestadores: ler suas próprias recomendacoes"",""papeis"":[""authenticated""],""tabela"":""recomendacoes"",""comando"":""SELECT"",""esquema"":""public"",""permissiva"":""PERMISSIVE"",""condicao_using"":""((get_my_role() = 'prestador'::text) AND (EXISTS ( SELECT 1\n   FROM (unidades_fiscalizadas u\n     JOIN fiscalizacoes f ON ((f.id = u.fiscalizacao_id)))\n  WHERE ((u.id = recomendacoes.unidade_fiscalizada_id) AND (f.prestador_servico_id = get_my_prestador_id())))))"",""condicao_with_check"":null},{""nome"":""e2e_test_user_own_rows_only"",""papeis"":[""authenticated""],""tabela"":""recomendacoes"",""comando"":""UPDATE"",""esquema"":""public"",""permissiva"":""RESTRICTIVE"",""condicao_using"":""((auth.uid() <> '5cdf15b9-4b87-4163-8ee7-6eaecd354f67'::uuid) OR (EXISTS ( SELECT 1\n   FROM (unidades_fiscalizadas u\n     JOIN fiscalizacoes f ON ((f.id = u.fiscalizacao_id)))\n  WHERE ((u.id = recomendacoes.unidade_fiscalizada_id) AND (f.created_by = auth.uid())))))"",""condicao_with_check"":null},{""nome"":""e2e_test_user_own_rows_only_delete"",""papeis"":[""authenticated""],""tabela"":""recomendacoes"",""comando"":""DELETE"",""esquema"":""public"",""permissiva"":""RESTRICTIVE"",""condicao_using"":""((auth.uid() <> '5cdf15b9-4b87-4163-8ee7-6eaecd354f67'::uuid) OR (EXISTS ( SELECT 1\n   FROM (unidades_fiscalizadas u\n     JOIN fiscalizacoes f ON ((f.id = u.fiscalizacao_id)))\n  WHERE ((u.id = recomendacoes.unidade_fiscalizada_id) AND (f.created_by = auth.uid())))))"",""condicao_with_check"":null},{""nome"":""recomendacoes_prestador_select"",""papeis"":[""authenticated""],""tabela"":""recomendacoes"",""comando"":""SELECT"",""esquema"":""public"",""permissiva"":""PERMISSIVE"",""condicao_using"":""((\""current_role\""() = 'prestador'::text) AND can_access_unidade(unidade_fiscalizada_id))"",""condicao_with_check"":null},{""nome"":""recomendacoes_staff_all"",""papeis"":[""authenticated""],""tabela"":""recomendacoes"",""comando"":""ALL"",""esquema"":""public"",""permissiva"":""PERMISSIVE"",""condicao_using"":""is_staff()"",""condicao_with_check"":""is_staff()""},{""nome"":""Delete relatorios_jobs (owner/admin)"",""papeis"":[""authenticated""],""tabela"":""relatorios_jobs"",""comando"":""DELETE"",""esquema"":""public"",""permissiva"":""PERMISSIVE"",""condicao_using"":""((EXISTS ( SELECT 1\n   FROM profiles p0\n  WHERE ((p0.id = auth.uid()) AND (p0.ativo = true)))) AND ((requested_by = auth.uid()) OR (EXISTS ( SELECT 1\n   FROM profiles p\n  WHERE ((p.id = auth.uid()) AND (p.role = 'admin'::text) AND (p.ativo = true)))) OR (EXISTS ( SELECT 1\n   FROM fiscalizacoes f\n  WHERE ((f.id = relatorios_jobs.fiscalizacao_id) AND ((f.created_by = auth.uid()) OR ((lower(COALESCE(f.fiscal_email, ''::text)) <> ''::text) AND (lower(COALESCE(f.fiscal_email, ''::text)) = lower(COALESCE(( SELECT p2.email\n           FROM profiles p2\n          WHERE (p2.id = auth.uid())), ''::text))))))))))"",""condicao_with_check"":null},{""nome"":""Select relatorios_jobs (any active user)"",""papeis"":[""authenticated""],""tabela"":""relatorios_jobs"",""comando"":""SELECT"",""esquema"":""public"",""permissiva"":""PERMISSIVE"",""condicao_using"":""(EXISTS ( SELECT 1\n   FROM profiles p0\n  WHERE ((p0.id = auth.uid()) AND (p0.ativo = true))))"",""condicao_with_check"":null},{""nome"":""Acesso total autenticado (DEV)"",""papeis"":[""authenticated""],""tabela"":""remessas_ai"",""comando"":""ALL"",""esquema"":""public"",""permissiva"":""PERMISSIVE"",""condicao_using"":""(( SELECT get_my_role() AS get_my_role) IS NOT NULL)"",""condicao_with_check"":""(( SELECT get_my_role() AS get_my_role) IS NOT NULL)""},{""nome"":""Fiscais e Admins: acesso por camara em remessas"",""papeis"":[""authenticated""],""tabela"":""remessas_ai"",""comando"":""ALL"",""esquema"":""public"",""permissiva"":""PERMISSIVE"",""condicao_using"":""can_access_camara(camara_tecnica_id)"",""condicao_with_check"":""can_access_camara(camara_tecnica_id)""},{""nome"":""Prestadores: ler suas próprias remessas"",""papeis"":[""authenticated""],""tabela"":""remessas_ai"",""comando"":""SELECT"",""esquema"":""public"",""permissiva"":""PERMISSIVE"",""condicao_using"":""((get_my_role() = 'prestador'::text) AND (prestador_servico_id = get_my_prestador_id()))"",""condicao_with_check"":null},{""nome"":""Acesso total autenticado (DEV)"",""papeis"":[""authenticated""],""tabela"":""remessas_ai_itens"",""comando"":""ALL"",""esquema"":""public"",""permissiva"":""PERMISSIVE"",""condicao_using"":""(( SELECT get_my_role() AS get_my_role) IS NOT NULL)"",""condicao_with_check"":""(( SELECT get_my_role() AS get_my_role) IS NOT NULL)""},{""nome"":""Fiscais e Admins: acesso por camara em itens de remessas"",""papeis"":[""authenticated""],""tabela"":""remessas_ai_itens"",""comando"":""ALL"",""esquema"":""public"",""permissiva"":""PERMISSIVE"",""condicao_using"":""((get_my_role() = 'admin'::text) OR ((get_my_role() = ANY (ARRAY['coordenador'::text, 'fiscal'::text])) AND (EXISTS ( SELECT 1\n   FROM remessas_ai r\n  WHERE ((r.id = remessas_ai_itens.remessa_ai_id) AND can_access_camara(r.camara_tecnica_id))))))"",""condicao_with_check"":""((get_my_role() = 'admin'::text) OR ((get_my_role() = ANY (ARRAY['coordenador'::text, 'fiscal'::text])) AND (EXISTS ( SELECT 1\n   FROM remessas_ai r\n  WHERE ((r.id = remessas_ai_itens.remessa_ai_id) AND can_access_camara(r.camara_tecnica_id))))))""},{""nome"":""Prestadores: ler itens de suas próprias remessas"",""papeis"":[""authenticated""],""tabela"":""remessas_ai_itens"",""comando"":""SELECT"",""esquema"":""public"",""permissiva"":""PERMISSIVE"",""condicao_using"":""((get_my_role() = 'prestador'::text) AND (EXISTS ( SELECT 1\n   FROM remessas_ai r\n  WHERE ((r.id = remessas_ai_itens.remessa_ai_id) AND (r.prestador_servico_id = get_my_prestador_id())))))"",""condicao_with_check"":null},{""nome"":""Fiscais e Admins: acesso total em respostas"",""papeis"":[""authenticated""],""tabela"":""respostas_checklist"",""comando"":""ALL"",""esquema"":""public"",""permissiva"":""PERMISSIVE"",""condicao_using"":""(get_my_role() = ANY (ARRAY['admin'::text, 'coordenador'::text, 'fiscal'::text]))"",""condicao_with_check"":""(get_my_role() = ANY (ARRAY['admin'::text, 'coordenador'::text, 'fiscal'::text]))""},{""nome"":""Prestadores: ler suas próprias respostas"",""papeis"":[""authenticated""],""tabela"":""respostas_checklist"",""comando"":""SELECT"",""esquema"":""public"",""permissiva"":""PERMISSIVE"",""condicao_using"":""((get_my_role() = 'prestador'::text) AND (EXISTS ( SELECT 1\n   FROM (unidades_fiscalizadas u\n     JOIN fiscalizacoes f ON ((f.id = u.fiscalizacao_id)))\n  WHERE ((u.id = respostas_checklist.unidade_fiscalizada_id) AND (f.prestador_servico_id = get_my_prestador_id())))))"",""condicao_with_check"":null},{""nome"":""e2e_test_user_own_rows_only"",""papeis"":[""authenticated""],""tabela"":""respostas_checklist"",""comando"":""UPDATE"",""esquema"":""public"",""permissiva"":""RESTRICTIVE"",""condicao_using"":""((auth.uid() <> '5cdf15b9-4b87-4163-8ee7-6eaecd354f67'::uuid) OR (EXISTS ( SELECT 1\n   FROM (unidades_fiscalizadas u\n     JOIN fiscalizacoes f ON ((f.id = u.fiscalizacao_id)))\n  WHERE ((u.id = respostas_checklist.unidade_fiscalizada_id) AND (f.created_by = auth.uid())))))"",""condicao_with_check"":null},{""nome"":""e2e_test_user_own_rows_only_delete"",""papeis"":[""authenticated""],""tabela"":""respostas_checklist"",""comando"":""DELETE"",""esquema"":""public"",""permissiva"":""RESTRICTIVE"",""condicao_using"":""((auth.uid() <> '5cdf15b9-4b87-4163-8ee7-6eaecd354f67'::uuid) OR (EXISTS ( SELECT 1\n   FROM (unidades_fiscalizadas u\n     JOIN fiscalizacoes f ON ((f.id = u.fiscalizacao_id)))\n  WHERE ((u.id = respostas_checklist.unidade_fiscalizada_id) AND (f.created_by = auth.uid())))))"",""condicao_with_check"":null},{""nome"":""respostas_checklist_prestador_select"",""papeis"":[""authenticated""],""tabela"":""respostas_checklist"",""comando"":""SELECT"",""esquema"":""public"",""permissiva"":""PERMISSIVE"",""condicao_using"":""((\""current_role\""() = 'prestador'::text) AND can_access_unidade(unidade_fiscalizada_id))"",""condicao_with_check"":null},{""nome"":""respostas_checklist_staff_all"",""papeis"":[""authenticated""],""tabela"":""respostas_checklist"",""comando"":""ALL"",""esquema"":""public"",""permissiva"":""PERMISSIVE"",""condicao_using"":""is_staff()"",""condicao_with_check"":""is_staff()""},{""nome"":""Fiscais e Admins: acesso total em respostas determinacoes"",""papeis"":[""authenticated""],""tabela"":""respostas_determinacao"",""comando"":""ALL"",""esquema"":""public"",""permissiva"":""PERMISSIVE"",""condicao_using"":""(get_my_role() = ANY (ARRAY['admin'::text, 'coordenador'::text, 'fiscal'::text]))"",""condicao_with_check"":""(get_my_role() = ANY (ARRAY['admin'::text, 'coordenador'::text, 'fiscal'::text]))""},{""nome"":""Prestadores: ler suas próprias respostas determinacoes"",""papeis"":[""authenticated""],""tabela"":""respostas_determinacao"",""comando"":""SELECT"",""esquema"":""public"",""permissiva"":""PERMISSIVE"",""condicao_using"":""((get_my_role() = 'prestador'::text) AND (prestador_servico_id = get_my_prestador_id()))"",""condicao_with_check"":null},{""nome"":""respostas_det_prestador_insert"",""papeis"":[""authenticated""],""tabela"":""respostas_determinacao"",""comando"":""INSERT"",""esquema"":""public"",""permissiva"":""PERMISSIVE"",""condicao_using"":null,""condicao_with_check"":""((\""current_role\""() = 'prestador'::text) AND (prestador_servico_id = current_prestador_servico_id()) AND can_access_fiscalizacao(fiscalizacao_id) AND (status = ANY (ARRAY['rascunho'::text, 'aguardando_analise'::text])))""},{""nome"":""respostas_det_prestador_select"",""papeis"":[""authenticated""],""tabela"":""respostas_determinacao"",""comando"":""SELECT"",""esquema"":""public"",""permissiva"":""PERMISSIVE"",""condicao_using"":""((\""current_role\""() = 'prestador'::text) AND (prestador_servico_id = current_prestador_servico_id()) AND can_access_fiscalizacao(fiscalizacao_id))"",""condicao_with_check"":null},{""nome"":""respostas_det_prestador_update"",""papeis"":[""authenticated""],""tabela"":""respostas_determinacao"",""comando"":""UPDATE"",""esquema"":""public"",""permissiva"":""PERMISSIVE"",""condicao_using"":""((\""current_role\""() = 'prestador'::text) AND (prestador_servico_id = current_prestador_servico_id()) AND can_access_fiscalizacao(fiscalizacao_id))"",""condicao_with_check"":""((\""current_role\""() = 'prestador'::text) AND (prestador_servico_id = current_prestador_servico_id()) AND can_access_fiscalizacao(fiscalizacao_id) AND (status = ANY (ARRAY['rascunho'::text, 'aguardando_analise'::text])))""},{""nome"":""respostas_det_staff_all"",""papeis"":[""authenticated""],""tabela"":""respostas_determinacao"",""comando"":""ALL"",""esquema"":""public"",""permissiva"":""PERMISSIVE"",""condicao_using"":""is_staff()"",""condicao_with_check"":""is_staff()""},{""nome"":""Fiscais e Admins: acesso total em termos"",""papeis"":[""authenticated""],""tabela"":""termos_notificacao"",""comando"":""ALL"",""esquema"":""public"",""permissiva"":""PERMISSIVE"",""condicao_using"":""(get_my_role() = ANY (ARRAY['admin'::text, 'coordenador'::text, 'fiscal'::text]))"",""condicao_with_check"":""(get_my_role() = ANY (ARRAY['admin'::text, 'coordenador'::text, 'fiscal'::text]))""},{""nome"":""Prestadores: ler seus termos"",""papeis"":[""authenticated""],""tabela"":""termos_notificacao"",""comando"":""SELECT"",""esquema"":""public"",""permissiva"":""PERMISSIVE"",""condicao_using"":""((get_my_role() = 'prestador'::text) AND (prestador_servico_id = get_my_prestador_id()))"",""condicao_with_check"":null},{""nome"":""termos_prestador_select_own"",""papeis"":[""authenticated""],""tabela"":""termos_notificacao"",""comando"":""SELECT"",""esquema"":""public"",""permissiva"":""PERMISSIVE"",""condicao_using"":""((\""current_role\""() = 'prestador'::text) AND (prestador_servico_id = current_prestador_servico_id()))"",""condicao_with_check"":null},{""nome"":""termos_prestador_update_own_until_respondido"",""papeis"":[""authenticated""],""tabela"":""termos_notificacao"",""comando"":""UPDATE"",""esquema"":""public"",""permissiva"":""PERMISSIVE"",""condicao_using"":""((\""current_role\""() = 'prestador'::text) AND (prestador_servico_id = current_prestador_servico_id()) AND (COALESCE(status, ''::text) <> 'respondido'::text))"",""condicao_with_check"":""((\""current_role\""() = 'prestador'::text) AND (prestador_servico_id = current_prestador_servico_id()))""},{""nome"":""termos_staff_all"",""papeis"":[""authenticated""],""tabela"":""termos_notificacao"",""comando"":""ALL"",""esquema"":""public"",""permissiva"":""PERMISSIVE"",""condicao_using"":""is_staff()"",""condicao_with_check"":""is_staff()""},{""nome"":""Escrita admin tipos_ocorrencia_dtr"",""papeis"":[""authenticated""],""tabela"":""tipos_ocorrencia_dtr"",""comando"":""ALL"",""esquema"":""public"",""permissiva"":""PERMISSIVE"",""condicao_using"":""(( SELECT get_my_role() AS get_my_role) IS NOT NULL)"",""condicao_with_check"":""(( SELECT get_my_role() AS get_my_role) IS NOT NULL)""},{""nome"":""Leitura autenticada tipos_ocorrencia_dtr"",""papeis"":[""authenticated""],""tabela"":""tipos_ocorrencia_dtr"",""comando"":""SELECT"",""esquema"":""public"",""permissiva"":""PERMISSIVE"",""condicao_using"":""(( SELECT get_my_role() AS get_my_role) IS NOT NULL)"",""condicao_with_check"":null},{""nome"":""Leitura pública de tipos de unidade"",""papeis"":[""authenticated""],""tabela"":""tipos_unidade"",""comando"":""SELECT"",""esquema"":""public"",""permissiva"":""PERMISSIVE"",""condicao_using"":""(( SELECT get_my_role() AS get_my_role) IS NOT NULL)"",""condicao_with_check"":null},{""nome"":""Operadores gerenciam tipos de unidade"",""papeis"":[""authenticated""],""tabela"":""tipos_unidade"",""comando"":""ALL"",""esquema"":""public"",""permissiva"":""PERMISSIVE"",""condicao_using"":""(get_my_role() = ANY (ARRAY['admin'::text, 'coordenador'::text, 'fiscal'::text]))"",""condicao_with_check"":null},{""nome"":""Fiscais e Admins: acesso total em unidades"",""papeis"":[""authenticated""],""tabela"":""unidades_fiscalizadas"",""comando"":""ALL"",""esquema"":""public"",""permissiva"":""PERMISSIVE"",""condicao_using"":""(get_my_role() = ANY (ARRAY['admin'::text, 'coordenador'::text, 'fiscal'::text]))"",""condicao_with_check"":""(get_my_role() = ANY (ARRAY['admin'::text, 'coordenador'::text, 'fiscal'::text]))""},{""nome"":""Prestadores: ler suas próprias unidades"",""papeis"":[""authenticated""],""tabela"":""unidades_fiscalizadas"",""comando"":""SELECT"",""esquema"":""public"",""permissiva"":""PERMISSIVE"",""condicao_using"":""((get_my_role() = 'prestador'::text) AND (EXISTS ( SELECT 1\n   FROM fiscalizacoes f\n  WHERE ((f.id = unidades_fiscalizadas.fiscalizacao_id) AND (f.prestador_servico_id = get_my_prestador_id())))))"",""condicao_with_check"":null},{""nome"":""Prestadores: ler suas pr├│prias unidades"",""papeis"":[""authenticated""],""tabela"":""unidades_fiscalizadas"",""comando"":""SELECT"",""esquema"":""public"",""permissiva"":""PERMISSIVE"",""condicao_using"":""((get_my_role() = 'prestador'::text) AND (EXISTS ( SELECT 1\n   FROM fiscalizacoes f\n  WHERE ((f.id = unidades_fiscalizadas.fiscalizacao_id) AND (f.prestador_servico_id = get_my_prestador_id())))))"",""condicao_with_check"":null},{""nome"":""e2e_test_user_own_rows_only"",""papeis"":[""authenticated""],""tabela"":""unidades_fiscalizadas"",""comando"":""UPDATE"",""esquema"":""public"",""permissiva"":""RESTRICTIVE"",""condicao_using"":""((auth.uid() <> '5cdf15b9-4b87-4163-8ee7-6eaecd354f67'::uuid) OR (EXISTS ( SELECT 1\n   FROM fiscalizacoes f\n  WHERE ((f.id = unidades_fiscalizadas.fiscalizacao_id) AND (f.created_by = auth.uid())))))"",""condicao_with_check"":null},{""nome"":""e2e_test_user_own_rows_only_delete"",""papeis"":[""authenticated""],""tabela"":""unidades_fiscalizadas"",""comando"":""DELETE"",""esquema"":""public"",""permissiva"":""RESTRICTIVE"",""condicao_using"":""((auth.uid() <> '5cdf15b9-4b87-4163-8ee7-6eaecd354f67'::uuid) OR (EXISTS ( SELECT 1\n   FROM fiscalizacoes f\n  WHERE ((f.id = unidades_fiscalizadas.fiscalizacao_id) AND (f.created_by = auth.uid())))))"",""condicao_with_check"":null},{""nome"":""unidades_prestador_select"",""papeis"":[""authenticated""],""tabela"":""unidades_fiscalizadas"",""comando"":""SELECT"",""esquema"":""public"",""permissiva"":""PERMISSIVE"",""condicao_using"":""((\""current_role\""() = 'prestador'::text) AND can_access_fiscalizacao(fiscalizacao_id))"",""condicao_with_check"":null},{""nome"":""unidades_staff_all"",""papeis"":[""authenticated""],""tabela"":""unidades_fiscalizadas"",""comando"":""ALL"",""esquema"":""public"",""permissiva"":""PERMISSIVE"",""condicao_using"":""is_staff()"",""condicao_with_check"":""is_staff()""},{""nome"":""Storage delete authenticated"",""papeis"":[""authenticated""],""tabela"":""objects"",""comando"":""DELETE"",""esquema"":""storage"",""permissiva"":""PERMISSIVE"",""condicao_using"":""((bucket_id = ANY (ARRAY['termos-notificacao'::text, 'evidencias-determinacoes'::text, 'relatorios_fiscalizacao'::text, 'fotos_fiscalizacao'::text, 'documentos-prestadores'::text, 'documentos-autos'::text])) AND (( SELECT get_my_role() AS get_my_role) IS NOT NULL))"",""condicao_with_check"":null},{""nome"":""Storage insert authenticated"",""papeis"":[""authenticated""],""tabela"":""objects"",""comando"":""INSERT"",""esquema"":""storage"",""permissiva"":""PERMISSIVE"",""condicao_using"":null,""condicao_with_check"":""((bucket_id = ANY (ARRAY['termos-notificacao'::text, 'evidencias-determinacoes'::text, 'relatorios_fiscalizacao'::text, 'fotos_fiscalizacao'::text, 'documentos-prestadores'::text, 'documentos-autos'::text])) AND (( SELECT get_my_role() AS get_my_role) IS NOT NULL))""},{""nome"":""Storage read authenticated"",""papeis"":[""authenticated""],""tabela"":""objects"",""comando"":""SELECT"",""esquema"":""storage"",""permissiva"":""PERMISSIVE"",""condicao_using"":""((bucket_id = ANY (ARRAY['termos-notificacao'::text, 'evidencias-determinacoes'::text, 'relatorios_fiscalizacao'::text, 'fotos_fiscalizacao'::text, 'documentos-prestadores'::text, 'documentos-autos'::text])) AND (( SELECT get_my_role() AS get_my_role) IS NOT NULL))"",""condicao_with_check"":null},{""nome"":""Storage update authenticated"",""papeis"":[""authenticated""],""tabela"":""objects"",""comando"":""UPDATE"",""esquema"":""storage"",""permissiva"":""PERMISSIVE"",""condicao_using"":""((bucket_id = ANY (ARRAY['termos-notificacao'::text, 'evidencias-determinacoes'::text, 'relatorios_fiscalizacao'::text, 'fotos_fiscalizacao'::text, 'documentos-prestadores'::text, 'documentos-autos'::text])) AND (( SELECT get_my_role() AS get_my_role) IS NOT NULL))"",""condicao_with_check"":""((bucket_id = ANY (ARRAY['termos-notificacao'::text, 'evidencias-determinacoes'::text, 'relatorios_fiscalizacao'::text, 'fotos_fiscalizacao'::text, 'documentos-prestadores'::text, 'documentos-autos'::text])) AND (( SELECT get_my_role() AS get_my_role) IS NOT NULL))""},{""nome"":""documentos-autos authenticated all 1fhxxna_0"",""papeis"":[""authenticated""],""tabela"":""objects"",""comando"":""SELECT"",""esquema"":""storage"",""permissiva"":""PERMISSIVE"",""condicao_using"":""((bucket_id = 'documentos-autos'::text) AND (( SELECT get_my_role() AS get_my_role) IS NOT NULL))"",""condicao_with_check"":null},{""nome"":""documentos-autos authenticated all 1fhxxna_1"",""papeis"":[""authenticated""],""tabela"":""objects"",""comando"":""INSERT"",""esquema"":""storage"",""permissiva"":""PERMISSIVE"",""condicao_using"":null,""condicao_with_check"":""((bucket_id = 'documentos-autos'::text) AND (( SELECT get_my_role() AS get_my_role) IS NOT NULL))""},{""nome"":""documentos-autos authenticated all 1fhxxna_2"",""papeis"":[""authenticated""],""tabela"":""objects"",""comando"":""UPDATE"",""esquema"":""storage"",""permissiva"":""PERMISSIVE"",""condicao_using"":""((bucket_id = 'documentos-autos'::text) AND (( SELECT get_my_role() AS get_my_role) IS NOT NULL))"",""condicao_with_check"":null},{""nome"":""documentos-autos authenticated all 1fhxxna_3"",""papeis"":[""authenticated""],""tabela"":""objects"",""comando"":""DELETE"",""esquema"":""storage"",""permissiva"":""PERMISSIVE"",""condicao_using"":""((bucket_id = 'documentos-autos'::text) AND (( SELECT get_my_role() AS get_my_role) IS NOT NULL))"",""condicao_with_check"":null},{""nome"":""documentos-prestadores authenticated all 1rt2ofe_0"",""papeis"":[""authenticated""],""tabela"":""objects"",""comando"":""SELECT"",""esquema"":""storage"",""permissiva"":""PERMISSIVE"",""condicao_using"":""((bucket_id = 'documentos-prestadores'::text) AND (( SELECT get_my_role() AS get_my_role) IS NOT NULL))"",""condicao_with_check"":null},{""nome"":""documentos-prestadores authenticated all 1rt2ofe_1"",""papeis"":[""authenticated""],""tabela"":""objects"",""comando"":""INSERT"",""esquema"":""storage"",""permissiva"":""PERMISSIVE"",""condicao_using"":null,""condicao_with_check"":""((bucket_id = 'documentos-prestadores'::text) AND (( SELECT get_my_role() AS get_my_role) IS NOT NULL))""},{""nome"":""documentos-prestadores authenticated all 1rt2ofe_2"",""papeis"":[""authenticated""],""tabela"":""objects"",""comando"":""DELETE"",""esquema"":""storage"",""permissiva"":""PERMISSIVE"",""condicao_using"":""((bucket_id = 'documentos-prestadores'::text) AND (( SELECT get_my_role() AS get_my_role) IS NOT NULL))"",""condicao_with_check"":null},{""nome"":""documentos-prestadores authenticated all 1rt2ofe_3"",""papeis"":[""authenticated""],""tabela"":""objects"",""comando"":""UPDATE"",""esquema"":""storage"",""permissiva"":""PERMISSIVE"",""condicao_using"":""((bucket_id = 'documentos-prestadores'::text) AND (( SELECT get_my_role() AS get_my_role) IS NOT NULL))"",""condicao_with_check"":null},{""nome"":""documentos-termos authenticated all 16irk4e_0"",""papeis"":[""authenticated""],""tabela"":""objects"",""comando"":""SELECT"",""esquema"":""storage"",""permissiva"":""PERMISSIVE"",""condicao_using"":""((bucket_id = 'documentos-termos'::text) AND (( SELECT get_my_role() AS get_my_role) IS NOT NULL))"",""condicao_with_check"":null},{""nome"":""documentos-termos authenticated all 16irk4e_1"",""papeis"":[""authenticated""],""tabela"":""objects"",""comando"":""INSERT"",""esquema"":""storage"",""permissiva"":""PERMISSIVE"",""condicao_using"":null,""condicao_with_check"":""((bucket_id = 'documentos-termos'::text) AND (( SELECT get_my_role() AS get_my_role) IS NOT NULL))""},{""nome"":""documentos-termos authenticated all 16irk4e_2"",""papeis"":[""authenticated""],""tabela"":""objects"",""comando"":""DELETE"",""esquema"":""storage"",""permissiva"":""PERMISSIVE"",""condicao_using"":""((bucket_id = 'documentos-termos'::text) AND (( SELECT get_my_role() AS get_my_role) IS NOT NULL))"",""condicao_with_check"":null},{""nome"":""documentos-termos authenticated all 16irk4e_3"",""papeis"":[""authenticated""],""tabela"":""objects"",""comando"":""UPDATE"",""esquema"":""storage"",""permissiva"":""PERMISSIVE"",""condicao_using"":""((bucket_id = 'documentos-termos'::text) AND (( SELECT get_my_role() AS get_my_role) IS NOT NULL))"",""condicao_with_check"":null},{""nome"":""kml_rodovias_authenticated_delete"",""papeis"":[""authenticated""],""tabela"":""objects"",""comando"":""DELETE"",""esquema"":""storage"",""permissiva"":""PERMISSIVE"",""condicao_using"":""((bucket_id = 'kml-rodovias'::text) AND (( SELECT get_my_role() AS get_my_role) IS NOT NULL))"",""condicao_with_check"":null},{""nome"":""kml_rodovias_authenticated_insert"",""papeis"":[""authenticated""],""tabela"":""objects"",""comando"":""INSERT"",""esquema"":""storage"",""permissiva"":""PERMISSIVE"",""condicao_using"":null,""condicao_with_check"":""((bucket_id = 'kml-rodovias'::text) AND (( SELECT get_my_role() AS get_my_role) IS NOT NULL))""},{""nome"":""kml_rodovias_authenticated_read"",""papeis"":[""authenticated""],""tabela"":""objects"",""comando"":""SELECT"",""esquema"":""storage"",""permissiva"":""PERMISSIVE"",""condicao_using"":""((bucket_id = 'kml-rodovias'::text) AND (( SELECT get_my_role() AS get_my_role) IS NOT NULL))"",""condicao_with_check"":null},{""nome"":""kml_rodovias_authenticated_update"",""papeis"":[""authenticated""],""tabela"":""objects"",""comando"":""UPDATE"",""esquema"":""storage"",""permissiva"":""PERMISSIVE"",""condicao_using"":""((bucket_id = 'kml-rodovias'::text) AND (( SELECT get_my_role() AS get_my_role) IS NOT NULL))"",""condicao_with_check"":null},{""nome"":""logos_entidades_authenticated_delete"",""papeis"":[""authenticated""],""tabela"":""objects"",""comando"":""DELETE"",""esquema"":""storage"",""permissiva"":""PERMISSIVE"",""condicao_using"":""((bucket_id = 'logos-entidades'::text) AND (( SELECT get_my_role() AS get_my_role) IS NOT NULL))"",""condicao_with_check"":null},{""nome"":""logos_entidades_authenticated_insert"",""papeis"":[""authenticated""],""tabela"":""objects"",""comando"":""INSERT"",""esquema"":""storage"",""permissiva"":""PERMISSIVE"",""condicao_using"":null,""condicao_with_check"":""((bucket_id = 'logos-entidades'::text) AND (( SELECT get_my_role() AS get_my_role) IS NOT NULL))""},{""nome"":""logos_entidades_authenticated_update"",""papeis"":[""authenticated""],""tabela"":""objects"",""comando"":""UPDATE"",""esquema"":""storage"",""permissiva"":""PERMISSIVE"",""condicao_using"":""((bucket_id = 'logos-entidades'::text) AND (( SELECT get_my_role() AS get_my_role) IS NOT NULL))"",""condicao_with_check"":null},{""nome"":""logos_entidades_public_access"",""papeis"":[""public""],""tabela"":""objects"",""comando"":""SELECT"",""esquema"":""storage"",""permissiva"":""PERMISSIVE"",""condicao_using"":""(bucket_id = 'logos-entidades'::text)"",""condicao_with_check"":null},{""nome"":""p_evid_write"",""papeis"":[""authenticated""],""tabela"":""objects"",""comando"":""ALL"",""esquema"":""storage"",""permissiva"":""PERMISSIVE"",""condicao_using"":""((bucket_id = 'evidencias-determinacoes'::text) AND (( SELECT get_my_role() AS get_my_role) IS NOT NULL))"",""condicao_with_check"":""((bucket_id = 'evidencias-determinacoes'::text) AND (( SELECT get_my_role() AS get_my_role) IS NOT NULL))""},{""nome"":""relatorios_fiscalizacao authenticated all 1760aao_0"",""papeis"":[""authenticated""],""tabela"":""objects"",""comando"":""SELECT"",""esquema"":""storage"",""permissiva"":""PERMISSIVE"",""condicao_using"":""((bucket_id = 'relatorios_fiscalizacao'::text) AND (( SELECT get_my_role() AS get_my_role) IS NOT NULL))"",""condicao_with_check"":null},{""nome"":""relatorios_fiscalizacao authenticated all 1760aao_1"",""papeis"":[""authenticated""],""tabela"":""objects"",""comando"":""DELETE"",""esquema"":""storage"",""permissiva"":""PERMISSIVE"",""condicao_using"":""((bucket_id = 'relatorios_fiscalizacao'::text) AND (( SELECT get_my_role() AS get_my_role) IS NOT NULL))"",""condicao_with_check"":null},{""nome"":""relatorios_fiscalizacao authenticated all 1760aao_2"",""papeis"":[""authenticated""],""tabela"":""objects"",""comando"":""INSERT"",""esquema"":""storage"",""permissiva"":""PERMISSIVE"",""condicao_using"":null,""condicao_with_check"":""((bucket_id = 'relatorios_fiscalizacao'::text) AND (( SELECT get_my_role() AS get_my_role) IS NOT NULL))""},{""nome"":""relatorios_fiscalizacao authenticated all 1760aao_3"",""papeis"":[""authenticated""],""tabela"":""objects"",""comando"":""UPDATE"",""esquema"":""storage"",""permissiva"":""PERMISSIVE"",""condicao_using"":""((bucket_id = 'relatorios_fiscalizacao'::text) AND (( SELECT get_my_role() AS get_my_role) IS NOT NULL))"",""condicao_with_check"":null},{""nome"":""tn_delete_authenticated"",""papeis"":[""authenticated""],""tabela"":""objects"",""comando"":""DELETE"",""esquema"":""storage"",""permissiva"":""PERMISSIVE"",""condicao_using"":""((bucket_id = 'documentos-termos'::text) AND (( SELECT get_my_role() AS get_my_role) IS NOT NULL))"",""condicao_with_check"":null},{""nome"":""tn_update_authenticated"",""papeis"":[""authenticated""],""tabela"":""objects"",""comando"":""UPDATE"",""esquema"":""storage"",""permissiva"":""PERMISSIVE"",""condicao_using"":""((bucket_id = 'documentos-termos'::text) AND (( SELECT get_my_role() AS get_my_role) IS NOT NULL))"",""condicao_with_check"":""((bucket_id = 'documentos-termos'::text) AND (( SELECT get_my_role() AS get_my_role) IS NOT NULL))""},{""nome"":""tn_upload_authenticated"",""papeis"":[""authenticated""],""tabela"":""objects"",""comando"":""INSERT"",""esquema"":""storage"",""permissiva"":""PERMISSIVE"",""condicao_using"":null,""condicao_with_check"":""((bucket_id = 'documentos-termos'::text) AND (( SELECT get_my_role() AS get_my_role) IS NOT NULL))""}]"
12,tipos,5,"[{""nome"":""caters_ai_job_type"",""tipo"":""enum"",""esquema"":""public"",""valores"":[""extract_pdf"",""analyze_response"",""match_response_pdf""],""tipo_base"":null},{""nome"":""caters_analysis_action_type"",""tipo"":""enum"",""esquema"":""public"",""valores"":[""criacao"",""atualizacao_status"",""resposta_recebida"",""prazo_estendido"",""documento_anexado"",""encerramento"",""observacao""],""tipo_base"":null},{""nome"":""caters_process_status"",""tipo"":""enum"",""esquema"":""public"",""valores"":[""aguardando_analise"",""em_analise"",""respondido"",""no_prazo"",""critico"",""atrasado"",""encerrado""],""tipo_base"":null},{""nome"":""caters_recommendation_priority"",""tipo"":""enum"",""esquema"":""public"",""valores"":[""baixa"",""media"",""alta"",""critica""],""tipo_base"":null},{""nome"":""caters_recommendation_status"",""tipo"":""enum"",""esquema"":""public"",""valores"":[""pendente"",""em_andamento"",""vencido"",""cumprido""],""tipo_base"":null}]"
13,sequencias,0,[]
14,permissoes_tabelas,110,"[{""papel"":""anon"",""tabela"":""audit_logs"",""esquema"":""public"",""privilegios"":""DELETE,INSERT,REFERENCES,SELECT,TRIGGER,TRUNCATE,UPDATE""},{""papel"":""authenticated"",""tabela"":""audit_logs"",""esquema"":""public"",""privilegios"":""DELETE,INSERT,REFERENCES,SELECT,TRIGGER,TRUNCATE,UPDATE""},{""papel"":""service_role"",""tabela"":""audit_logs"",""esquema"":""public"",""privilegios"":""DELETE,INSERT,REFERENCES,SELECT,TRIGGER,TRUNCATE,UPDATE""},{""papel"":""anon"",""tabela"":""autos_infracao"",""esquema"":""public"",""privilegios"":""DELETE,INSERT,REFERENCES,SELECT,TRIGGER,TRUNCATE,UPDATE""},{""papel"":""authenticated"",""tabela"":""autos_infracao"",""esquema"":""public"",""privilegios"":""DELETE,INSERT,REFERENCES,SELECT,TRIGGER,TRUNCATE,UPDATE""},{""papel"":""service_role"",""tabela"":""autos_infracao"",""esquema"":""public"",""privilegios"":""DELETE,INSERT,REFERENCES,SELECT,TRIGGER,TRUNCATE,UPDATE""},{""papel"":""anon"",""tabela"":""camaras_tecnicas"",""esquema"":""public"",""privilegios"":""DELETE,INSERT,REFERENCES,SELECT,TRIGGER,TRUNCATE,UPDATE""},{""papel"":""authenticated"",""tabela"":""camaras_tecnicas"",""esquema"":""public"",""privilegios"":""DELETE,INSERT,REFERENCES,SELECT,TRIGGER,TRUNCATE,UPDATE""},{""papel"":""service_role"",""tabela"":""camaras_tecnicas"",""esquema"":""public"",""privilegios"":""DELETE,INSERT,REFERENCES,SELECT,TRIGGER,TRUNCATE,UPDATE""},{""papel"":""anon"",""tabela"":""caters_ai_jobs"",""esquema"":""public"",""privilegios"":""DELETE,INSERT,REFERENCES,SELECT,TRIGGER,TRUNCATE,UPDATE""},{""papel"":""authenticated"",""tabela"":""caters_ai_jobs"",""esquema"":""public"",""privilegios"":""DELETE,INSERT,REFERENCES,SELECT,TRIGGER,TRUNCATE,UPDATE""},{""papel"":""service_role"",""tabela"":""caters_ai_jobs"",""esquema"":""public"",""privilegios"":""DELETE,INSERT,REFERENCES,SELECT,TRIGGER,TRUNCATE,UPDATE""},{""papel"":""anon"",""tabela"":""caters_analysis_history"",""esquema"":""public"",""privilegios"":""DELETE,INSERT,REFERENCES,SELECT,TRIGGER,TRUNCATE,UPDATE""},{""papel"":""authenticated"",""tabela"":""caters_analysis_history"",""esquema"":""public"",""privilegios"":""DELETE,INSERT,REFERENCES,SELECT,TRIGGER,TRUNCATE,UPDATE""},{""papel"":""service_role"",""tabela"":""caters_analysis_history"",""esquema"":""public"",""privilegios"":""DELETE,INSERT,REFERENCES,SELECT,TRIGGER,TRUNCATE,UPDATE""},{""papel"":""anon"",""tabela"":""caters_deadline_extensions"",""esquema"":""public"",""privilegios"":""DELETE,INSERT,REFERENCES,SELECT,TRIGGER,TRUNCATE,UPDATE""},{""papel"":""authenticated"",""tabela"":""caters_deadline_extensions"",""esquema"":""public"",""privilegios"":""DELETE,INSERT,REFERENCES,SELECT,TRIGGER,TRUNCATE,UPDATE""},{""papel"":""service_role"",""tabela"":""caters_deadline_extensions"",""esquema"":""public"",""privilegios"":""DELETE,INSERT,REFERENCES,SELECT,TRIGGER,TRUNCATE,UPDATE""},{""papel"":""anon"",""tabela"":""caters_extra_documents"",""esquema"":""public"",""privilegios"":""DELETE,INSERT,REFERENCES,SELECT,TRIGGER,TRUNCATE,UPDATE""},{""papel"":""authenticated"",""tabela"":""caters_extra_documents"",""esquema"":""public"",""privilegios"":""DELETE,INSERT,REFERENCES,SELECT,TRIGGER,TRUNCATE,UPDATE""},{""papel"":""service_role"",""tabela"":""caters_extra_documents"",""esquema"":""public"",""privilegios"":""DELETE,INSERT,REFERENCES,SELECT,TRIGGER,TRUNCATE,UPDATE""},{""papel"":""authenticated"",""tabela"":""caters_fiscalizacoes_disponiveis"",""esquema"":""public"",""privilegios"":""SELECT""},{""papel"":""service_role"",""tabela"":""caters_fiscalizacoes_disponiveis"",""esquema"":""public"",""privilegios"":""DELETE,INSERT,REFERENCES,SELECT,TRIGGER,TRUNCATE,UPDATE""},{""papel"":""anon"",""tabela"":""caters_municipality_responses"",""esquema"":""public"",""privilegios"":""DELETE,INSERT,REFERENCES,SELECT,TRIGGER,TRUNCATE,UPDATE""},{""papel"":""authenticated"",""tabela"":""caters_municipality_responses"",""esquema"":""public"",""privilegios"":""DELETE,INSERT,REFERENCES,SELECT,TRIGGER,TRUNCATE,UPDATE""},{""papel"":""service_role"",""tabela"":""caters_municipality_responses"",""esquema"":""public"",""privilegios"":""DELETE,INSERT,REFERENCES,SELECT,TRIGGER,TRUNCATE,UPDATE""},{""papel"":""anon"",""tabela"":""caters_notification_reads"",""esquema"":""public"",""privilegios"":""DELETE,INSERT,REFERENCES,SELECT,TRIGGER,TRUNCATE,UPDATE""},{""papel"":""authenticated"",""tabela"":""caters_notification_reads"",""esquema"":""public"",""privilegios"":""DELETE,INSERT,REFERENCES,SELECT,TRIGGER,TRUNCATE,UPDATE""},{""papel"":""service_role"",""tabela"":""caters_notification_reads"",""esquema"":""public"",""privilegios"":""DELETE,INSERT,REFERENCES,SELECT,TRIGGER,TRUNCATE,UPDATE""},{""papel"":""anon"",""tabela"":""caters_processes"",""esquema"":""public"",""privilegios"":""DELETE,INSERT,REFERENCES,SELECT,TRIGGER,TRUNCATE,UPDATE""},{""papel"":""authenticated"",""tabela"":""caters_processes"",""esquema"":""public"",""privilegios"":""DELETE,INSERT,REFERENCES,SELECT,TRIGGER,TRUNCATE,UPDATE""},{""papel"":""service_role"",""tabela"":""caters_processes"",""esquema"":""public"",""privilegios"":""DELETE,INSERT,REFERENCES,SELECT,TRIGGER,TRUNCATE,UPDATE""},{""papel"":""anon"",""tabela"":""caters_recommendations"",""esquema"":""public"",""privilegios"":""DELETE,INSERT,REFERENCES,SELECT,TRIGGER,TRUNCATE,UPDATE""},{""papel"":""authenticated"",""tabela"":""caters_recommendations"",""esquema"":""public"",""privilegios"":""DELETE,INSERT,REFERENCES,SELECT,TRIGGER,TRUNCATE,UPDATE""},{""papel"":""service_role"",""tabela"":""caters_recommendations"",""esquema"":""public"",""privilegios"":""DELETE,INSERT,REFERENCES,SELECT,TRIGGER,TRUNCATE,UPDATE""},{""papel"":""anon"",""tabela"":""catesa_ai_jobs"",""esquema"":""public"",""privilegios"":""DELETE,INSERT,REFERENCES,SELECT,TRIGGER,TRUNCATE,UPDATE""},{""papel"":""authenticated"",""tabela"":""catesa_ai_jobs"",""esquema"":""public"",""privilegios"":""DELETE,INSERT,REFERENCES,SELECT,TRIGGER,TRUNCATE,UPDATE""},{""papel"":""service_role"",""tabela"":""catesa_ai_jobs"",""esquema"":""public"",""privilegios"":""DELETE,INSERT,REFERENCES,SELECT,TRIGGER,TRUNCATE,UPDATE""},{""papel"":""anon"",""tabela"":""constatacoes_manuais"",""esquema"":""public"",""privilegios"":""DELETE,INSERT,REFERENCES,SELECT,TRIGGER,TRUNCATE,UPDATE""},{""papel"":""authenticated"",""tabela"":""constatacoes_manuais"",""esquema"":""public"",""privilegios"":""DELETE,INSERT,REFERENCES,SELECT,TRIGGER,TRUNCATE,UPDATE""},{""papel"":""service_role"",""tabela"":""constatacoes_manuais"",""esquema"":""public"",""privilegios"":""DELETE,INSERT,REFERENCES,SELECT,TRIGGER,TRUNCATE,UPDATE""},{""papel"":""anon"",""tabela"":""contratos"",""esquema"":""public"",""privilegios"":""DELETE,INSERT,REFERENCES,SELECT,TRIGGER,TRUNCATE,UPDATE""},{""papel"":""authenticated"",""tabela"":""contratos"",""esquema"":""public"",""privilegios"":""DELETE,INSERT,REFERENCES,SELECT,TRIGGER,TRUNCATE,UPDATE""},{""papel"":""service_role"",""tabela"":""contratos"",""esquema"":""public"",""privilegios"":""DELETE,INSERT,REFERENCES,SELECT,TRIGGER,TRUNCATE,UPDATE""},{""papel"":""anon"",""tabela"":""determinacoes"",""esquema"":""public"",""privilegios"":""DELETE,INSERT,REFERENCES,SELECT,TRIGGER,TRUNCATE,UPDATE""},{""papel"":""authenticated"",""tabela"":""determinacoes"",""esquema"":""public"",""privilegios"":""DELETE,INSERT,REFERENCES,SELECT,TRIGGER,TRUNCATE,UPDATE""},{""papel"":""service_role"",""tabela"":""determinacoes"",""esquema"":""public"",""privilegios"":""DELETE,INSERT,REFERENCES,SELECT,TRIGGER,TRUNCATE,UPDATE""},{""papel"":""anon"",""tabela"":""diretorias"",""esquema"":""public"",""privilegios"":""DELETE,INSERT,REFERENCES,SELECT,TRIGGER,TRUNCATE,UPDATE""},{""papel"":""authenticated"",""tabela"":""diretorias"",""esquema"":""public"",""privilegios"":""DELETE,INSERT,REFERENCES,SELECT,TRIGGER,TRUNCATE,UPDATE""},{""papel"":""service_role"",""tabela"":""diretorias"",""esquema"":""public"",""privilegios"":""DELETE,INSERT,REFERENCES,SELECT,TRIGGER,TRUNCATE,UPDATE""},{""papel"":""anon"",""tabela"":""fiscalizacoes"",""esquema"":""public"",""privilegios"":""DELETE,INSERT,REFERENCES,SELECT,TRIGGER,TRUNCATE,UPDATE""},{""papel"":""authenticated"",""tabela"":""fiscalizacoes"",""esquema"":""public"",""privilegios"":""DELETE,INSERT,REFERENCES,SELECT,TRIGGER,TRUNCATE,UPDATE""},{""papel"":""service_role"",""tabela"":""fiscalizacoes"",""esquema"":""public"",""privilegios"":""DELETE,INSERT,REFERENCES,SELECT,TRIGGER,TRUNCATE,UPDATE""},{""papel"":""anon"",""tabela"":""fotos_evidencia"",""esquema"":""public"",""privilegios"":""DELETE,INSERT,REFERENCES,SELECT,TRIGGER,TRUNCATE,UPDATE""},{""papel"":""authenticated"",""tabela"":""fotos_evidencia"",""esquema"":""public"",""privilegios"":""DELETE,INSERT,REFERENCES,SELECT,TRIGGER,TRUNCATE,UPDATE""},{""papel"":""service_role"",""tabela"":""fotos_evidencia"",""esquema"":""public"",""privilegios"":""DELETE,INSERT,REFERENCES,SELECT,TRIGGER,TRUNCATE,UPDATE""},{""papel"":""anon"",""tabela"":""itens_checklist"",""esquema"":""public"",""privilegios"":""DELETE,INSERT,REFERENCES,SELECT,TRIGGER,TRUNCATE,UPDATE""},{""papel"":""authenticated"",""tabela"":""itens_checklist"",""esquema"":""public"",""privilegios"":""DELETE,INSERT,REFERENCES,SELECT,TRIGGER,TRUNCATE,UPDATE""},{""papel"":""service_role"",""tabela"":""itens_checklist"",""esquema"":""public"",""privilegios"":""DELETE,INSERT,REFERENCES,SELECT,TRIGGER,TRUNCATE,UPDATE""},{""papel"":""anon"",""tabela"":""julgamentos"",""esquema"":""public"",""privilegios"":""DELETE,INSERT,REFERENCES,SELECT,TRIGGER,TRUNCATE,UPDATE""},{""papel"":""authenticated"",""tabela"":""julgamentos"",""esquema"":""public"",""privilegios"":""DELETE,INSERT,REFERENCES,SELECT,TRIGGER,TRUNCATE,UPDATE""},{""papel"":""service_role"",""tabela"":""julgamentos"",""esquema"":""public"",""privilegios"":""DELETE,INSERT,REFERENCES,SELECT,TRIGGER,TRUNCATE,UPDATE""},{""papel"":""anon"",""tabela"":""manifestacoes_auto"",""esquema"":""public"",""privilegios"":""DELETE,INSERT,REFERENCES,SELECT,TRIGGER,TRUNCATE,UPDATE""},{""papel"":""authenticated"",""tabela"":""manifestacoes_auto"",""esquema"":""public"",""privilegios"":""DELETE,INSERT,REFERENCES,SELECT,TRIGGER,TRUNCATE,UPDATE""},{""papel"":""service_role"",""tabela"":""manifestacoes_auto"",""esquema"":""public"",""privilegios"":""DELETE,INSERT,REFERENCES,SELECT,TRIGGER,TRUNCATE,UPDATE""},{""papel"":""anon"",""tabela"":""municipios"",""esquema"":""public"",""privilegios"":""DELETE,INSERT,REFERENCES,SELECT,TRIGGER,TRUNCATE,UPDATE""},{""papel"":""authenticated"",""tabela"":""municipios"",""esquema"":""public"",""privilegios"":""DELETE,INSERT,REFERENCES,SELECT,TRIGGER,TRUNCATE,UPDATE""},{""papel"":""service_role"",""tabela"":""municipios"",""esquema"":""public"",""privilegios"":""DELETE,INSERT,REFERENCES,SELECT,TRIGGER,TRUNCATE,UPDATE""},{""papel"":""anon"",""tabela"":""nao_conformidades"",""esquema"":""public"",""privilegios"":""DELETE,INSERT,REFERENCES,SELECT,TRIGGER,TRUNCATE,UPDATE""},{""papel"":""authenticated"",""tabela"":""nao_conformidades"",""esquema"":""public"",""privilegios"":""DELETE,INSERT,REFERENCES,SELECT,TRIGGER,TRUNCATE,UPDATE""},{""papel"":""service_role"",""tabela"":""nao_conformidades"",""esquema"":""public"",""privilegios"":""DELETE,INSERT,REFERENCES,SELECT,TRIGGER,TRUNCATE,UPDATE""},{""papel"":""anon"",""tabela"":""pareceres_tecnicos"",""esquema"":""public"",""privilegios"":""DELETE,INSERT,REFERENCES,SELECT,TRIGGER,TRUNCATE,UPDATE""},{""papel"":""authenticated"",""tabela"":""pareceres_tecnicos"",""esquema"":""public"",""privilegios"":""DELETE,INSERT,REFERENCES,SELECT,TRIGGER,TRUNCATE,UPDATE""},{""papel"":""service_role"",""tabela"":""pareceres_tecnicos"",""esquema"":""public"",""privilegios"":""DELETE,INSERT,REFERENCES,SELECT,TRIGGER,TRUNCATE,UPDATE""},{""papel"":""anon"",""tabela"":""prestadores_servico"",""esquema"":""public"",""privilegios"":""DELETE,INSERT,REFERENCES,SELECT,TRIGGER,TRUNCATE,UPDATE""},{""papel"":""authenticated"",""tabela"":""prestadores_servico"",""esquema"":""public"",""privilegios"":""DELETE,INSERT,REFERENCES,SELECT,TRIGGER,TRUNCATE,UPDATE""},{""papel"":""service_role"",""tabela"":""prestadores_servico"",""esquema"":""public"",""privilegios"":""DELETE,INSERT,REFERENCES,SELECT,TRIGGER,TRUNCATE,UPDATE""},{""papel"":""anon"",""tabela"":""profiles"",""esquema"":""public"",""privilegios"":""DELETE,INSERT,REFERENCES,SELECT,TRIGGER,TRUNCATE,UPDATE""},{""papel"":""authenticated"",""tabela"":""profiles"",""esquema"":""public"",""privilegios"":""DELETE,INSERT,REFERENCES,SELECT,TRIGGER,TRUNCATE,UPDATE""},{""papel"":""service_role"",""tabela"":""profiles"",""esquema"":""public"",""privilegios"":""DELETE,INSERT,REFERENCES,SELECT,TRIGGER,TRUNCATE,UPDATE""},{""papel"":""anon"",""tabela"":""recomendacoes"",""esquema"":""public"",""privilegios"":""DELETE,INSERT,REFERENCES,SELECT,TRIGGER,TRUNCATE,UPDATE""},{""papel"":""authenticated"",""tabela"":""recomendacoes"",""esquema"":""public"",""privilegios"":""DELETE,INSERT,REFERENCES,SELECT,TRIGGER,TRUNCATE,UPDATE""},{""papel"":""service_role"",""tabela"":""recomendacoes"",""esquema"":""public"",""privilegios"":""DELETE,INSERT,REFERENCES,SELECT,TRIGGER,TRUNCATE,UPDATE""},{""papel"":""anon"",""tabela"":""relatorios_jobs"",""esquema"":""public"",""privilegios"":""DELETE,INSERT,REFERENCES,SELECT,TRIGGER,TRUNCATE,UPDATE""},{""papel"":""authenticated"",""tabela"":""relatorios_jobs"",""esquema"":""public"",""privilegios"":""DELETE,INSERT,REFERENCES,SELECT,TRIGGER,TRUNCATE,UPDATE""},{""papel"":""service_role"",""tabela"":""relatorios_jobs"",""esquema"":""public"",""privilegios"":""DELETE,INSERT,REFERENCES,SELECT,TRIGGER,TRUNCATE,UPDATE""},{""papel"":""anon"",""tabela"":""remessas_ai"",""esquema"":""public"",""privilegios"":""DELETE,INSERT,REFERENCES,SELECT,TRIGGER,TRUNCATE,UPDATE""},{""papel"":""authenticated"",""tabela"":""remessas_ai"",""esquema"":""public"",""privilegios"":""DELETE,INSERT,REFERENCES,SELECT,TRIGGER,TRUNCATE,UPDATE""},{""papel"":""service_role"",""tabela"":""remessas_ai"",""esquema"":""public"",""privilegios"":""DELETE,INSERT,REFERENCES,SELECT,TRIGGER,TRUNCATE,UPDATE""},{""papel"":""anon"",""tabela"":""remessas_ai_itens"",""esquema"":""public"",""privilegios"":""DELETE,INSERT,REFERENCES,SELECT,TRIGGER,TRUNCATE,UPDATE""},{""papel"":""authenticated"",""tabela"":""remessas_ai_itens"",""esquema"":""public"",""privilegios"":""DELETE,INSERT,REFERENCES,SELECT,TRIGGER,TRUNCATE,UPDATE""},{""papel"":""service_role"",""tabela"":""remessas_ai_itens"",""esquema"":""public"",""privilegios"":""DELETE,INSERT,REFERENCES,SELECT,TRIGGER,TRUNCATE,UPDATE""},{""papel"":""anon"",""tabela"":""respostas_checklist"",""esquema"":""public"",""privilegios"":""DELETE,INSERT,REFERENCES,SELECT,TRIGGER,TRUNCATE,UPDATE""},{""papel"":""authenticated"",""tabela"":""respostas_checklist"",""esquema"":""public"",""privilegios"":""DELETE,INSERT,REFERENCES,SELECT,TRIGGER,TRUNCATE,UPDATE""},{""papel"":""service_role"",""tabela"":""respostas_checklist"",""esquema"":""public"",""privilegios"":""DELETE,INSERT,REFERENCES,SELECT,TRIGGER,TRUNCATE,UPDATE""},{""papel"":""anon"",""tabela"":""respostas_determinacao"",""esquema"":""public"",""privilegios"":""DELETE,INSERT,REFERENCES,SELECT,TRIGGER,TRUNCATE,UPDATE""},{""papel"":""authenticated"",""tabela"":""respostas_determinacao"",""esquema"":""public"",""privilegios"":""DELETE,INSERT,REFERENCES,SELECT,TRIGGER,TRUNCATE,UPDATE""},{""papel"":""service_role"",""tabela"":""respostas_determinacao"",""esquema"":""public"",""privilegios"":""DELETE,INSERT,REFERENCES,SELECT,TRIGGER,TRUNCATE,UPDATE""},{""papel"":""anon"",""tabela"":""termos_notificacao"",""esquema"":""public"",""privilegios"":""DELETE,INSERT,REFERENCES,SELECT,TRIGGER,TRUNCATE,UPDATE""},{""papel"":""authenticated"",""tabela"":""termos_notificacao"",""esquema"":""public"",""privilegios"":""DELETE,INSERT,REFERENCES,SELECT,TRIGGER,TRUNCATE,UPDATE""},{""papel"":""service_role"",""tabela"":""termos_notificacao"",""esquema"":""public"",""privilegios"":""DELETE,INSERT,REFERENCES,SELECT,TRIGGER,TRUNCATE,UPDATE""},{""papel"":""anon"",""tabela"":""tipos_ocorrencia_dtr"",""esquema"":""public"",""privilegios"":""DELETE,INSERT,REFERENCES,SELECT,TRIGGER,TRUNCATE,UPDATE""},{""papel"":""authenticated"",""tabela"":""tipos_ocorrencia_dtr"",""esquema"":""public"",""privilegios"":""DELETE,INSERT,REFERENCES,SELECT,TRIGGER,TRUNCATE,UPDATE""},{""papel"":""service_role"",""tabela"":""tipos_ocorrencia_dtr"",""esquema"":""public"",""privilegios"":""DELETE,INSERT,REFERENCES,SELECT,TRIGGER,TRUNCATE,UPDATE""},{""papel"":""anon"",""tabela"":""tipos_unidade"",""esquema"":""public"",""privilegios"":""DELETE,INSERT,REFERENCES,SELECT,TRIGGER,TRUNCATE,UPDATE""},{""papel"":""authenticated"",""tabela"":""tipos_unidade"",""esquema"":""public"",""privilegios"":""DELETE,INSERT,REFERENCES,SELECT,TRIGGER,TRUNCATE,UPDATE""},{""papel"":""service_role"",""tabela"":""tipos_unidade"",""esquema"":""public"",""privilegios"":""DELETE,INSERT,REFERENCES,SELECT,TRIGGER,TRUNCATE,UPDATE""},{""papel"":""anon"",""tabela"":""unidades_fiscalizadas"",""esquema"":""public"",""privilegios"":""DELETE,INSERT,REFERENCES,SELECT,TRIGGER,TRUNCATE,UPDATE""},{""papel"":""authenticated"",""tabela"":""unidades_fiscalizadas"",""esquema"":""public"",""privilegios"":""DELETE,INSERT,REFERENCES,SELECT,TRIGGER,TRUNCATE,UPDATE""},{""papel"":""service_role"",""tabela"":""unidades_fiscalizadas"",""esquema"":""public"",""privilegios"":""DELETE,INSERT,REFERENCES,SELECT,TRIGGER,TRUNCATE,UPDATE""}]"
15,permissoes_funcoes,151,"[{""papel"":""anon"",""funcao"":""admin_delete_user"",""esquema"":""public""},{""papel"":""authenticated"",""funcao"":""admin_delete_user"",""esquema"":""public""},{""papel"":""service_role"",""funcao"":""admin_delete_user"",""esquema"":""public""},{""papel"":""anon"",""funcao"":""admin_delete_user_by_email"",""esquema"":""public""},{""papel"":""authenticated"",""funcao"":""admin_delete_user_by_email"",""esquema"":""public""},{""papel"":""service_role"",""funcao"":""admin_delete_user_by_email"",""esquema"":""public""},{""papel"":""PUBLIC"",""funcao"":""camara_from_servicos"",""esquema"":""public""},{""papel"":""anon"",""funcao"":""camara_from_servicos"",""esquema"":""public""},{""papel"":""authenticated"",""funcao"":""camara_from_servicos"",""esquema"":""public""},{""papel"":""service_role"",""funcao"":""camara_from_servicos"",""esquema"":""public""},{""papel"":""PUBLIC"",""funcao"":""can_access_camara"",""esquema"":""public""},{""papel"":""anon"",""funcao"":""can_access_camara"",""esquema"":""public""},{""papel"":""authenticated"",""funcao"":""can_access_camara"",""esquema"":""public""},{""papel"":""service_role"",""funcao"":""can_access_camara"",""esquema"":""public""},{""papel"":""PUBLIC"",""funcao"":""can_access_fiscalizacao"",""esquema"":""public""},{""papel"":""anon"",""funcao"":""can_access_fiscalizacao"",""esquema"":""public""},{""papel"":""authenticated"",""funcao"":""can_access_fiscalizacao"",""esquema"":""public""},{""papel"":""service_role"",""funcao"":""can_access_fiscalizacao"",""esquema"":""public""},{""papel"":""PUBLIC"",""funcao"":""can_access_unidade"",""esquema"":""public""},{""papel"":""anon"",""funcao"":""can_access_unidade"",""esquema"":""public""},{""papel"":""authenticated"",""funcao"":""can_access_unidade"",""esquema"":""public""},{""papel"":""service_role"",""funcao"":""can_access_unidade"",""esquema"":""public""},{""papel"":""PUBLIC"",""funcao"":""caters_import_from_fiscalizacao"",""esquema"":""public""},{""papel"":""anon"",""funcao"":""caters_import_from_fiscalizacao"",""esquema"":""public""},{""papel"":""authenticated"",""funcao"":""caters_import_from_fiscalizacao"",""esquema"":""public""},{""papel"":""service_role"",""funcao"":""caters_import_from_fiscalizacao"",""esquema"":""public""},{""papel"":""PUBLIC"",""funcao"":""caters_set_updated_at"",""esquema"":""public""},{""papel"":""anon"",""funcao"":""caters_set_updated_at"",""esquema"":""public""},{""papel"":""authenticated"",""funcao"":""caters_set_updated_at"",""esquema"":""public""},{""papel"":""service_role"",""funcao"":""caters_set_updated_at"",""esquema"":""public""},{""papel"":""PUBLIC"",""funcao"":""catesa_ai_jobs_set_updated_at"",""esquema"":""public""},{""papel"":""anon"",""funcao"":""catesa_ai_jobs_set_updated_at"",""esquema"":""public""},{""papel"":""authenticated"",""funcao"":""catesa_ai_jobs_set_updated_at"",""esquema"":""public""},{""papel"":""service_role"",""funcao"":""catesa_ai_jobs_set_updated_at"",""esquema"":""public""},{""papel"":""service_role"",""funcao"":""claim_caters_ai_jobs"",""esquema"":""public""},{""papel"":""service_role"",""funcao"":""claim_catesa_ai_jobs"",""esquema"":""public""},{""papel"":""service_role"",""funcao"":""claim_relatorios_jobs"",""esquema"":""public""},{""papel"":""PUBLIC"",""funcao"":""current_prestador_servico_id"",""esquema"":""public""},{""papel"":""anon"",""funcao"":""current_prestador_servico_id"",""esquema"":""public""},{""papel"":""authenticated"",""funcao"":""current_prestador_servico_id"",""esquema"":""public""},{""papel"":""service_role"",""funcao"":""current_prestador_servico_id"",""esquema"":""public""},{""papel"":""PUBLIC"",""funcao"":""current_role"",""esquema"":""public""},{""papel"":""anon"",""funcao"":""current_role"",""esquema"":""public""},{""papel"":""authenticated"",""funcao"":""current_role"",""esquema"":""public""},{""papel"":""service_role"",""funcao"":""current_role"",""esquema"":""public""},{""papel"":""PUBLIC"",""funcao"":""determinacoes_fill_origem"",""esquema"":""public""},{""papel"":""anon"",""funcao"":""determinacoes_fill_origem"",""esquema"":""public""},{""papel"":""authenticated"",""funcao"":""determinacoes_fill_origem"",""esquema"":""public""},{""papel"":""service_role"",""funcao"":""determinacoes_fill_origem"",""esquema"":""public""},{""papel"":""PUBLIC"",""funcao"":""e_chave_de_servico"",""esquema"":""public""},{""papel"":""anon"",""funcao"":""e_chave_de_servico"",""esquema"":""public""},{""papel"":""authenticated"",""funcao"":""e_chave_de_servico"",""esquema"":""public""},{""papel"":""service_role"",""funcao"":""e_chave_de_servico"",""esquema"":""public""},{""papel"":""PUBLIC"",""funcao"":""enforce_profile_security"",""esquema"":""public""},{""papel"":""anon"",""funcao"":""enforce_profile_security"",""esquema"":""public""},{""papel"":""authenticated"",""funcao"":""enforce_profile_security"",""esquema"":""public""},{""papel"":""service_role"",""funcao"":""enforce_profile_security"",""esquema"":""public""},{""papel"":""anon"",""funcao"":""finalizar_fiscalizacao"",""esquema"":""public""},{""papel"":""authenticated"",""funcao"":""finalizar_fiscalizacao"",""esquema"":""public""},{""papel"":""service_role"",""funcao"":""finalizar_fiscalizacao"",""esquema"":""public""},{""papel"":""anon"",""funcao"":""gerar_ncs_unidade"",""esquema"":""public""},{""papel"":""authenticated"",""funcao"":""gerar_ncs_unidade"",""esquema"":""public""},{""papel"":""service_role"",""funcao"":""gerar_ncs_unidade"",""esquema"":""public""},{""papel"":""PUBLIC"",""funcao"":""gerar_numero_am"",""esquema"":""public""},{""papel"":""anon"",""funcao"":""gerar_numero_am"",""esquema"":""public""},{""papel"":""authenticated"",""funcao"":""gerar_numero_am"",""esquema"":""public""},{""papel"":""service_role"",""funcao"":""gerar_numero_am"",""esquema"":""public""},{""papel"":""PUBLIC"",""funcao"":""gerar_numero_auto"",""esquema"":""public""},{""papel"":""anon"",""funcao"":""gerar_numero_auto"",""esquema"":""public""},{""papel"":""authenticated"",""funcao"":""gerar_numero_auto"",""esquema"":""public""},{""papel"":""service_role"",""funcao"":""gerar_numero_auto"",""esquema"":""public""},{""papel"":""PUBLIC"",""funcao"":""get_my_camara_tecnica"",""esquema"":""public""},{""papel"":""anon"",""funcao"":""get_my_camara_tecnica"",""esquema"":""public""},{""papel"":""authenticated"",""funcao"":""get_my_camara_tecnica"",""esquema"":""public""},{""papel"":""service_role"",""funcao"":""get_my_camara_tecnica"",""esquema"":""public""},{""papel"":""PUBLIC"",""funcao"":""get_my_diretoria"",""esquema"":""public""},{""papel"":""anon"",""funcao"":""get_my_diretoria"",""esquema"":""public""},{""papel"":""authenticated"",""funcao"":""get_my_diretoria"",""esquema"":""public""},{""papel"":""service_role"",""funcao"":""get_my_diretoria"",""esquema"":""public""},{""papel"":""PUBLIC"",""funcao"":""get_my_prestador_id"",""esquema"":""public""},{""papel"":""anon"",""funcao"":""get_my_prestador_id"",""esquema"":""public""},{""papel"":""authenticated"",""funcao"":""get_my_prestador_id"",""esquema"":""public""},{""papel"":""service_role"",""funcao"":""get_my_prestador_id"",""esquema"":""public""},{""papel"":""PUBLIC"",""funcao"":""get_my_role"",""esquema"":""public""},{""papel"":""anon"",""funcao"":""get_my_role"",""esquema"":""public""},{""papel"":""authenticated"",""funcao"":""get_my_role"",""esquema"":""public""},{""papel"":""service_role"",""funcao"":""get_my_role"",""esquema"":""public""},{""papel"":""PUBLIC"",""funcao"":""handle_new_user"",""esquema"":""public""},{""papel"":""anon"",""funcao"":""handle_new_user"",""esquema"":""public""},{""papel"":""authenticated"",""funcao"":""handle_new_user"",""esquema"":""public""},{""papel"":""service_role"",""funcao"":""handle_new_user"",""esquema"":""public""},{""papel"":""PUBLIC"",""funcao"":""is_caters_user"",""esquema"":""public""},{""papel"":""anon"",""funcao"":""is_caters_user"",""esquema"":""public""},{""papel"":""authenticated"",""funcao"":""is_caters_user"",""esquema"":""public""},{""papel"":""service_role"",""funcao"":""is_caters_user"",""esquema"":""public""},{""papel"":""PUBLIC"",""funcao"":""is_staff"",""esquema"":""public""},{""papel"":""anon"",""funcao"":""is_staff"",""esquema"":""public""},{""papel"":""authenticated"",""funcao"":""is_staff"",""esquema"":""public""},{""papel"":""service_role"",""funcao"":""is_staff"",""esquema"":""public""},{""papel"":""service_role"",""funcao"":""kick_relatorios_worker"",""esquema"":""public""},{""papel"":""authenticated"",""funcao"":""obter_resumo_indicadores"",""esquema"":""public""},{""papel"":""service_role"",""funcao"":""obter_resumo_indicadores"",""esquema"":""public""},{""papel"":""anon"",""funcao"":""prestadores_para_cadastro"",""esquema"":""public""},{""papel"":""authenticated"",""funcao"":""prestadores_para_cadastro"",""esquema"":""public""},{""papel"":""service_role"",""funcao"":""prestadores_para_cadastro"",""esquema"":""public""},{""papel"":""PUBLIC"",""funcao"":""process_audit_log"",""esquema"":""public""},{""papel"":""anon"",""funcao"":""process_audit_log"",""esquema"":""public""},{""papel"":""authenticated"",""funcao"":""process_audit_log"",""esquema"":""public""},{""papel"":""service_role"",""funcao"":""process_audit_log"",""esquema"":""public""},{""papel"":""PUBLIC"",""funcao"":""propagate_modification_to_parent"",""esquema"":""public""},{""papel"":""anon"",""funcao"":""propagate_modification_to_parent"",""esquema"":""public""},{""papel"":""authenticated"",""funcao"":""propagate_modification_to_parent"",""esquema"":""public""},{""papel"":""service_role"",""funcao"":""propagate_modification_to_parent"",""esquema"":""public""},{""papel"":""PUBLIC"",""funcao"":""proteger_resposta_determinacao_prestador"",""esquema"":""public""},{""papel"":""anon"",""funcao"":""proteger_resposta_determinacao_prestador"",""esquema"":""public""},{""papel"":""authenticated"",""funcao"":""proteger_resposta_determinacao_prestador"",""esquema"":""public""},{""papel"":""service_role"",""funcao"":""proteger_resposta_determinacao_prestador"",""esquema"":""public""},{""papel"":""PUBLIC"",""funcao"":""proteger_termo_prestador"",""esquema"":""public""},{""papel"":""anon"",""funcao"":""proteger_termo_prestador"",""esquema"":""public""},{""papel"":""authenticated"",""funcao"":""proteger_termo_prestador"",""esquema"":""public""},{""papel"":""service_role"",""funcao"":""proteger_termo_prestador"",""esquema"":""public""},{""papel"":""authenticated"",""funcao"":""reabrir_fiscalizacao"",""esquema"":""public""},{""papel"":""service_role"",""funcao"":""reabrir_fiscalizacao"",""esquema"":""public""},{""papel"":""PUBLIC"",""funcao"":""set_fiscalizacao_cache_fields"",""esquema"":""public""},{""papel"":""anon"",""funcao"":""set_fiscalizacao_cache_fields"",""esquema"":""public""},{""papel"":""authenticated"",""funcao"":""set_fiscalizacao_cache_fields"",""esquema"":""public""},{""papel"":""service_role"",""funcao"":""set_fiscalizacao_cache_fields"",""esquema"":""public""},{""papel"":""PUBLIC"",""funcao"":""set_fiscalizacao_last_modified"",""esquema"":""public""},{""papel"":""anon"",""funcao"":""set_fiscalizacao_last_modified"",""esquema"":""public""},{""papel"":""authenticated"",""funcao"":""set_fiscalizacao_last_modified"",""esquema"":""public""},{""papel"":""service_role"",""funcao"":""set_fiscalizacao_last_modified"",""esquema"":""public""},{""papel"":""PUBLIC"",""funcao"":""set_termos_notificacao_ano_geracao"",""esquema"":""public""},{""papel"":""anon"",""funcao"":""set_termos_notificacao_ano_geracao"",""esquema"":""public""},{""papel"":""authenticated"",""funcao"":""set_termos_notificacao_ano_geracao"",""esquema"":""public""},{""papel"":""service_role"",""funcao"":""set_termos_notificacao_ano_geracao"",""esquema"":""public""},{""papel"":""PUBLIC"",""funcao"":""trg_auto_set_camara"",""esquema"":""public""},{""papel"":""anon"",""funcao"":""trg_auto_set_camara"",""esquema"":""public""},{""papel"":""authenticated"",""funcao"":""trg_auto_set_camara"",""esquema"":""public""},{""papel"":""service_role"",""funcao"":""trg_auto_set_camara"",""esquema"":""public""},{""papel"":""PUBLIC"",""funcao"":""trg_fiscalizacao_set_camara"",""esquema"":""public""},{""papel"":""anon"",""funcao"":""trg_fiscalizacao_set_camara"",""esquema"":""public""},{""papel"":""authenticated"",""funcao"":""trg_fiscalizacao_set_camara"",""esquema"":""public""},{""papel"":""service_role"",""funcao"":""trg_fiscalizacao_set_camara"",""esquema"":""public""},{""papel"":""PUBLIC"",""funcao"":""trg_remessa_set_camara"",""esquema"":""public""},{""papel"":""anon"",""funcao"":""trg_remessa_set_camara"",""esquema"":""public""},{""papel"":""authenticated"",""funcao"":""trg_remessa_set_camara"",""esquema"":""public""},{""papel"":""service_role"",""funcao"":""trg_remessa_set_camara"",""esquema"":""public""},{""papel"":""PUBLIC"",""funcao"":""update_updated_at_column"",""esquema"":""public""},{""papel"":""anon"",""funcao"":""update_updated_at_column"",""esquema"":""public""},{""papel"":""authenticated"",""funcao"":""update_updated_at_column"",""esquema"":""public""},{""papel"":""service_role"",""funcao"":""update_updated_at_column"",""esquema"":""public""}]"
16,publicacoes,0,[]
17,buckets,8,"[{""id"":""documentos-autos"",""name"":""documentos-autos"",""type"":""STANDARD"",""public"":false,""created_at"":""2026-03-18T11:57:00.552109+00:00"",""updated_at"":""2026-03-18T11:57:00.552109+00:00"",""file_size_limit"":null,""versioning_status"":""DISABLED"",""allowed_mime_types"":null,""avif_autodetection"":false,""lifecycle_configuration"":null,""lifecycle_configuration_generation"":null},{""id"":""documentos-prestadores"",""name"":""documentos-prestadores"",""type"":""STANDARD"",""public"":false,""created_at"":""2026-03-18T11:57:00.552109+00:00"",""updated_at"":""2026-03-18T11:57:00.552109+00:00"",""file_size_limit"":null,""versioning_status"":""DISABLED"",""allowed_mime_types"":null,""avif_autodetection"":false,""lifecycle_configuration"":null,""lifecycle_configuration_generation"":null},{""id"":""documentos-termos"",""name"":""documentos-termos"",""type"":""STANDARD"",""public"":false,""created_at"":""2026-03-17T16:42:10.881435+00:00"",""updated_at"":""2026-03-17T16:42:10.881435+00:00"",""file_size_limit"":null,""versioning_status"":""DISABLED"",""allowed_mime_types"":[""application/pdf""],""avif_autodetection"":false,""lifecycle_configuration"":null,""lifecycle_configuration_generation"":null},{""id"":""evidencias-determinacoes"",""name"":""evidencias-determinacoes"",""type"":""STANDARD"",""public"":false,""created_at"":""2026-03-18T11:57:00.552109+00:00"",""updated_at"":""2026-03-18T11:57:00.552109+00:00"",""file_size_limit"":null,""versioning_status"":""DISABLED"",""allowed_mime_types"":null,""avif_autodetection"":false,""lifecycle_configuration"":null,""lifecycle_configuration_generation"":null},{""id"":""fotos_fiscalizacao"",""name"":""fotos_fiscalizacao"",""type"":""STANDARD"",""public"":false,""created_at"":""2026-07-21T16:18:20.334442+00:00"",""updated_at"":""2026-07-21T16:18:20.334442+00:00"",""file_size_limit"":null,""versioning_status"":""DISABLED"",""allowed_mime_types"":null,""avif_autodetection"":false,""lifecycle_configuration"":null,""lifecycle_configuration_generation"":null},{""id"":""kml-rodovias"",""name"":""kml-rodovias"",""type"":""STANDARD"",""public"":false,""created_at"":""2026-06-16T13:24:02.925263+00:00"",""updated_at"":""2026-06-16T13:24:02.925263+00:00"",""file_size_limit"":10485760,""versioning_status"":""DISABLED"",""allowed_mime_types"":[""application/vnd.google-earth.kml+xml"",""application/xml"",""text/xml"",""text/plain""],""avif_autodetection"":false,""lifecycle_configuration"":null,""lifecycle_configuration_generation"":null},{""id"":""logos-entidades"",""name"":""logos-entidades"",""type"":""STANDARD"",""public"":true,""created_at"":""2026-06-08T17:28:40.700711+00:00"",""updated_at"":""2026-06-08T17:28:40.700711+00:00"",""file_size_limit"":null,""versioning_status"":""DISABLED"",""allowed_mime_types"":null,""avif_autodetection"":false,""lifecycle_configuration"":null,""lifecycle_configuration_generation"":null},{""id"":""relatorios_fiscalizacao"",""name"":""relatorios_fiscalizacao"",""type"":""STANDARD"",""public"":false,""created_at"":""2026-03-13T14:05:54.583301+00:00"",""updated_at"":""2026-03-13T14:05:54.583301+00:00"",""file_size_limit"":314572800,""versioning_status"":""DISABLED"",""allowed_mime_types"":null,""avif_autodetection"":false,""lifecycle_configuration"":null,""lifecycle_configuration_generation"":null}]"
18,arquivos_por_bucket,8,"[{""bytes"":9795622,""bucket"":""documentos-autos"",""ultimo"":""2026-03-30T18:03:44.793953+00:00"",""arquivos"":5,""primeiro"":""2026-03-30T17:25:00.998358+00:00""},{""bytes"":7581121,""bucket"":""documentos-prestadores"",""ultimo"":""2026-07-09T19:40:18.709093+00:00"",""arquivos"":4,""primeiro"":""2026-07-09T18:38:53.104847+00:00""},{""bytes"":106778327,""bucket"":""documentos-termos"",""ultimo"":""2026-08-11T14:30:43.077524+00:00"",""arquivos"":28,""primeiro"":""2026-03-18T15:38:26.307967+00:00""},{""bytes"":31601020,""bucket"":""evidencias-determinacoes"",""ultimo"":""2026-03-30T16:12:58.545821+00:00"",""arquivos"":20,""primeiro"":""2026-03-18T14:22:45.864895+00:00""},{""bytes"":460593664,""bucket"":""fotos_fiscalizacao"",""ultimo"":""2026-09-25T12:08:05.310592+00:00"",""arquivos"":1445,""primeiro"":""2026-07-21T16:25:13.055595+00:00""},{""bytes"":4974232,""bucket"":""kml-rodovias"",""ultimo"":""2026-07-07T13:11:20.876852+00:00"",""arquivos"":2,""primeiro"":""2026-07-01T14:07:35.434944+00:00""},{""bytes"":232086,""bucket"":""logos-entidades"",""ultimo"":""2026-08-03T15:28:31.031793+00:00"",""arquivos"":7,""primeiro"":""2026-06-19T17:09:34.303072+00:00""},{""bytes"":402327001,""bucket"":""relatorios_fiscalizacao"",""ultimo"":""2026-09-15T16:00:06.343866+00:00"",""arquivos"":43,""primeiro"":""2026-05-22T12:31:34.738195+00:00""}]"
19,prefixos_por_bucket,21,"[{""bucket"":""documentos-autos"",""prefixo"":""remessas_ai"",""arquivos"":2},{""bucket"":""documentos-autos"",""prefixo"":""autos_infracao"",""arquivos"":2},{""bucket"":""documentos-autos"",""prefixo"":""ad8bbbb4-2a7d-43a4-b517-6e83fa904d0c"",""arquivos"":1},{""bucket"":""documentos-prestadores"",""prefixo"":""caters"",""arquivos"":4},{""bucket"":""documentos-termos"",""prefixo"":""termos_notificacao"",""arquivos"":28},{""bucket"":""evidencias-determinacoes"",""prefixo"":""9d5e4040-6881-47f7-9564-df19bf6ea9d8"",""arquivos"":9},{""bucket"":""evidencias-determinacoes"",""prefixo"":""c8ce1b57-e2be-4bb1-948a-6016410f30b6"",""arquivos"":5},{""bucket"":""evidencias-determinacoes"",""prefixo"":""29078625-7337-465e-8f21-4fdec6ec0b42"",""arquivos"":4},{""bucket"":""evidencias-determinacoes"",""prefixo"":""efaa988a-d9f0-4674-9f8d-5f0a8fda95f9"",""arquivos"":1},{""bucket"":""evidencias-determinacoes"",""prefixo"":""e68f3952-f95e-4536-b79e-8398c4d5aa81"",""arquivos"":1},{""bucket"":""fotos_fiscalizacao"",""prefixo"":""fiscalizacoes"",""arquivos"":1445},{""bucket"":""kml-rodovias"",""prefixo"":""ms_112_55555555.kml"",""arquivos"":1},{""bucket"":""kml-rodovias"",""prefixo"":""ms_306_55555555.kml"",""arquivos"":1},{""bucket"":""logos-entidades"",""prefixo"":""1cddc0c9-ae89-49b3-ac23-71e71ea0a737.png"",""arquivos"":1},{""bucket"":""logos-entidades"",""prefixo"":""c5177cef-5d03-44b4-90d4-29c55bbebae9.png"",""arquivos"":1},{""bucket"":""logos-entidades"",""prefixo"":""ac594308-530c-4413-a1cb-ae868980f4ba.png"",""arquivos"":1},{""bucket"":""logos-entidades"",""prefixo"":""1cc3682e-a017-4399-892f-21fa355b892d.png"",""arquivos"":1},{""bucket"":""logos-entidades"",""prefixo"":""73e28597-17aa-4a41-a17c-856aee6634ca.png"",""arquivos"":1},{""bucket"":""logos-entidades"",""prefixo"":""7c891b12-bb53-419d-84e3-3e0791ca4210.png"",""arquivos"":1},{""bucket"":""logos-entidades"",""prefixo"":""47341d79-ccec-47a1-928d-0aa9f41c5475.png"",""arquivos"":1},{""bucket"":""relatorios_fiscalizacao"",""prefixo"":""fiscalizacoes"",""arquivos"":43}]"
20,migracoes_aplicadas,0,tabela supabase_migrations.schema_migrations não existe
21,agendamentos,0,pg_cron não instalado
22,autenticacao,1,"{""usuarios"":8,""por_provedor"":{""email"":7},""com_email_confirmado"":8,""com_login_nos_ultimos_90_dias"":7}"
23,perfis_agregados,1,"{""role"":{""admin"":2,""fiscal"":4,""prestador"":1},""ativo"":{""true"":7},""diretoria_id"":{""dsb"":5,""dtr"":2},""camara_tecnica_id"":{""(nulo)"":3,""caterf"":2,""catesa"":2}}"
24,dados_referencia.camaras_tecnicas,12,"[{""id"":""caterm"",""nome"":""Câmara Técnica de Terminais Rodoviários"",""diretoria_id"":""dtr""},{""id"":""catesg"",""nome"":""Câmara Técnica de Serviços de Gás"",""diretoria_id"":""dge""},{""id"":""catesa"",""nome"":""Câmara Técnica de Saneamento"",""diretoria_id"":""dsb""},{""id"":""caters"",""nome"":""Câmara Técnica de Resíduos Sólidos"",""diretoria_id"":""dsb""},{""id"":""cres"",""nome"":""Câmara Técnica de Regulação Econômica do Saneamento"",""diretoria_id"":""dsb""},{""id"":""catransp"",""nome"":""Câmara Técnica de Transporte"",""diretoria_id"":""dtr""},{""id"":""caterf"",""nome"":""Câmara Técnica de Rodovias e Ferrovias"",""diretoria_id"":""dtr""},{""id"":""catefis"",""nome"":""Câmara Técnica de Fiscalização"",""diretoria_id"":""dtr""},{""id"":""cret"",""nome"":""Câmara Técnica de Regulação Econômica"",""diretoria_id"":""dtr""},{""id"":""categas"",""nome"":""Câmara Técnica de Gás Canalizado"",""diretoria_id"":""dge""},{""id"":""catene"",""nome"":""Câmara Técnica de Energia e Mineração"",""diretoria_id"":""dge""},{""id"":""creg"",""nome"":""Câmara Técnica de Regulação Econômica"",""diretoria_id"":""dge""}]"
24,dados_referencia.diretorias,3,"[{""id"":""dsb"",""nome"":""Diretoria de Regulação e Fiscalização - Saneamento Básico e Resíduos Sólidos""},{""id"":""dtr"",""nome"":""Diretoria de Regulação e Fiscalização - Transportes, Rodovias, Ferrovias, Portos e Aeroportos""},{""id"":""dge"",""nome"":""Diretoria de Regulação e Fiscalização - Gás Canalizado, Energia e Mineração""}]"
24,dados_referencia.itens_checklist,768,"[{""id"":""874e9389-7403-429b-87b0-501625913aa5"",""ativo"":true,""ordem"":1,""gera_nc"":true,""pergunta"":""O Hipoclorito (Sódio ou Cálcio) está protegido do sol e da chuva?"",""texto_nc"":""30"",""is_sample"":false,""created_at"":""2026-03-19T13:31:48.936138+00:00"",""created_by"":null,""prazo_dias"":30,""created_date"":""2026-03-19T13:31:48.936138+00:00"",""updated_date"":""2026-03-19T13:31:48.936138+00:00"",""created_by_id"":null,""artigo_portaria"":""art. 24, inciso VI da Portaria AGEMS nº 321/25"",""tipo_unidade_id"":""ce734dcf-10a0-4ec3-97a4-acdd7f4685b4"",""texto_determinacao"":""sanar a Não Conformidade apresentando registros fotográficos comprovando que os materiais estão armazenados de forma adequada e segura"",""texto_recomendacao"":"""",""texto_constatacao_nao"":""O material utilizado no tratamento de água (hipoclorito de sódio, de cálcio ou gás cloro) não está armazenado de forma adequada, permanecendo exposto ao sol e chuva"",""texto_constatacao_sim"":""O material utilizado no tratamento de água (hipoclorito de sódio, de cálcio ou gás cloro) está armazenado de forma adequada, protegido do sol e da chuva""},{""id"":""b7268fbf-9395-45d9-a544-ff946cfe6d1f"",""ativo"":true,""ordem"":2,""gera_nc"":true,""pergunta"":""Existe bacia de contenção para os galões de cloro líquido, evitando vazamentos para o solo?"",""texto_nc"":""30"",""is_sample"":false,""created_at"":""2026-03-19T13:31:48.936138+00:00"",""created_by"":null,""prazo_dias"":30,""created_date"":""2026-03-19T13:31:48.936138+00:00"",""updated_date"":""2026-03-19T13:31:48.936138+00:00"",""created_by_id"":null,""artigo_portaria"":""art. 26, inciso VII da Portaria AGEMS nº 321/25"",""tipo_unidade_id"":""ce734dcf-10a0-4ec3-97a4-acdd7f4685b4"",""texto_determinacao"":""apresentar Plano de Ação para implantar Bacia de Contenção nas áreas de armazenamento de produtos químicos visando a proteção do solo contra contaminação"",""texto_recomendacao"":"""",""texto_constatacao_nao"":""Não há bacias de contenção para evitar contaminação do solo"",""texto_constatacao_sim"":""Há bacias de contenção para evitar contaminação do solo""},{""id"":""2dc56034-f37c-4bc0-91ac-514033e17270"",""ativo"":true,""ordem"":3,""gera_nc"":true,""pergunta"":""Os recipientes possuem rótulos com data de validade e concentração?"",""texto_nc"":""30"",""is_sample"":false,""created_at"":""2026-03-19T13:31:48.936138+00:00"",""created_by"":null,""prazo_dias"":30,""created_date"":""2026-03-19T13:31:48.936138+00:00"",""updated_date"":""2026-03-19T13:31:48.936138+00:00"",""created_by_id"":null,""artigo_portaria"":""art. 26, inciso VII da Portaria AGEMS nº 321/25"",""tipo_unidade_id"":""ce734dcf-10a0-4ec3-97a4-acdd7f4685b4"",""texto_determinacao"":""apresentar registros fotográficos ou documentos que comprovem que os produtos químico estão com a data de validade vigente"",""texto_recomendacao"":"""",""texto_constatacao_nao"":""Os recipientes não possuem rótulos com data de validade e concentração"",""texto_constatacao_sim"":""Os recipientes possuem rótulos com data de validade e concentração""},{""id"":""cbc58a62-977a-4ced-bc71-428c8d60ae46"",""ativo"":true,""ordem"":4,""gera_nc"":true,""pergunta"":""O operador possui kit de teste (colorímetro) para medir o Cloro Residual Livre (CRL) no local?"",""texto_nc"":""30"",""is_sample"":false,""created_at"":""2026-03-19T13:31:48.936138+00:00"",""created_by"":null,""prazo_dias"":30,""created_date"":""2026-03-19T13:31:48.936138+00:00"",""updated_date"":""2026-03-19T13:31:48.936138+00:00"",""created_by_id"":null,""artigo_portaria"":""art. 26, inciso VII da Portaria AGEMS nº 321/25"",""tipo_unidade_id"":""ce734dcf-10a0-4ec3-97a4-acdd7f4685b4"",""texto_determinacao"":""apresentar registros fotográficos da implantação de kit de teste para monitorar o Cloro Residual Livre nas Unidades de Tratamento de Água (UTAs)"",""texto_recomendacao"":"""",""texto_constatacao_nao"":""O operador não possui kit de teste (colorímetro) para medir o Cloro Residual Livre (CRL) no local"",""texto_constatacao_sim"":""O operador possui kit de teste (colorímetro) para medir o Cloro Residual Livre (CRL) no local""},{""id"":""32cdcf74-7e70-4aa3-86a4-a1ed4581cf08"",""ativo"":true,""ordem"":5,""gera_nc"":true,""pergunta"":""Existe planilha de controle diário com os níveis de cloro e o volume de água tratado?"",""texto_nc"":""30"",""is_sample"":false,""created_at"":""2026-03-19T13:31:48.936138+00:00"",""created_by"":null,""prazo_dias"":30,""created_date"":""2026-03-19T13:31:48.936138+00:00"",""updated_date"":""2026-03-19T13:31:48.936138+00:00"",""created_by_id"":null,""artigo_portaria"":""art. 26, inciso VII da Portaria AGEMS nº 321/25"",""tipo_unidade_id"":""ce734dcf-10a0-4ec3-97a4-acdd7f4685b4"",""texto_determinacao"":""apresentar registros fotográficos de que a unidade possui Planilha de Controle Diário e monitora níveis de cloro e volume de água tratado"",""texto_recomendacao"":"""",""texto_constatacao_nao"":""Não existe planilha de controle diário com os níveis de cloro e o volume de água tratado"",""texto_constatacao_sim"":""Existe planilha de controle diário com os níveis de cloro e o volume de água tratado""},{""id"":""2f722c9c-6688-4b8a-a41a-0f1937eee679"",""ativo"":true,""ordem"":6,""gera_nc"":true,""pergunta"":""Estão disponíveis no local equipamentos de proteção (luvas, óculos, avental) para manuseio do cloro?"",""texto_nc"":""30"",""is_sample"":false,""created_at"":""2026-03-19T13:31:48.936138+00:00"",""created_by"":null,""prazo_dias"":30,""created_date"":""2026-03-19T13:31:48.936138+00:00"",""updated_date"":""2026-03-19T13:31:48.936138+00:00"",""created_by_id"":null,""artigo_portaria"":""art. 24, inciso VI da Portaria AGEMS nº 321/25"",""tipo_unidade_id"":""ce734dcf-10a0-4ec3-97a4-acdd7f4685b4"",""texto_determinacao"":""apresentar registros fotográficos de que existem Equipamentos de Proteção Individual (EPIs) prontos para utilização quando do manuseio dos produtos químicos da UTA"",""texto_recomendacao"":"""",""texto_constatacao_nao"":""Não há equipamentos de proteção individual ou coletiva utilizados para o manuseio de produtos químicos na UTA"",""texto_constatacao_sim"":""Todos os Equipamentos de Proteção Individual (EPIs) estão disponíveis na UTA prontos para utilização""},{""id"":""316be6fa-24e9-4800-a30e-9e369b719d22"",""ativo"":true,""ordem"":1,""gera_nc"":true,""pergunta"":""O armazenamento de materiais é feito de forma adequada e segura?"",""texto_nc"":""30"",""is_sample"":false,""created_at"":""2026-03-19T13:31:53.558911+00:00"",""created_by"":null,""prazo_dias"":30,""created_date"":""2026-03-19T13:31:53.558911+00:00"",""updated_date"":""2026-03-19T13:31:53.558911+00:00"",""created_by_id"":null,""artigo_portaria"":""art. 24, inciso VI da Portaria AGEMS nº 321/25"",""tipo_unidade_id"":""acf77a7a-cfaa-4572-8533-48a11194bf42"",""texto_determinacao"":""apresentar registros fotográficos comprovando que os materiais estão armazenados de forma adequada e segura"",""texto_recomendacao"":"""",""texto_constatacao_nao"":""O armazenamento de materiais não é feito de forma adequada e segura"",""texto_constatacao_sim"":""O armazenamento de materiais é feito de forma adequada e segura""},{""id"":""70feabb6-86e1-4875-b36a-f9e96e032747"",""ativo"":true,""ordem"":2,""gera_nc"":true,""pergunta"":""As tubulações são armazenadas em ambiente coberto, longe da exposição solar?"",""texto_nc"":""30"",""is_sample"":false,""created_at"":""2026-03-19T13:31:53.558911+00:00"",""created_by"":null,""prazo_dias"":30,""created_date"":""2026-03-19T13:31:53.558911+00:00"",""updated_date"":""2026-03-19T13:31:53.558911+00:00"",""created_by_id"":null,""artigo_portaria"":""art. 24, inciso VI da Portaria AGEMS nº 321/25"",""tipo_unidade_id"":""acf77a7a-cfaa-4572-8533-48a11194bf42"",""texto_determinacao"":""apresentar registros fotográficos que as tubulações estão armazenadas em ambiente coberto, isto é, longe da exposição solar"",""texto_recomendacao"":"""",""texto_constatacao_nao"":""As tubulações não são armazenadas em ambiente coberto e longe da exposição solar"",""texto_constatacao_sim"":""As tubulações são armazenadas em ambiente coberto e estão longe da exposição solar""},{""id"":""6d73113b-fc71-4a95-92cd-f89a2b6bce39"",""ativo"":true,""ordem"":13,""gera_nc"":true,""pergunta"":""A coleta na Zona Rural é executada ponto a ponto?"",""texto_nc"":""30"",""is_sample"":false,""created_at"":""2026-02-24T12:55:16.558332+00:00"",""created_by"":null,""prazo_dias"":30,""created_date"":""2026-02-24T12:55:16.558332+00:00"",""updated_date"":""2026-02-24T12:55:16.558332+00:00"",""created_by_id"":null,""artigo_portaria"":"""",""tipo_unidade_id"":""97261b22-d488-4824-b080-52fc86ad1a56"",""texto_determinacao"":"""",""texto_recomendacao"":"""",""texto_constatacao_nao"":"""",""texto_constatacao_sim"":""A coleta na Zona Rural é executada ponto a ponto""},{""id"":""6adb6eef-d7b4-4d8b-82e2-db41932ac83d"",""ativo"":true,""ordem"":3,""gera_nc"":true,""pergunta"":""Os materiais e equipamentos estão armazenados exclusivamente no interior do almoxarifado?"",""texto_nc"":""30"",""is_sample"":false,""created_at"":""2026-03-19T13:31:53.558911+00:00"",""created_by"":null,""prazo_dias"":30,""created_date"":""2026-03-19T13:31:53.558911+00:00"",""updated_date"":""2026-03-19T13:31:53.558911+00:00"",""created_by_id"":null,""artigo_portaria"":""art. 24, inciso VII da Portaria AGEMS nº 321/25"",""tipo_unidade_id"":""acf77a7a-cfaa-4572-8533-48a11194bf42"",""texto_determinacao"":""apresentar registros fotográficos de que os materiais que estavam armazenados fora do almoxarifado, agora encontram-se acondicionados no interior do almoxarifado"",""texto_recomendacao"":"""",""texto_constatacao_nao"":""Os materiais e/ou equipamentos estão armazenados fora do almoxarifado"",""texto_constatacao_sim"":""Os materiais e equipamentos estão armazenados dentro do almoxarifado e de forma adequada""},{""id"":""666c98f4-be52-497a-a5e5-b70fe6b99d9a"",""ativo"":true,""ordem"":4,""gera_nc"":true,""pergunta"":""Recipientes com substâncias perigosas estão corretamente armazenados?"",""texto_nc"":""30"",""is_sample"":false,""created_at"":""2026-03-19T13:31:53.558911+00:00"",""created_by"":null,""prazo_dias"":30,""created_date"":""2026-03-19T13:31:53.558911+00:00"",""updated_date"":""2026-03-19T13:31:53.558911+00:00"",""created_by_id"":null,""artigo_portaria"":""art. 24, inciso VII da Portaria AGEMS nº 321/25"",""tipo_unidade_id"":""acf77a7a-cfaa-4572-8533-48a11194bf42"",""texto_determinacao"":""apresentar registros fotográficos que comprovem que os recipientes com substâncias perigosas estejam armazenados de forma segura e correta"",""texto_recomendacao"":"""",""texto_constatacao_nao"":""Os recipientes com substâncias perigosas não estão armazenados de forma adequada"",""texto_constatacao_sim"":""Os recipientes com substâncias perigosas estão armazenados de forma adequada""},{""id"":""12325196-dee3-4d70-ac43-fa5088977a35"",""ativo"":true,""ordem"":5,""gera_nc"":true,""pergunta"":""Os materiais armazenados são suficientes para atender à demanda?"",""texto_nc"":""30"",""is_sample"":false,""created_at"":""2026-03-19T13:31:53.558911+00:00"",""created_by"":null,""prazo_dias"":30,""created_date"":""2026-03-19T13:31:53.558911+00:00"",""updated_date"":""2026-03-19T13:31:53.558911+00:00"",""created_by_id"":null,""artigo_portaria"":""art. 24, inciso VI da Portaria AGEMS nº 321/25"",""tipo_unidade_id"":""acf77a7a-cfaa-4572-8533-48a11194bf42"",""texto_determinacao"":""apresentar registros fotográfico, documentos comprobatórios e justifica técnica de que os materiais armazenados atualmente no almoxarifado são suficientes para atender à demanda da unidade"",""texto_recomendacao"":"""",""texto_constatacao_nao"":""Os materiais armazenados não são suficientes para atender à demanda"",""texto_constatacao_sim"":""Os materiais armazenados são suficientes para atender à demanda""},{""id"":""7568af4c-a181-4ce8-890a-beaba7e7dc01"",""ativo"":true,""ordem"":1,""gera_nc"":true,""pergunta"":""A unidade possui cercamento, portões com cadeados e sinalização de \""Entrada Proibida\""?"",""texto_nc"":""30"",""is_sample"":false,""created_at"":""2026-03-19T13:31:58.602888+00:00"",""created_by"":null,""prazo_dias"":30,""created_date"":""2026-03-19T13:31:58.602888+00:00"",""updated_date"":""2026-03-19T13:31:58.602888+00:00"",""created_by_id"":null,""artigo_portaria"":""art. 24, inciso VII da Portaria AGEMS nº 321/25"",""tipo_unidade_id"":""0e3d8697-09a0-47db-aa42-c408c085402e"",""texto_determinacao"":""apresentar registros fotográficos de que foi instalado na Unidade cercamento com Alambrado, Muros ou materiais equivalentes e/ou cadeados nos portões"",""texto_recomendacao"":"""",""texto_constatacao_nao"":""A unidade não possui cercamento ou portões com cadeados, favorecendo a insegurança patrimonial"",""texto_constatacao_sim"":""A unidade possui cercamento e portões com cadeados, garantindo a segurança""},{""id"":""16224166-2ce1-40d5-b53a-5c5073e2cee9"",""ativo"":true,""ordem"":2,""gera_nc"":true,""pergunta"":""Há proteção contra erosão e entrada de animais/detritos? (Proteção do Manancial)"",""texto_nc"":""30"",""is_sample"":false,""created_at"":""2026-03-19T13:31:58.602888+00:00"",""created_by"":null,""prazo_dias"":30,""created_date"":""2026-03-19T13:31:58.602888+00:00"",""updated_date"":""2026-03-19T13:31:58.602888+00:00"",""created_by_id"":null,""artigo_portaria"":""art. 26, inciso XV da Portaria AGEMS nº 321/25"",""tipo_unidade_id"":""0e3d8697-09a0-47db-aa42-c408c085402e"",""texto_determinacao"":""apresentar registros fotográficos, documentos comprobatórios ou Plano de Ação, se for o caso, para implantar uma proteção adequada ao manancial, garantindo a segurança hídrica do sistema de abastecimento do município"",""texto_recomendacao"":"""",""texto_constatacao_nao"":""Não há proteção adequada do manancial contra erosão e entrada de animais/detritos"",""texto_constatacao_sim"":""Há proteção adequada do manancial contra erosão e entrada de animais/detritos""},{""id"":""0a8b5c7d-054e-4c99-91c9-82bc4bde67b7"",""ativo"":true,""ordem"":21,""gera_nc"":true,""pergunta"":""O monitoramento das águas subterrâneas é realizado?"",""texto_nc"":""60"",""is_sample"":false,""created_at"":""2026-02-24T12:54:57.916117+00:00"",""created_by"":null,""prazo_dias"":30,""created_date"":""2026-02-24T12:54:57.916117+00:00"",""updated_date"":""2026-02-24T12:54:57.916117+00:00"",""created_by_id"":null,""artigo_portaria"":""Art. 11, inciso XIV da Portaria AGEMS nº 317/25"",""tipo_unidade_id"":""aaee2295-92c3-457d-841d-fb3a3983bf5b"",""texto_determinacao"":"""",""texto_recomendacao"":""Executar o monitoramento das águas subterrâneas"",""texto_constatacao_nao"":""O monitoramento das águas não está sendo realizado"",""texto_constatacao_sim"":""Há laudos recentes de monitoramento das águas subterrâneas""},{""id"":""0cb703fd-3c62-4cf7-9e37-980e02a016fb"",""ativo"":true,""ordem"":3,""gera_nc"":true,""pergunta"":""O manancial encontra-se livre de indícios de eutrofização?"",""texto_nc"":""30"",""is_sample"":false,""created_at"":""2026-03-19T13:31:58.602888+00:00"",""created_by"":null,""prazo_dias"":30,""created_date"":""2026-03-19T13:31:58.602888+00:00"",""updated_date"":""2026-03-19T13:31:58.602888+00:00"",""created_by_id"":null,""artigo_portaria"":""art. 26, inciso XV da Portaria AGEMS nº 321/25"",""tipo_unidade_id"":""0e3d8697-09a0-47db-aa42-c408c085402e"",""texto_determinacao"":""apresentar registros fotográficos, documentos comprobatórios ou Plano de Ação, se for o caso, para corrigir casos de eutrofização do manancial, de forma a garantir a segurança hídrica do sistema de abastecimento do município"",""texto_recomendacao"":"""",""texto_constatacao_nao"":""Há indícios de eutrofização do manancial"",""texto_constatacao_sim"":""Não há indícios de eutrofização do manancial""},{""id"":""b906107e-81ba-44f4-88b1-36b71b45fa33"",""ativo"":true,""ordem"":4,""gera_nc"":true,""pergunta"":""O macromedidor de água bruta está em condições adequadas para a operação?"",""texto_nc"":""30"",""is_sample"":false,""created_at"":""2026-03-19T13:31:58.602888+00:00"",""created_by"":null,""prazo_dias"":30,""created_date"":""2026-03-19T13:31:58.602888+00:00"",""updated_date"":""2026-03-19T13:31:58.602888+00:00"",""created_by_id"":null,""artigo_portaria"":""art. 25, inciso VII da Portaria AGEMS nº 321/25"",""tipo_unidade_id"":""0e3d8697-09a0-47db-aa42-c408c085402e"",""texto_determinacao"":""apresentar registros fotográficos de que o macromedidor possui condições adequadas para a operação, comprovando que foi realizada a substituição da tampa do macromedidor ou do leitor do macromedidor ou a substituição do macromedidor, se for o caso"",""texto_recomendacao"":"""",""texto_constatacao_nao"":""O macromedidor de água bruta não está em condições adequadas para a operação"",""texto_constatacao_sim"":""O macromedidor de água bruta está em condições adequadas para a operação""},{""id"":""215814a7-5012-44ce-9e63-735a5c6b08f3"",""ativo"":true,""ordem"":5,""gera_nc"":true,""pergunta"":""Há iluminação para trabalhos noturnos?"",""texto_nc"":""30"",""is_sample"":false,""created_at"":""2026-03-19T13:31:58.602888+00:00"",""created_by"":null,""prazo_dias"":30,""created_date"":""2026-03-19T13:31:58.602888+00:00"",""updated_date"":""2026-03-19T13:31:58.602888+00:00"",""created_by_id"":null,""artigo_portaria"":""art. 26, inciso VII da Portaria AGEMS nº 321/25"",""tipo_unidade_id"":""0e3d8697-09a0-47db-aa42-c408c085402e"",""texto_determinacao"":""apresentar registros fotográficos de que foi implantado iluminação no local"",""texto_recomendacao"":"""",""texto_constatacao_nao"":""Não há iluminação para trabalhos noturnos"",""texto_constatacao_sim"":""Há iluminação para trabalhos noturnos""},{""id"":""944e9408-bd7b-4e87-923d-874c0db181c5"",""ativo"":true,""ordem"":6,""gera_nc"":true,""pergunta"":""Há guarda-corpo para o acesso ao flutuante?"",""texto_nc"":""30"",""is_sample"":false,""created_at"":""2026-03-19T13:31:58.602888+00:00"",""created_by"":null,""prazo_dias"":30,""created_date"":""2026-03-19T13:31:58.602888+00:00"",""updated_date"":""2026-03-19T13:31:58.602888+00:00"",""created_by_id"":null,""artigo_portaria"":""art. 24, inciso VII da Portaria AGEMS nº 321/25"",""tipo_unidade_id"":""0e3d8697-09a0-47db-aa42-c408c085402e"",""texto_determinacao"":""apresentar registros fotográficos demonstrando que foi implantado guarda-corpo adequado no acesso ao flutuante da captação"",""texto_recomendacao"":"""",""texto_constatacao_nao"":""Não há guarda-corpo ou o guarda-corpo não está adequado para o acesso ao flutuante"",""texto_constatacao_sim"":""Há guarda-corpo em estado adequado para o acesso ao flutuante""},{""id"":""29be720f-3db2-464c-a673-37c30864da46"",""ativo"":true,""ordem"":7,""gera_nc"":true,""pergunta"":""Os conjuntos motobombas operam sem ruído excessivo ou vibração anormal?"",""texto_nc"":""30"",""is_sample"":false,""created_at"":""2026-03-19T13:31:58.602888+00:00"",""created_by"":null,""prazo_dias"":30,""created_date"":""2026-03-19T13:31:58.602888+00:00"",""updated_date"":""2026-03-19T13:31:58.602888+00:00"",""created_by_id"":null,""artigo_portaria"":""art. 26, inciso VII da Portaria AGEMS nº 321/25"",""tipo_unidade_id"":""0e3d8697-09a0-47db-aa42-c408c085402e"",""texto_determinacao"":""apresentar justificativa técnica, documentos comprobatórios ou Plano de Ação (se for o caso) para comprovar que as manutenções preventivas/corretivas foram realizadas nos conjuntos motobombas"",""texto_recomendacao"":"""",""texto_constatacao_nao"":""Os conjuntos motobombas apresentam ruído excessivo ou vibração anormal"",""texto_constatacao_sim"":""Os conjuntos motobombas não apresentam ruído excessivo ou vibração anormal""},{""id"":""68c8e6a5-acf8-4e0d-9893-75a8d2020771"",""ativo"":true,""ordem"":8,""gera_nc"":true,""pergunta"":""Possui conjunto motobomba reserva?"",""texto_nc"":""30"",""is_sample"":false,""created_at"":""2026-03-19T13:31:58.602888+00:00"",""created_by"":null,""prazo_dias"":30,""created_date"":""2026-03-19T13:31:58.602888+00:00"",""updated_date"":""2026-03-19T13:31:58.602888+00:00"",""created_by_id"":null,""artigo_portaria"":""art. 26, inciso VII da Portaria AGEMS nº 321/25"",""tipo_unidade_id"":""0e3d8697-09a0-47db-aa42-c408c085402e"",""texto_determinacao"":""apresentar registros fotográficos e documentos comprobatórios da existência de conjunto motobomba reserva na Unidade em conformidade com o Art. 115 da Portaria AGEMS nº 320/2025"",""texto_recomendacao"":"""",""texto_constatacao_nao"":""Não possui conjunto motobomba reserva"",""texto_constatacao_sim"":""Possui conjunto motobomba reserva pronto para utilização""},{""id"":""9fbf69c9-e564-4631-9ccc-4f0cc09d1d18"",""ativo"":true,""ordem"":9,""gera_nc"":true,""pergunta"":""Possui gerador de energia elétrica?"",""texto_nc"":""30"",""is_sample"":false,""created_at"":""2026-03-19T13:31:58.602888+00:00"",""created_by"":null,""prazo_dias"":30,""created_date"":""2026-03-19T13:31:58.602888+00:00"",""updated_date"":""2026-03-19T13:31:58.602888+00:00"",""created_by_id"":null,""artigo_portaria"":""art. 26, inciso VII da Portaria AGEMS nº 321/25"",""tipo_unidade_id"":""0e3d8697-09a0-47db-aa42-c408c085402e"",""texto_determinacao"":""apresentar registros fotográficos ou documentos comprobatórios da existência de equipamento gerador de energia elétrica ou justificativas técnicas para a não implantação do equipamento na unidade"",""texto_recomendacao"":"""",""texto_constatacao_nao"":""Não possui gerador de energia elétrica"",""texto_constatacao_sim"":""Possui gerador de energia elétrica pronto para utilização""},{""id"":""5c0f26ee-da3f-4b4e-8ecb-ba880ec15e2e"",""ativo"":true,""ordem"":10,""gera_nc"":true,""pergunta"":""O Abrigo do Quadro de Comando Elétrico da captação está em bom estado de conservação, uso e operação?"",""texto_nc"":""30"",""is_sample"":false,""created_at"":""2026-03-19T13:31:58.602888+00:00"",""created_by"":null,""prazo_dias"":30,""created_date"":""2026-03-19T13:31:58.602888+00:00"",""updated_date"":""2026-03-19T13:31:58.602888+00:00"",""created_by_id"":null,""artigo_portaria"":""art. 24, inciso VII da Portaria AGEMS nº 321/25"",""tipo_unidade_id"":""0e3d8697-09a0-47db-aa42-c408c085402e"",""texto_determinacao"":""apresentar registros fotográficos de que o Abrigo do Quadro de Comando Elétrico da captação está em bom estado de conservação, uso e operação"",""texto_recomendacao"":"""",""texto_constatacao_nao"":""O Abrigo do Quadro de Comando Elétrico da captação não está em bom estado de conservação, uso e operação"",""texto_constatacao_sim"":""O Abrigo do Quadro de Comando Elétrico da captação está em bom estado de conservação, uso e operação""},{""id"":""e8ba2d2f-4c7f-44fd-ac9e-62570c27eb0a"",""ativo"":true,""ordem"":14,""gera_nc"":true,""pergunta"":""A coleta na Zona Rural é executada porta a porta?"",""texto_nc"":""30"",""is_sample"":false,""created_at"":""2026-02-24T12:55:16.629976+00:00"",""created_by"":null,""prazo_dias"":30,""created_date"":""2026-02-24T12:55:16.629976+00:00"",""updated_date"":""2026-02-24T12:55:16.629976+00:00"",""created_by_id"":null,""artigo_portaria"":"""",""tipo_unidade_id"":""97261b22-d488-4824-b080-52fc86ad1a56"",""texto_determinacao"":"""",""texto_recomendacao"":"""",""texto_constatacao_nao"":"""",""texto_constatacao_sim"":""A coleta na Zona Rural é executada porta a porta""},{""id"":""e58feb5b-fe9e-402c-98ec-710a9329638f"",""ativo"":true,""ordem"":11,""gera_nc"":true,""pergunta"":""As instalações elétricas da captação estão adequadas?"",""texto_nc"":""30"",""is_sample"":false,""created_at"":""2026-03-19T13:31:58.602888+00:00"",""created_by"":null,""prazo_dias"":30,""created_date"":""2026-03-19T13:31:58.602888+00:00"",""updated_date"":""2026-03-19T13:31:58.602888+00:00"",""created_by_id"":null,""artigo_portaria"":""art. 26, inciso VII da Portaria AGEMS nº 321/25"",""tipo_unidade_id"":""0e3d8697-09a0-47db-aa42-c408c085402e"",""texto_determinacao"":""apresentar registros fotográficos e documentação comprobatória de que as instalações elétricas da captação estão adequadas para o uso e não oferecem risco de choque elétrico ou demais sinistros para os colaboradores"",""texto_recomendacao"":"""",""texto_constatacao_nao"":""As instalações elétricas da captação não estão adequadas"",""texto_constatacao_sim"":""As instalações elétricas da captação estão adequadas""},{""id"":""d18bbc36-885d-4c24-b632-b25e1f8412ef"",""ativo"":true,""ordem"":12,""gera_nc"":true,""pergunta"":""As condições do quadro de comando estão em bom estado de uso, segurança e operação?"",""texto_nc"":""30"",""is_sample"":false,""created_at"":""2026-03-19T13:31:58.602888+00:00"",""created_by"":null,""prazo_dias"":30,""created_date"":""2026-03-19T13:31:58.602888+00:00"",""updated_date"":""2026-03-19T13:31:58.602888+00:00"",""created_by_id"":null,""artigo_portaria"":""art. 26, inciso VII da Portaria AGEMS nº 321/25"",""tipo_unidade_id"":""0e3d8697-09a0-47db-aa42-c408c085402e"",""texto_determinacao"":""apresentar registros fotográficos e documentos comprobatórios de que as condições do quadro de comando estão em bom estado de segurança, não oferecendo riscos aos colaboradores"",""texto_recomendacao"":"""",""texto_constatacao_nao"":""As condições do quadro de comando não estão em bom estado de uso, segurança e operação"",""texto_constatacao_sim"":""As condições do quadro de comando estão em bom estado de uso, segurança e operação""},{""id"":""767de671-a369-4c1c-8a58-76b109d0810a"",""ativo"":true,""ordem"":1,""gera_nc"":true,""pergunta"":""A unidade possui cercamento, portões com cadeados e sinalização de \""Entrada Proibida\""?"",""texto_nc"":""30"",""is_sample"":false,""created_at"":""2026-03-19T13:32:04.221575+00:00"",""created_by"":null,""prazo_dias"":30,""created_date"":""2026-03-19T13:32:04.221575+00:00"",""updated_date"":""2026-03-19T13:32:04.221575+00:00"",""created_by_id"":null,""artigo_portaria"":""art. 24, inciso VII da Portaria AGEMS nº 321/25"",""tipo_unidade_id"":""0e3d8697-09a0-47db-aa42-c408c085402e"",""texto_determinacao"":""apresentar registros fotográficos de que foi instalado na Unidade cercamento com Alambrado, Muros ou materiais equivalentes e/ou cadeados nos portões"",""texto_recomendacao"":"""",""texto_constatacao_nao"":""A unidade não possui cercamento ou portões com cadeados, favorecendo a insegurança patrimonial"",""texto_constatacao_sim"":""A unidade possui cercamento e portões com cadeados, garantindo a segurança""},{""id"":""742ca93a-c40d-477d-82ca-159720667b89"",""ativo"":true,""ordem"":2,""gera_nc"":true,""pergunta"":""Há proteção contra erosão e entrada de animais/detritos? (Proteção do Manancial)"",""texto_nc"":""30"",""is_sample"":false,""created_at"":""2026-03-19T13:32:04.221575+00:00"",""created_by"":null,""prazo_dias"":30,""created_date"":""2026-03-19T13:32:04.221575+00:00"",""updated_date"":""2026-03-19T13:32:04.221575+00:00"",""created_by_id"":null,""artigo_portaria"":""art. 26, inciso XV da Portaria AGEMS nº 321/25"",""tipo_unidade_id"":""0e3d8697-09a0-47db-aa42-c408c085402e"",""texto_determinacao"":""apresentar registros fotográficos, documentos comprobatórios ou Plano de Ação, se for o caso, para implantar uma proteção adequada ao manancial, garantindo a segurança hídrica do sistema de abastecimento do município"",""texto_recomendacao"":"""",""texto_constatacao_nao"":""Não há proteção adequada do manancial contra erosão e entrada de animais/detritos"",""texto_constatacao_sim"":""Há proteção adequada do manancial contra erosão e entrada de animais/detritos""},{""id"":""eeeaedf8-46a2-46fe-a2e2-8ed61f50c6c8"",""ativo"":true,""ordem"":3,""gera_nc"":true,""pergunta"":""O manancial encontra-se livre de indícios de eutrofização?"",""texto_nc"":""30"",""is_sample"":false,""created_at"":""2026-03-19T13:32:04.221575+00:00"",""created_by"":null,""prazo_dias"":30,""created_date"":""2026-03-19T13:32:04.221575+00:00"",""updated_date"":""2026-03-19T13:32:04.221575+00:00"",""created_by_id"":null,""artigo_portaria"":""art. 26, inciso XV da Portaria AGEMS nº 321/25"",""tipo_unidade_id"":""0e3d8697-09a0-47db-aa42-c408c085402e"",""texto_determinacao"":""apresentar registros fotográficos, documentos comprobatórios ou Plano de Ação, se for o caso, para corrigir casos de eutrofização do manancial, de forma a garantir a segurança hídrica do sistema de abastecimento do município"",""texto_recomendacao"":"""",""texto_constatacao_nao"":""Há indícios de eutrofização do manancial"",""texto_constatacao_sim"":""Não há indícios de eutrofização do manancial""},{""id"":""d311f535-79d1-4510-b0a8-a98c3d2f9123"",""ativo"":true,""ordem"":8,""gera_nc"":true,""pergunta"":""O gradeamento está limpo e opera de maneira adequada?"",""texto_nc"":""30"",""is_sample"":false,""created_at"":""2026-03-19T13:32:09.089124+00:00"",""created_by"":null,""prazo_dias"":30,""created_date"":""2026-03-19T13:32:09.089124+00:00"",""updated_date"":""2026-03-19T13:32:09.089124+00:00"",""created_by_id"":null,""artigo_portaria"":""art. 26, inciso VII da Portaria AGEMS nº 321/25"",""tipo_unidade_id"":""1bb55f5e-0039-4598-84de-56dbdfedb3f0"",""texto_determinacao"":""apresentar registros fotográficos comprovando que o gradeamento está operando de forma adequada"",""texto_recomendacao"":"""",""texto_constatacao_nao"":""Há acúmulo de sólidos no gradeamento, comprometendo o fluxo"",""texto_constatacao_sim"":""O gradeamento está limpo e opera de maneira adequada""},{""id"":""9cf6809e-f0be-450a-bf7a-6bcc642f8772"",""ativo"":true,""ordem"":6,""gera_nc"":true,""pergunta"":""A unidade recebe resíduos de outros municípios?"",""texto_nc"":""30"",""is_sample"":false,""created_at"":""2026-02-24T12:55:08.370096+00:00"",""created_by"":null,""prazo_dias"":30,""created_date"":""2026-02-24T12:55:08.370096+00:00"",""updated_date"":""2026-02-24T12:55:08.370096+00:00"",""created_by_id"":null,""artigo_portaria"":"""",""tipo_unidade_id"":""0fca15f7-d8b1-44fc-ab5d-989f33bedb77"",""texto_determinacao"":"""",""texto_recomendacao"":"""",""texto_constatacao_nao"":"""",""texto_constatacao_sim"":""A unidade recebe resíduos de outros municípios""},{""id"":""d28f9841-dbc1-41e0-9c40-83706e3b3d6b"",""ativo"":true,""ordem"":4,""gera_nc"":true,""pergunta"":""O macromedidor de água bruta está em condições adequadas para a operação?"",""texto_nc"":""30"",""is_sample"":false,""created_at"":""2026-03-19T13:32:04.221575+00:00"",""created_by"":null,""prazo_dias"":30,""created_date"":""2026-03-19T13:32:04.221575+00:00"",""updated_date"":""2026-03-19T13:32:04.221575+00:00"",""created_by_id"":null,""artigo_portaria"":""art. 25, inciso VII da Portaria AGEMS nº 321/25"",""tipo_unidade_id"":""0e3d8697-09a0-47db-aa42-c408c085402e"",""texto_determinacao"":""apresentar registros fotográficos de que o macromedidor possui condições adequadas para a operação, comprovando que foi realizada a substituição da tampa do macromedidor ou do leitor do macromedidor ou a substituição do macromedidor, se for o caso"",""texto_recomendacao"":"""",""texto_constatacao_nao"":""O macromedidor de água bruta não está em condições adequadas para a operação"",""texto_constatacao_sim"":""O macromedidor de água bruta está em condições adequadas para a operação""},{""id"":""1ba3a09f-90c2-426c-a64d-a971a9a960db"",""ativo"":true,""ordem"":5,""gera_nc"":true,""pergunta"":""Há iluminação para trabalhos noturnos?"",""texto_nc"":""30"",""is_sample"":false,""created_at"":""2026-03-19T13:32:04.221575+00:00"",""created_by"":null,""prazo_dias"":30,""created_date"":""2026-03-19T13:32:04.221575+00:00"",""updated_date"":""2026-03-19T13:32:04.221575+00:00"",""created_by_id"":null,""artigo_portaria"":""art. 26, inciso VII da Portaria AGEMS nº 321/25"",""tipo_unidade_id"":""0e3d8697-09a0-47db-aa42-c408c085402e"",""texto_determinacao"":""apresentar registros fotográficos de que foi implantado iluminação no local"",""texto_recomendacao"":"""",""texto_constatacao_nao"":""Não há iluminação para trabalhos noturnos"",""texto_constatacao_sim"":""Há iluminação para trabalhos noturnos""},{""id"":""ffdbaef6-952f-4c36-9748-6fcd8a2ead23"",""ativo"":true,""ordem"":6,""gera_nc"":true,""pergunta"":""Há guarda-corpo para o acesso ao flutuante?"",""texto_nc"":""30"",""is_sample"":false,""created_at"":""2026-03-19T13:32:04.221575+00:00"",""created_by"":null,""prazo_dias"":30,""created_date"":""2026-03-19T13:32:04.221575+00:00"",""updated_date"":""2026-03-19T13:32:04.221575+00:00"",""created_by_id"":null,""artigo_portaria"":""art. 24, inciso VII da Portaria AGEMS nº 321/25"",""tipo_unidade_id"":""0e3d8697-09a0-47db-aa42-c408c085402e"",""texto_determinacao"":""apresentar registros fotográficos demonstrando que foi implantado guarda-corpo adequado no acesso ao flutuante da captação"",""texto_recomendacao"":"""",""texto_constatacao_nao"":""Não há guarda-corpo ou o guarda-corpo não está adequado para o acesso ao flutuante"",""texto_constatacao_sim"":""Há guarda-corpo em estado adequado para o acesso ao flutuante""},{""id"":""faa04630-412f-4d47-9565-9d6c3559cb4a"",""ativo"":true,""ordem"":7,""gera_nc"":true,""pergunta"":""Os conjuntos motobombas operam sem ruído excessivo ou vibração anormal?"",""texto_nc"":""30"",""is_sample"":false,""created_at"":""2026-03-19T13:32:04.221575+00:00"",""created_by"":null,""prazo_dias"":30,""created_date"":""2026-03-19T13:32:04.221575+00:00"",""updated_date"":""2026-03-19T13:32:04.221575+00:00"",""created_by_id"":null,""artigo_portaria"":""art. 26, inciso VII da Portaria AGEMS nº 321/25"",""tipo_unidade_id"":""0e3d8697-09a0-47db-aa42-c408c085402e"",""texto_determinacao"":""apresentar justificativa técnica, documentos comprobatórios ou Plano de Ação (se for o caso) para comprovar que as manutenções preventivas/corretivas foram realizadas nos conjuntos motobombas"",""texto_recomendacao"":"""",""texto_constatacao_nao"":""Os conjuntos motobombas apresentam ruído excessivo ou vibração anormal"",""texto_constatacao_sim"":""Os conjuntos motobombas não apresentam ruído excessivo ou vibração anormal""},{""id"":""68d698d8-6ac8-4ceb-b3c9-2e4fc3013e67"",""ativo"":true,""ordem"":8,""gera_nc"":true,""pergunta"":""Possui conjunto motobomba reserva?"",""texto_nc"":""30"",""is_sample"":false,""created_at"":""2026-03-19T13:32:04.221575+00:00"",""created_by"":null,""prazo_dias"":30,""created_date"":""2026-03-19T13:32:04.221575+00:00"",""updated_date"":""2026-03-19T13:32:04.221575+00:00"",""created_by_id"":null,""artigo_portaria"":""art. 26, inciso VII da Portaria AGEMS nº 321/25"",""tipo_unidade_id"":""0e3d8697-09a0-47db-aa42-c408c085402e"",""texto_determinacao"":""apresentar registros fotográficos e documentos comprobatórios da existência de conjunto motobomba reserva na Unidade em conformidade com o Art. 115 da Portaria AGEMS nº 320/2025"",""texto_recomendacao"":"""",""texto_constatacao_nao"":""Não possui conjunto motobomba reserva"",""texto_constatacao_sim"":""Possui conjunto motobomba reserva pronto para utilização""},{""id"":""7c29c54f-7220-41ab-99ca-7fd1735d60cc"",""ativo"":true,""ordem"":9,""gera_nc"":true,""pergunta"":""Possui gerador de energia elétrica?"",""texto_nc"":""30"",""is_sample"":false,""created_at"":""2026-03-19T13:32:04.221575+00:00"",""created_by"":null,""prazo_dias"":30,""created_date"":""2026-03-19T13:32:04.221575+00:00"",""updated_date"":""2026-03-19T13:32:04.221575+00:00"",""created_by_id"":null,""artigo_portaria"":""art. 26, inciso VII da Portaria AGEMS nº 321/25"",""tipo_unidade_id"":""0e3d8697-09a0-47db-aa42-c408c085402e"",""texto_determinacao"":""apresentar registros fotográficos ou documentos comprobatórios da existência de equipamento gerador de energia elétrica ou justificativas técnicas para a não implantação do equipamento na unidade"",""texto_recomendacao"":"""",""texto_constatacao_nao"":""Não possui gerador de energia elétrica"",""texto_constatacao_sim"":""Possui gerador de energia elétrica pronto para utilização""},{""id"":""e1515cb3-6a59-4148-8815-573860d1f942"",""ativo"":true,""ordem"":10,""gera_nc"":true,""pergunta"":""O Abrigo do Quadro de Comando Elétrico da captação está em bom estado de conservação, uso e operação?"",""texto_nc"":""30"",""is_sample"":false,""created_at"":""2026-03-19T13:32:04.221575+00:00"",""created_by"":null,""prazo_dias"":30,""created_date"":""2026-03-19T13:32:04.221575+00:00"",""updated_date"":""2026-03-19T13:32:04.221575+00:00"",""created_by_id"":null,""artigo_portaria"":""art. 24, inciso VII da Portaria AGEMS nº 321/25"",""tipo_unidade_id"":""0e3d8697-09a0-47db-aa42-c408c085402e"",""texto_determinacao"":""apresentar registros fotográficos de que o Abrigo do Quadro de Comando Elétrico da captação está em bom estado de conservação, uso e operação"",""texto_recomendacao"":"""",""texto_constatacao_nao"":""O Abrigo do Quadro de Comando Elétrico da captação não está em bom estado de conservação, uso e operação"",""texto_constatacao_sim"":""O Abrigo do Quadro de Comando Elétrico da captação está em bom estado de conservação, uso e operação""},{""id"":""8c2f2180-ce63-4b41-a812-b584060af315"",""ativo"":true,""ordem"":11,""gera_nc"":true,""pergunta"":""As instalações elétricas da captação estão adequadas?"",""texto_nc"":""30"",""is_sample"":false,""created_at"":""2026-03-19T13:32:04.221575+00:00"",""created_by"":null,""prazo_dias"":30,""created_date"":""2026-03-19T13:32:04.221575+00:00"",""updated_date"":""2026-03-19T13:32:04.221575+00:00"",""created_by_id"":null,""artigo_portaria"":""art. 26, inciso VII da Portaria AGEMS nº 321/25"",""tipo_unidade_id"":""0e3d8697-09a0-47db-aa42-c408c085402e"",""texto_determinacao"":""apresentar registros fotográficos e documentação comprobatória de que as instalações elétricas da captação estão adequadas para o uso e não oferecem risco de choque elétrico ou demais sinistros para os colaboradores"",""texto_recomendacao"":"""",""texto_constatacao_nao"":""As instalações elétricas da captação não estão adequadas"",""texto_constatacao_sim"":""As instalações elétricas da captação estão adequadas""},{""id"":""10afdf96-aa35-40e1-88ca-4c2f81a4c146"",""ativo"":true,""ordem"":12,""gera_nc"":true,""pergunta"":""As condições do quadro de comando estão em bom estado de uso, segurança e operação?"",""texto_nc"":""30"",""is_sample"":false,""created_at"":""2026-03-19T13:32:04.221575+00:00"",""created_by"":null,""prazo_dias"":30,""created_date"":""2026-03-19T13:32:04.221575+00:00"",""updated_date"":""2026-03-19T13:32:04.221575+00:00"",""created_by_id"":null,""artigo_portaria"":""art. 26, inciso VII da Portaria AGEMS nº 321/25"",""tipo_unidade_id"":""0e3d8697-09a0-47db-aa42-c408c085402e"",""texto_determinacao"":""apresentar registros fotográficos e documentos comprobatórios de que as condições do quadro de comando estão em bom estado de segurança, não oferecendo riscos aos colaboradores"",""texto_recomendacao"":"""",""texto_constatacao_nao"":""As condições do quadro de comando não estão em bom estado de uso, segurança e operação"",""texto_constatacao_sim"":""As condições do quadro de comando estão em bom estado de uso, segurança e operação""},{""id"":""6f158a2f-d145-422e-90a3-c0adf814cef9"",""ativo"":true,""ordem"":1,""gera_nc"":true,""pergunta"":""A unidade possui identificação externa (ID) adequada?"",""texto_nc"":""30"",""is_sample"":false,""created_at"":""2026-03-19T13:32:09.089124+00:00"",""created_by"":null,""prazo_dias"":30,""created_date"":""2026-03-19T13:32:09.089124+00:00"",""updated_date"":""2026-03-19T13:32:09.089124+00:00"",""created_by_id"":null,""artigo_portaria"":""art. 24, inciso VII da Portaria AGEMS nº 321/25"",""tipo_unidade_id"":""1bb55f5e-0039-4598-84de-56dbdfedb3f0"",""texto_determinacao"":""apresentar registros fotográficos comprovando que a unidade possui identificação externa adequada"",""texto_recomendacao"":"""",""texto_constatacao_nao"":""A unidade não possui identificação externa adequada"",""texto_constatacao_sim"":""A unidade possui identificação externa adequada""},{""id"":""63d51013-63a6-4ebf-b7b7-ec05ac055692"",""ativo"":true,""ordem"":2,""gera_nc"":true,""pergunta"":""A unidade possui cercamento (alambrado/muros) garantindo a segurança?"",""texto_nc"":""30"",""is_sample"":false,""created_at"":""2026-03-19T13:32:09.089124+00:00"",""created_by"":null,""prazo_dias"":30,""created_date"":""2026-03-19T13:32:09.089124+00:00"",""updated_date"":""2026-03-19T13:32:09.089124+00:00"",""created_by_id"":null,""artigo_portaria"":""art. 24, inciso VII da Portaria AGEMS nº 321/25"",""tipo_unidade_id"":""1bb55f5e-0039-4598-84de-56dbdfedb3f0"",""texto_determinacao"":""apresentar registros fotográficos de que foi instalado cercamento com Alambrado, Muros ou materiais equivalentes"",""texto_recomendacao"":"""",""texto_constatacao_nao"":""A unidade não possui cercamento adequado, favorecendo a insegurança"",""texto_constatacao_sim"":""A unidade possui cercamento adequado""},{""id"":""9c11e623-670d-4e15-a125-bd09dcbe898c"",""ativo"":true,""ordem"":3,""gera_nc"":true,""pergunta"":""Os portões possuem cadeados e garantem a segurança?"",""texto_nc"":""30"",""is_sample"":false,""created_at"":""2026-03-19T13:32:09.089124+00:00"",""created_by"":null,""prazo_dias"":30,""created_date"":""2026-03-19T13:32:09.089124+00:00"",""updated_date"":""2026-03-19T13:32:09.089124+00:00"",""created_by_id"":null,""artigo_portaria"":""art. 24, inciso VII da Portaria AGEMS nº 321/25"",""tipo_unidade_id"":""1bb55f5e-0039-4598-84de-56dbdfedb3f0"",""texto_determinacao"":""apresentar registros fotográficos de que foram instalados cadeados nos portões"",""texto_recomendacao"":"""",""texto_constatacao_nao"":""Os portões não possuem cadeados, favorecendo a insegurança"",""texto_constatacao_sim"":""Os portões possuem cadeados, garantindo a segurança""},{""id"":""c5d7f65f-206d-4563-91bc-129e3e487542"",""ativo"":true,""ordem"":4,""gera_nc"":true,""pergunta"":""A unidade possui sinalização de 'Entrada Proibida'?"",""texto_nc"":""30"",""is_sample"":false,""created_at"":""2026-03-19T13:32:09.089124+00:00"",""created_by"":null,""prazo_dias"":30,""created_date"":""2026-03-19T13:32:09.089124+00:00"",""updated_date"":""2026-03-19T13:32:09.089124+00:00"",""created_by_id"":null,""artigo_portaria"":""art. 24, inciso VII da Portaria AGEMS nº 321/25"",""tipo_unidade_id"":""1bb55f5e-0039-4598-84de-56dbdfedb3f0"",""texto_determinacao"":""apresentar registros fotográficos de que foi instalada sinalização de 'Entrada Proibida'"",""texto_recomendacao"":"""",""texto_constatacao_nao"":""A unidade não possui sinalização de 'Entrada Proibida'"",""texto_constatacao_sim"":""A unidade possui sinalização de 'Entrada Proibida'""},{""id"":""5329f3be-e1f0-41cd-a416-61f738fce56f"",""ativo"":true,""ordem"":5,""gera_nc"":true,""pergunta"":""O entorno das unidades está roçado e livre de entulhos?"",""texto_nc"":""30"",""is_sample"":false,""created_at"":""2026-03-19T13:32:09.089124+00:00"",""created_by"":null,""prazo_dias"":30,""created_date"":""2026-03-19T13:32:09.089124+00:00"",""updated_date"":""2026-03-19T13:32:09.089124+00:00"",""created_by_id"":null,""artigo_portaria"":""art. 24, inciso VII da Portaria AGEMS nº 321/25"",""tipo_unidade_id"":""1bb55f5e-0039-4598-84de-56dbdfedb3f0"",""texto_determinacao"":""apresentar registros fotográficos de que o entorno das unidades está roçado e livre de entulhos"",""texto_recomendacao"":"""",""texto_constatacao_nao"":""O entorno das unidades não está roçado ou possui entulhos"",""texto_constatacao_sim"":""O entorno das unidades está roçado e livre de entulhos""},{""id"":""73a0e9e3-0a55-4673-878b-aab9ac859fa5"",""ativo"":true,""ordem"":6,""gera_nc"":true,""pergunta"":""O entorno das unidades está livre de vazamentos aparentes?"",""texto_nc"":""30"",""is_sample"":false,""created_at"":""2026-03-19T13:32:09.089124+00:00"",""created_by"":null,""prazo_dias"":30,""created_date"":""2026-03-19T13:32:09.089124+00:00"",""updated_date"":""2026-03-19T13:32:09.089124+00:00"",""created_by_id"":null,""artigo_portaria"":""art. 24, inciso VII da Portaria AGEMS nº 321/25"",""tipo_unidade_id"":""1bb55f5e-0039-4598-84de-56dbdfedb3f0"",""texto_determinacao"":""apresentar registros fotográficos de que foram sanados os vazamentos aparentes"",""texto_recomendacao"":"""",""texto_constatacao_nao"":""Há vazamentos aparentes no entorno das unidades"",""texto_constatacao_sim"":""O entorno das unidades está livre de vazamentos aparentes""},{""id"":""7f5ce22e-b795-45f6-aabb-0e1356c440cc"",""ativo"":true,""ordem"":7,""gera_nc"":true,""pergunta"":""A unidade encontra-se livre de exalação excessiva de odores ou reclamações da vizinhança?"",""texto_nc"":""30"",""is_sample"":false,""created_at"":""2026-03-19T13:32:09.089124+00:00"",""created_by"":null,""prazo_dias"":30,""created_date"":""2026-03-19T13:32:09.089124+00:00"",""updated_date"":""2026-03-19T13:32:09.089124+00:00"",""created_by_id"":null,""artigo_portaria"":""art. 26, inciso VII da Portaria AGEMS nº 321/25"",""tipo_unidade_id"":""1bb55f5e-0039-4598-84de-56dbdfedb3f0"",""texto_determinacao"":""apresentar Plano de ação e justificar cada item do Plano a fim de mitigar os odores originados pela EEE"",""texto_recomendacao"":"""",""texto_constatacao_nao"":""Há evidências de exalação excessiva de odores ou reclamações da vizinhança"",""texto_constatacao_sim"":""Não há evidências de exalação excessiva de odores ou reclamações da vizinhança""},{""id"":""38b7b3bf-9df2-4906-9790-07b770444837"",""ativo"":true,""ordem"":9,""gera_nc"":true,""pergunta"":""O desarenador (caixa de areia) está limpo e opera de maneira adequada?"",""texto_nc"":""30"",""is_sample"":false,""created_at"":""2026-03-19T13:32:09.089124+00:00"",""created_by"":null,""prazo_dias"":30,""created_date"":""2026-03-19T13:32:09.089124+00:00"",""updated_date"":""2026-03-19T13:32:09.089124+00:00"",""created_by_id"":null,""artigo_portaria"":""art. 26, inciso VII da Portaria AGEMS nº 321/25"",""tipo_unidade_id"":""1bb55f5e-0039-4598-84de-56dbdfedb3f0"",""texto_determinacao"":""apresentar registros fotográficos comprovando que o desarenador está operando de forma adequada"",""texto_recomendacao"":"""",""texto_constatacao_nao"":""Há acúmulo de sólidos no desarenador, comprometendo o fluxo"",""texto_constatacao_sim"":""O desarenador está limpo e opera de maneira adequada""},{""id"":""33cba70c-7b4f-4839-9f59-e5b09b3c7b9e"",""ativo"":true,""ordem"":10,""gera_nc"":true,""pergunta"":""O material do gradeamento é armazenado em caçambas até a destinação final?"",""texto_nc"":""30"",""is_sample"":false,""created_at"":""2026-03-19T13:32:09.089124+00:00"",""created_by"":null,""prazo_dias"":30,""created_date"":""2026-03-19T13:32:09.089124+00:00"",""updated_date"":""2026-03-19T13:32:09.089124+00:00"",""created_by_id"":null,""artigo_portaria"":""art. 26, inciso VII da Portaria AGEMS nº 321/25"",""tipo_unidade_id"":""1bb55f5e-0039-4598-84de-56dbdfedb3f0"",""texto_determinacao"":""apresentar Plano de Ação e justificar cada escolha do Plano a fim de armazenar os rejeitos do gradeamento de forma ambientalmente adequada"",""texto_recomendacao"":"""",""texto_constatacao_nao"":""O material do gradeamento não é armazenado de maneira adequada, permanecendo exposto sem nenhum tratamento"",""texto_constatacao_sim"":""O material do gradeamento é armazenado de forma correta e adequada até a destinação final""},{""id"":""cfe7c089-cdd5-4632-b7fc-73e67046bc82"",""ativo"":true,""ordem"":11,""gera_nc"":true,""pergunta"":""As tampas de proteção do poço de sucção estão em boas condições de uso e segurança?"",""texto_nc"":""30"",""is_sample"":false,""created_at"":""2026-03-19T13:32:09.089124+00:00"",""created_by"":null,""prazo_dias"":30,""created_date"":""2026-03-19T13:32:09.089124+00:00"",""updated_date"":""2026-03-19T13:32:09.089124+00:00"",""created_by_id"":null,""artigo_portaria"":""art. 24, inciso VII da Portaria AGEMS nº 321/25"",""tipo_unidade_id"":""1bb55f5e-0039-4598-84de-56dbdfedb3f0"",""texto_determinacao"":""apresentar registros fotográficos de que as tampas de proteção do poço de sucção estão afixadas de forma adequada"",""texto_recomendacao"":"""",""texto_constatacao_nao"":""As tampas de proteção do poço de sucção não estão em boas condições"",""texto_constatacao_sim"":""As tampas de proteção do poço de sucção estão em boas condições de uso e segurança""},{""id"":""ee514363-acbe-4ae3-93d8-75fd73219068"",""ativo"":true,""ordem"":12,""gera_nc"":true,""pergunta"":""As tampas de proteção do gradeamento estão em boas condições de uso e segurança?"",""texto_nc"":""30"",""is_sample"":false,""created_at"":""2026-03-19T13:32:09.089124+00:00"",""created_by"":null,""prazo_dias"":30,""created_date"":""2026-03-19T13:32:09.089124+00:00"",""updated_date"":""2026-03-19T13:32:09.089124+00:00"",""created_by_id"":null,""artigo_portaria"":""art. 24, inciso VII da Portaria AGEMS nº 321/25"",""tipo_unidade_id"":""1bb55f5e-0039-4598-84de-56dbdfedb3f0"",""texto_determinacao"":""apresentar registros fotográficos de que as tampas de proteção do gradeamento estão afixadas de forma adequada"",""texto_recomendacao"":"""",""texto_constatacao_nao"":""As tampas de proteção do gradeamento não estão em boas condições"",""texto_constatacao_sim"":""As tampas de proteção do gradeamento estão em boas condições de uso e segurança""},{""id"":""3999ed9b-13ce-4bfc-b557-9b36e8fae0d4"",""ativo"":true,""ordem"":13,""gera_nc"":true,""pergunta"":""Os conjuntos motobombas operam sem ruído excessivo ou vibração anormal?"",""texto_nc"":""30"",""is_sample"":false,""created_at"":""2026-03-19T13:32:09.089124+00:00"",""created_by"":null,""prazo_dias"":30,""created_date"":""2026-03-19T13:32:09.089124+00:00"",""updated_date"":""2026-03-19T13:32:09.089124+00:00"",""created_by_id"":null,""artigo_portaria"":""art. 26, inciso VII da Portaria AGEMS nº 321/25"",""tipo_unidade_id"":""1bb55f5e-0039-4598-84de-56dbdfedb3f0"",""texto_determinacao"":""apresentar justificativa técnica, documentos comprobatórios ou Plano de Ação (se for o caso) para comprovar que as manutenções preventivas/corretivas foram realizadas nos conjuntos motobombas"",""texto_recomendacao"":"""",""texto_constatacao_nao"":""Os conjuntos motobombas apresentam ruído excessivo ou vibração anormal"",""texto_constatacao_sim"":""Os conjuntos motobombas não apresentam ruído excessivo ou vibração anormal""},{""id"":""65dee285-221f-4cf1-b6ad-20a8785879da"",""ativo"":true,""ordem"":14,""gera_nc"":true,""pergunta"":""Possui conjunto motobomba reserva?"",""texto_nc"":""30"",""is_sample"":false,""created_at"":""2026-03-19T13:32:09.089124+00:00"",""created_by"":null,""prazo_dias"":30,""created_date"":""2026-03-19T13:32:09.089124+00:00"",""updated_date"":""2026-03-19T13:32:09.089124+00:00"",""created_by_id"":null,""artigo_portaria"":""art. 26, inciso VII da Portaria AGEMS nº 321/25"",""tipo_unidade_id"":""1bb55f5e-0039-4598-84de-56dbdfedb3f0"",""texto_determinacao"":""apresentar registros fotográficos e documentos comprobatórios da existência de conjunto motobomba reserva na Unidade em conformidade com o Art. 115 da Portaria AGEMS nº 320/2025"",""texto_recomendacao"":"""",""texto_constatacao_nao"":""Não possui conjunto motobomba reserva"",""texto_constatacao_sim"":""Possui conjunto motobomba reserva pronto para utilização""},{""id"":""d5e7d0a0-3ac1-4636-8bee-ca306112d25c"",""ativo"":true,""ordem"":14,""gera_nc"":true,""pergunta"":""A coleta é executada 6 vezes por semana (frequência geral)?"",""texto_nc"":""30"",""is_sample"":false,""created_at"":""2026-02-24T12:55:24.580553+00:00"",""created_by"":null,""prazo_dias"":30,""created_date"":""2026-02-24T12:55:24.580553+00:00"",""updated_date"":""2026-02-24T12:55:24.580553+00:00"",""created_by_id"":null,""artigo_portaria"":"""",""tipo_unidade_id"":""731e5638-ee60-4a08-82be-b5e7c1eddfd8"",""texto_determinacao"":"""",""texto_recomendacao"":"""",""texto_constatacao_nao"":"""",""texto_constatacao_sim"":""A coleta é executada 6 vezes por semana""},{""id"":""24a7004a-425a-4ea4-9f5e-05a3b882cf3d"",""ativo"":true,""ordem"":15,""gera_nc"":true,""pergunta"":""Possui gerador de energia elétrica pronto para utilização?"",""texto_nc"":""30"",""is_sample"":false,""created_at"":""2026-03-19T13:32:09.089124+00:00"",""created_by"":null,""prazo_dias"":30,""created_date"":""2026-03-19T13:32:09.089124+00:00"",""updated_date"":""2026-03-19T13:32:09.089124+00:00"",""created_by_id"":null,""artigo_portaria"":""art. 26, inciso VII da Portaria AGEMS nº 321/25"",""tipo_unidade_id"":""1bb55f5e-0039-4598-84de-56dbdfedb3f0"",""texto_determinacao"":""apresentar registros fotográficos ou documentos comprobatórios da existência de equipamento gerador de energia elétrica ou justificativas técnicas para a não implantação do equipamento na unidade"",""texto_recomendacao"":"""",""texto_constatacao_nao"":""Não possui gerador de energia elétrica"",""texto_constatacao_sim"":""Possui gerador de energia elétrica pronto para utilização""},{""id"":""539ebfbd-158f-4cb3-8ac3-f360ee086fe1"",""ativo"":true,""ordem"":16,""gera_nc"":true,""pergunta"":""O Abrigo do Quadro de Comando Elétrico do poço está em bom estado de conservação, uso e operação?"",""texto_nc"":""30"",""is_sample"":false,""created_at"":""2026-03-19T13:32:09.089124+00:00"",""created_by"":null,""prazo_dias"":30,""created_date"":""2026-03-19T13:32:09.089124+00:00"",""updated_date"":""2026-03-19T13:32:09.089124+00:00"",""created_by_id"":null,""artigo_portaria"":""art. 24, inciso VII da Portaria AGEMS nº 321/25"",""tipo_unidade_id"":""1bb55f5e-0039-4598-84de-56dbdfedb3f0"",""texto_determinacao"":""apresentar registros fotográficos de que o Abrigo do Quadro de Comando Elétrico da captação está em bom estado de conservação, uso e operação"",""texto_recomendacao"":"""",""texto_constatacao_nao"":""O Abrigo do Quadro de Comando Elétrico da captação não está em bom estado de conservação, uso e operação"",""texto_constatacao_sim"":""O Abrigo do Quadro de Comando Elétrico da captação está em bom estado de conservação, uso e operação""},{""id"":""85246524-f8cb-4833-bf03-df0b3e3e2667"",""ativo"":true,""ordem"":17,""gera_nc"":true,""pergunta"":""As instalações elétricas do poço estão adequadas?"",""texto_nc"":""30"",""is_sample"":false,""created_at"":""2026-03-19T13:32:09.089124+00:00"",""created_by"":null,""prazo_dias"":30,""created_date"":""2026-03-19T13:32:09.089124+00:00"",""updated_date"":""2026-03-19T13:32:09.089124+00:00"",""created_by_id"":null,""artigo_portaria"":""art. 26, inciso VII da Portaria AGEMS nº 321/25"",""tipo_unidade_id"":""1bb55f5e-0039-4598-84de-56dbdfedb3f0"",""texto_determinacao"":""apresentar registros fotográficos e documentação comprobatória de que as instalações elétricas do poço estão adequadas para o uso e não oferecem risco de choque elétrico ou demais sinistros para os colaboradores"",""texto_recomendacao"":"""",""texto_constatacao_nao"":""As instalações elétricas do poço não estão adequadas"",""texto_constatacao_sim"":""As instalações elétricas do poço estão adequadas""},{""id"":""8fda9ac2-2dbe-4521-8ac0-8fbf0f1d94f5"",""ativo"":true,""ordem"":18,""gera_nc"":true,""pergunta"":""As condições do quadro de comando estão em bom estado de uso, segurança e operação?"",""texto_nc"":""30"",""is_sample"":false,""created_at"":""2026-03-19T13:32:09.089124+00:00"",""created_by"":null,""prazo_dias"":30,""created_date"":""2026-03-19T13:32:09.089124+00:00"",""updated_date"":""2026-03-19T13:32:09.089124+00:00"",""created_by_id"":null,""artigo_portaria"":""art. 26, inciso VII da Portaria AGEMS nº 321/25"",""tipo_unidade_id"":""1bb55f5e-0039-4598-84de-56dbdfedb3f0"",""texto_determinacao"":""apresentar registros fotográficos e documentos comprobatórios de que as condições do quadro de comando estão em bom estado de segurança, não oferecendo riscos aos colaboradores"",""texto_recomendacao"":"""",""texto_constatacao_nao"":""As condições do quadro de comando não estão em bom estado de uso, segurança e operação"",""texto_constatacao_sim"":""As condições do quadro de comando estão em bom estado de uso, segurança e operação""},{""id"":""e83aa89a-547d-4ddc-8f46-bced8b22dbf8"",""ativo"":true,""ordem"":19,""gera_nc"":true,""pergunta"":""A unidade encontra-se livre de sinais de extravasamento?"",""texto_nc"":""30"",""is_sample"":false,""created_at"":""2026-03-19T13:32:09.089124+00:00"",""created_by"":null,""prazo_dias"":30,""created_date"":""2026-03-19T13:32:09.089124+00:00"",""updated_date"":""2026-03-19T13:32:09.089124+00:00"",""created_by_id"":null,""artigo_portaria"":""art. 26, inciso VII da Portaria AGEMS nº 321/25"",""tipo_unidade_id"":""1bb55f5e-0039-4598-84de-56dbdfedb3f0"",""texto_determinacao"":""apresentar registros fotográficos de que o extravasamento foi resolvido e comprovar com registro de ordem de serviço"",""texto_recomendacao"":"""",""texto_constatacao_nao"":""Há sinais de extravasametno visíveis dentro da unidade"",""texto_constatacao_sim"":""Não há sinais de extravasamento visíveis dentro da unidade""},{""id"":""efc26f78-4930-4183-8ee1-63449ae46f24"",""ativo"":true,""ordem"":1,""gera_nc"":true,""pergunta"":""A unidade possui identificação externa (ID) adequada?"",""texto_nc"":""30"",""is_sample"":false,""created_at"":""2026-03-19T13:32:13.448149+00:00"",""created_by"":null,""prazo_dias"":30,""created_date"":""2026-03-19T13:32:13.448149+00:00"",""updated_date"":""2026-03-19T13:32:13.448149+00:00"",""created_by_id"":null,""artigo_portaria"":""art. 24, inciso VII da Portaria AGEMS nº 321/25"",""tipo_unidade_id"":""7d32fc39-4158-4c53-9e77-74fd7f1ddd1c"",""texto_determinacao"":""apresentar registros fotográficos comprovando que foi implantada identificação externa adequada"",""texto_recomendacao"":"""",""texto_constatacao_nao"":""A unidade não possui identificação externa adequada"",""texto_constatacao_sim"":""A unidade possui identificação externa adequada""},{""id"":""cc123ba3-e2e1-49b0-9475-c581805f213d"",""ativo"":true,""ordem"":2,""gera_nc"":true,""pergunta"":""A unidade possui cercamento (alambrado/muros) garantindo a segurança?"",""texto_nc"":""30"",""is_sample"":false,""created_at"":""2026-03-19T13:32:13.448149+00:00"",""created_by"":null,""prazo_dias"":30,""created_date"":""2026-03-19T13:32:13.448149+00:00"",""updated_date"":""2026-03-19T13:32:13.448149+00:00"",""created_by_id"":null,""artigo_portaria"":""art. 24, inciso VII da Portaria AGEMS nº 321/25"",""tipo_unidade_id"":""7d32fc39-4158-4c53-9e77-74fd7f1ddd1c"",""texto_determinacao"":""apresentar registros fotográficos de que foi instalado cercamento com Alambrado, Muros ou materiais equivalentes"",""texto_recomendacao"":"""",""texto_constatacao_nao"":""A unidade não possui cercamento adequado"",""texto_constatacao_sim"":""A unidade possui cercamento adequado""},{""id"":""48a47fa2-9b5b-47e4-896b-90f576409200"",""ativo"":true,""ordem"":3,""gera_nc"":true,""pergunta"":""Os portões possuem cadeados e garantem a segurança?"",""texto_nc"":""30"",""is_sample"":false,""created_at"":""2026-03-19T13:32:13.448149+00:00"",""created_by"":null,""prazo_dias"":30,""created_date"":""2026-03-19T13:32:13.448149+00:00"",""updated_date"":""2026-03-19T13:32:13.448149+00:00"",""created_by_id"":null,""artigo_portaria"":""art. 24, inciso VII da Portaria AGEMS nº 321/25"",""tipo_unidade_id"":""7d32fc39-4158-4c53-9e77-74fd7f1ddd1c"",""texto_determinacao"":""apresentar registros fotográficos de que foram instalados cadeados nos portões"",""texto_recomendacao"":"""",""texto_constatacao_nao"":""Os portões não possuem cadeados"",""texto_constatacao_sim"":""Os portões possuem cadeados""},{""id"":""d927044e-b7f9-4053-a57e-629b778fab6a"",""ativo"":true,""ordem"":4,""gera_nc"":true,""pergunta"":""A unidade possui sinalização de 'Entrada Proibida'?"",""texto_nc"":""30"",""is_sample"":false,""created_at"":""2026-03-19T13:32:13.448149+00:00"",""created_by"":null,""prazo_dias"":30,""created_date"":""2026-03-19T13:32:13.448149+00:00"",""updated_date"":""2026-03-19T13:32:13.448149+00:00"",""created_by_id"":null,""artigo_portaria"":""art. 24, inciso VII da Portaria AGEMS nº 321/25"",""tipo_unidade_id"":""7d32fc39-4158-4c53-9e77-74fd7f1ddd1c"",""texto_determinacao"":""apresentar registros fotográficos de que foi instalada sinalização de 'Entrada Proibida'"",""texto_recomendacao"":"""",""texto_constatacao_nao"":""A unidade não possui sinalização de 'Entrada Proibida'"",""texto_constatacao_sim"":""A unidade possui sinalização de 'Entrada Proibida'""},{""id"":""d60af4c2-51e4-4d9f-b2a7-cf0ffe31a4ab"",""ativo"":true,""ordem"":12,""gera_nc"":true,""pergunta"":""A coleta é executada 4 vezes por semana (frequência geral)?"",""texto_nc"":""30"",""is_sample"":false,""created_at"":""2026-02-24T12:55:24.447622+00:00"",""created_by"":null,""prazo_dias"":30,""created_date"":""2026-02-24T12:55:24.447622+00:00"",""updated_date"":""2026-02-24T12:55:24.447622+00:00"",""created_by_id"":null,""artigo_portaria"":"""",""tipo_unidade_id"":""731e5638-ee60-4a08-82be-b5e7c1eddfd8"",""texto_determinacao"":"""",""texto_recomendacao"":"""",""texto_constatacao_nao"":"""",""texto_constatacao_sim"":""A coleta é executada 4 vezes por semana""},{""id"":""efe8e05d-5e4a-4c55-8f4b-b843fc9ec032"",""ativo"":true,""ordem"":5,""gera_nc"":true,""pergunta"":""O entorno das unidades está roçado e livre de entulhos?"",""texto_nc"":""30"",""is_sample"":false,""created_at"":""2026-03-19T13:32:13.448149+00:00"",""created_by"":null,""prazo_dias"":30,""created_date"":""2026-03-19T13:32:13.448149+00:00"",""updated_date"":""2026-03-19T13:32:13.448149+00:00"",""created_by_id"":null,""artigo_portaria"":""art. 24, inciso VII da Portaria AGEMS nº 321/25"",""tipo_unidade_id"":""7d32fc39-4158-4c53-9e77-74fd7f1ddd1c"",""texto_determinacao"":""apresentar registros fotográficos de que o entorno das unidades está roçado e livre de entulhos"",""texto_recomendacao"":"""",""texto_constatacao_nao"":""O entorno das unidades não está roçado ou possui entulhos"",""texto_constatacao_sim"":""O entorno das unidades está roçado e livre de entulhos""},{""id"":""7687f95c-0e4b-47e1-8351-80a3ac7450a0"",""ativo"":true,""ordem"":6,""gera_nc"":true,""pergunta"":""O entorno das unidades está livre de vazamentos aparentes?"",""texto_nc"":""30"",""is_sample"":false,""created_at"":""2026-03-19T13:32:13.448149+00:00"",""created_by"":null,""prazo_dias"":30,""created_date"":""2026-03-19T13:32:13.448149+00:00"",""updated_date"":""2026-03-19T13:32:13.448149+00:00"",""created_by_id"":null,""artigo_portaria"":""art. 24, inciso VII da Portaria AGEMS nº 321/25"",""tipo_unidade_id"":""7d32fc39-4158-4c53-9e77-74fd7f1ddd1c"",""texto_determinacao"":""apresentar registros fotográficos de que foram sanados os vazamentos aparentes"",""texto_recomendacao"":"""",""texto_constatacao_nao"":""Há vazamentos aparentes no entorno das unidades"",""texto_constatacao_sim"":""O entorno das unidades está livre de vazamentos aparentes""},{""id"":""4e538f7a-7bc6-47b5-bacf-99a7513a3995"",""ativo"":true,""ordem"":7,""gera_nc"":true,""pergunta"":""Os dosadores estão operacionais?"",""texto_nc"":""30"",""is_sample"":false,""created_at"":""2026-03-19T13:32:13.448149+00:00"",""created_by"":null,""prazo_dias"":30,""created_date"":""2026-03-19T13:32:13.448149+00:00"",""updated_date"":""2026-03-19T13:32:13.448149+00:00"",""created_by_id"":null,""artigo_portaria"":""art. 24, inciso VI da Portaria AGEMS nº 321/25"",""tipo_unidade_id"":""7d32fc39-4158-4c53-9e77-74fd7f1ddd1c"",""texto_determinacao"":""apresentar justificativa técnica, documentos comprobatórios ou Plano de Ação (se for o caso) para comprovar que as manutenções preventivas/corretivas foram realizadas nos equipamentos dosadores de produtos químicos da ETA"",""texto_recomendacao"":"""",""texto_constatacao_nao"":""Os dosadores não funcionam de forma adequada"",""texto_constatacao_sim"":""Os dosadores funcionam de forma adequada""},{""id"":""6d06d2e7-3e89-4283-b1ae-9657cebf55c6"",""ativo"":true,""ordem"":8,""gera_nc"":true,""pergunta"":""As linhas de dosagem de coagulante/alcalinizante estão estanques (livres de vazamentos)?"",""texto_nc"":""30"",""is_sample"":false,""created_at"":""2026-03-19T13:32:13.448149+00:00"",""created_by"":null,""prazo_dias"":30,""created_date"":""2026-03-19T13:32:13.448149+00:00"",""updated_date"":""2026-03-19T13:32:13.448149+00:00"",""created_by_id"":null,""artigo_portaria"":""art. 26, inciso VII da Portaria AGEMS nº 321/25"",""tipo_unidade_id"":""7d32fc39-4158-4c53-9e77-74fd7f1ddd1c"",""texto_determinacao"":""apresentar registros fotográficos, documentos comprobatórios ou Plano de Ação (se for o caso) para comprovar que foram eliminados os vazamentos nas linhas de dosagem da ETA"",""texto_recomendacao"":"""",""texto_constatacao_nao"":""Há indícios de vazamentos nas linhas de dosagem"",""texto_constatacao_sim"":""Não há vazamentos aparentes nas linhas de dosagem""},{""id"":""86565a30-0c4c-4757-b9b9-b63131fb21ae"",""ativo"":true,""ordem"":9,""gera_nc"":true,""pergunta"":""Há turbulência visível e adequada na calha Parshall ou misturador para homogeneização do coagulante?"",""texto_nc"":""30"",""is_sample"":false,""created_at"":""2026-03-19T13:32:13.448149+00:00"",""created_by"":null,""prazo_dias"":30,""created_date"":""2026-03-19T13:32:13.448149+00:00"",""updated_date"":""2026-03-19T13:32:13.448149+00:00"",""created_by_id"":null,""artigo_portaria"":""art. 26, inciso VII da Portaria AGEMS nº 321/25"",""tipo_unidade_id"":""7d32fc39-4158-4c53-9e77-74fd7f1ddd1c"",""texto_determinacao"":""apresentar registros fotográficos, documentos comprobatórios ou Plano de Ação (se for o caso) para comprovar que a turbulência na Calha Parshall ou Misturador ocorre de forma adequada e satisfatória"",""texto_recomendacao"":"""",""texto_constatacao_nao"":""Não há turbulência visível na Calha Parshall/Misturador para homogeneização do coagulante"",""texto_constatacao_sim"":""Há turbulência visível na Calha Parshall/Misturador para homogeinização do coagulante""},{""id"":""6312ef09-443b-4e0e-bf7b-96cb9f3990c9"",""ativo"":true,""ordem"":10,""gera_nc"":true,""pergunta"":""É possível observar visualmente a formação de flocos?"",""texto_nc"":""30"",""is_sample"":false,""created_at"":""2026-03-19T13:32:13.448149+00:00"",""created_by"":null,""prazo_dias"":30,""created_date"":""2026-03-19T13:32:13.448149+00:00"",""updated_date"":""2026-03-19T13:32:13.448149+00:00"",""created_by_id"":null,""artigo_portaria"":""art. 26, inciso VII da Portaria AGEMS nº 321/25"",""tipo_unidade_id"":""7d32fc39-4158-4c53-9e77-74fd7f1ddd1c"",""texto_determinacao"":""apresentar registros fotográficos, documentos comprobatórios ou Plano de Ação (se for o caso) para comprovar que a formação de flocos na etapa de floculação/coagulação ocorre de forma adequada e satisfatória"",""texto_recomendacao"":"""",""texto_constatacao_nao"":""Nâo é possível observar visualmente a formação de flocos na etapa de floculação/coagulação"",""texto_constatacao_sim"":""Há sinais visuais na formação de flocos na etapa de floculação/coagulação""},{""id"":""60e1fe9a-3ebb-47f2-8270-efdee95b4917"",""ativo"":true,""ordem"":11,""gera_nc"":true,""pergunta"":""Os agitadores (se houver) estão funcionando sem ruídos anormais?"",""texto_nc"":""30"",""is_sample"":false,""created_at"":""2026-03-19T13:32:13.448149+00:00"",""created_by"":null,""prazo_dias"":30,""created_date"":""2026-03-19T13:32:13.448149+00:00"",""updated_date"":""2026-03-19T13:32:13.448149+00:00"",""created_by_id"":null,""artigo_portaria"":""art. 26, inciso VII da Portaria AGEMS nº 321/25"",""tipo_unidade_id"":""7d32fc39-4158-4c53-9e77-74fd7f1ddd1c"",""texto_determinacao"":""apresentar registros fotográficos, documentos comprobatórios ou Plano de Ação (se for o caso) para comprovar a operação adequada e sem ruídos anormais dos agitadores do sistema"",""texto_recomendacao"":"""",""texto_constatacao_nao"":""Os agitadores não funcionam de forma adequada ou possuem ruídos anormais"",""texto_constatacao_sim"":""Os agitadores funcionam de forma adequada e sem ruídos anormais""},{""id"":""4537ad7c-ae8d-4e1f-b686-5111ef49cc3a"",""ativo"":true,""ordem"":12,""gera_nc"":true,""pergunta"":""Os tanques estão livres de quebra de flocos?"",""texto_nc"":""30"",""is_sample"":false,""created_at"":""2026-03-19T13:32:13.448149+00:00"",""created_by"":null,""prazo_dias"":30,""created_date"":""2026-03-19T13:32:13.448149+00:00"",""updated_date"":""2026-03-19T13:32:13.448149+00:00"",""created_by_id"":null,""artigo_portaria"":""art. 26, inciso VII da Portaria AGEMS nº 321/25"",""tipo_unidade_id"":""7d32fc39-4158-4c53-9e77-74fd7f1ddd1c"",""texto_determinacao"":""apresentar registros fotográficos, documentos comprobatórios ou Plano de Ação (se for o caso) para comprovar que não existem quebra de flocos ou zonas mortas nos tanques de coagulação/floculação"",""texto_recomendacao"":"""",""texto_constatacao_nao"":""Há quebra de flocos nos tanques"",""texto_constatacao_sim"":""Não foi constatada quebra de flocos nos tanques""},{""id"":""ca5ca112-ec9e-49e3-bbf8-2bb37e201f70"",""ativo"":true,""ordem"":13,""gera_nc"":true,""pergunta"":""Os tanques estão livres de zonas de 'água morta' (sem movimento)?"",""texto_nc"":""30"",""is_sample"":false,""created_at"":""2026-03-19T13:32:13.448149+00:00"",""created_by"":null,""prazo_dias"":30,""created_date"":""2026-03-19T13:32:13.448149+00:00"",""updated_date"":""2026-03-19T13:32:13.448149+00:00"",""created_by_id"":null,""artigo_portaria"":""art. 26, inciso VII da Portaria AGEMS nº 321/25"",""tipo_unidade_id"":""7d32fc39-4158-4c53-9e77-74fd7f1ddd1c"",""texto_determinacao"":""apresentar registros fotográficos, documentos comprobatórios ou Plano de Ação (se for o caso) para comprovar que não existem quebra de flocos ou zonas mortas nos tanques de coagulação/floculação"",""texto_recomendacao"":"""",""texto_constatacao_nao"":""Há zonas mortas nos tanques"",""texto_constatacao_sim"":""Não foram constatadas zonas mortas nos tanques""},{""id"":""2304d577-cd37-4581-82f4-fb9a10112d88"",""ativo"":true,""ordem"":14,""gera_nc"":true,""pergunta"":""A água que sai dos decantadores para os filtros está visualmente clara?"",""texto_nc"":""30"",""is_sample"":false,""created_at"":""2026-03-19T13:32:13.448149+00:00"",""created_by"":null,""prazo_dias"":30,""created_date"":""2026-03-19T13:32:13.448149+00:00"",""updated_date"":""2026-03-19T13:32:13.448149+00:00"",""created_by_id"":null,""artigo_portaria"":""art. 26, inciso VII da Portaria AGEMS nº 321/25"",""tipo_unidade_id"":""7d32fc39-4158-4c53-9e77-74fd7f1ddd1c"",""texto_determinacao"":""apresentar registros fotográficos, documentos comprobatórios ou Plano de Ação (se for o caso) para comprovar que a água em processo de tratamento chegue aos filtros de forma adequada, em processo satisfatório e sem presença de sedimentos"",""texto_recomendacao"":"""",""texto_constatacao_nao"":""A água em processo de tratamento chega aos filtros de forma inadequada ou em processo insatisfatório"",""texto_constatacao_sim"":""A água em processo de tratamento chega aos filtros de forma adequada em processo satisfatório""},{""id"":""23b3c413-4ae2-4b50-97b6-6d87ce897dbe"",""ativo"":true,""ordem"":15,""gera_nc"":true,""pergunta"":""Existe um cronograma de limpeza dos decantadores?"",""texto_nc"":""30"",""is_sample"":false,""created_at"":""2026-03-19T13:32:13.448149+00:00"",""created_by"":null,""prazo_dias"":30,""created_date"":""2026-03-19T13:32:13.448149+00:00"",""updated_date"":""2026-03-19T13:32:13.448149+00:00"",""created_by_id"":null,""artigo_portaria"":""art. 26, inciso VII da Portaria AGEMS nº 321/25"",""tipo_unidade_id"":""7d32fc39-4158-4c53-9e77-74fd7f1ddd1c"",""texto_determinacao"":""apresentar cronograma de limpeza dos decantadores"",""texto_recomendacao"":"""",""texto_constatacao_nao"":""Não há cronograma de limpeza dos decantadores"",""texto_constatacao_sim"":""Há cronograma de limpeza dos decantadores""},{""id"":""e057a5d5-438e-4a93-9724-11c152aee67d"",""ativo"":true,""ordem"":16,""gera_nc"":true,""pergunta"":""Os decantadores estão livres de acúmulo excessivo de lodo?"",""texto_nc"":""30"",""is_sample"":false,""created_at"":""2026-03-19T13:32:13.448149+00:00"",""created_by"":null,""prazo_dias"":30,""created_date"":""2026-03-19T13:32:13.448149+00:00"",""updated_date"":""2026-03-19T13:32:13.448149+00:00"",""created_by_id"":null,""artigo_portaria"":""art. 26, inciso VII da Portaria AGEMS nº 321/25"",""tipo_unidade_id"":""7d32fc39-4158-4c53-9e77-74fd7f1ddd1c"",""texto_determinacao"":""apresentar registros fotográficos da limpeza dos decantadores"",""texto_recomendacao"":"""",""texto_constatacao_nao"":""Há acúmulo excessivo de lodo que reduz a área útil"",""texto_constatacao_sim"":""Não há acúmulo excessivo de lodo/sedimentos""},{""id"":""d95caa58-769a-4faa-a892-049d38ad9d10"",""ativo"":true,""ordem"":17,""gera_nc"":true,""pergunta"":""Os resíduos resultantes da limpeza dos decantadores possuem disposição final ambientalmente adequada?"",""texto_nc"":""30"",""is_sample"":false,""created_at"":""2026-03-19T13:32:13.448149+00:00"",""created_by"":null,""prazo_dias"":30,""created_date"":""2026-03-19T13:32:13.448149+00:00"",""updated_date"":""2026-03-19T13:32:13.448149+00:00"",""created_by_id"":null,""artigo_portaria"":""art. 27, inciso I da Portaria AGEMS nº 321/25"",""tipo_unidade_id"":""7d32fc39-4158-4c53-9e77-74fd7f1ddd1c"",""texto_determinacao"":""apresentar registros fotográficos, documentos comprobatórios ou Plano de Ação (se for o caso) para comprovar que os resíduos provenientes da limpeza dos decantadores da ETA possuem disposição final ambientalmente adequada e que não são descartados no corpo hídrico sem tratamento prévio"",""texto_recomendacao"":"""",""texto_constatacao_nao"":""Os resíduos resultantes da limpeza dos decantadores não possuem disposição final ambientalmente adequada"",""texto_constatacao_sim"":""Os resíduos resultantes da limpeza dos decantadores possuem disposição final ambientalmente adequada""},{""id"":""21cb8b9d-1b79-4108-bfdc-77a5ebb1ed1f"",""ativo"":true,""ordem"":18,""gera_nc"":true,""pergunta"":""O meio filtrante apresenta-se íntegro e sem rachaduras?"",""texto_nc"":""30"",""is_sample"":false,""created_at"":""2026-03-19T13:32:13.448149+00:00"",""created_by"":null,""prazo_dias"":30,""created_date"":""2026-03-19T13:32:13.448149+00:00"",""updated_date"":""2026-03-19T13:32:13.448149+00:00"",""created_by_id"":null,""artigo_portaria"":""art. 26, inciso VII da Portaria AGEMS nº 321/25"",""tipo_unidade_id"":""7d32fc39-4158-4c53-9e77-74fd7f1ddd1c"",""texto_determinacao"":""apresentar registros fotográficos da substituição ou adequação do meio filtrante"",""texto_recomendacao"":"""",""texto_constatacao_nao"":""O meio filtrante apresenta rachaduras"",""texto_constatacao_sim"":""O meio filtrante não apresenta rachaduras""},{""id"":""d71419d9-de35-47d3-87a7-33be94c20c30"",""ativo"":true,""ordem"":19,""gera_nc"":true,""pergunta"":""O meio filtrante está livre de 'bolas de lodo'?"",""texto_nc"":""30"",""is_sample"":false,""created_at"":""2026-03-19T13:32:13.448149+00:00"",""created_by"":null,""prazo_dias"":30,""created_date"":""2026-03-19T13:32:13.448149+00:00"",""updated_date"":""2026-03-19T13:32:13.448149+00:00"",""created_by_id"":null,""artigo_portaria"":""art. 26, inciso VII da Portaria AGEMS nº 321/25"",""tipo_unidade_id"":""7d32fc39-4158-4c53-9e77-74fd7f1ddd1c"",""texto_determinacao"":""apresentar registros fotográficos da substituição ou adequação do meio filtrante"",""texto_recomendacao"":"""",""texto_constatacao_nao"":""O meio filtrante apresenta bolas de lodo"",""texto_constatacao_sim"":""O meio filtrante está livre de bolas de lodo""},{""id"":""6fc3f5f0-3025-46fa-9901-926cf106734a"",""ativo"":true,""ordem"":4,""gera_nc"":true,""pergunta"":""A unidade possui sinalização de 'Entrada Proibida'?"",""texto_nc"":""30"",""is_sample"":false,""created_at"":""2026-03-19T13:32:17.682754+00:00"",""created_by"":null,""prazo_dias"":30,""created_date"":""2026-03-19T13:32:17.682754+00:00"",""updated_date"":""2026-03-19T13:32:17.682754+00:00"",""created_by_id"":null,""artigo_portaria"":""art. 24, inciso VII da Portaria AGEMS nº 321/25"",""tipo_unidade_id"":""3b62db96-dedc-4886-b591-f73ccff0a686"",""texto_determinacao"":""apresentar registros fotográficos de que foi instalada sinalização de 'Entrada Proibida'"",""texto_recomendacao"":"""",""texto_constatacao_nao"":""A unidade não possui sinalização de 'Entrada Proibida'"",""texto_constatacao_sim"":""A unidade possui sinalização de 'Entrada Proibida'""},{""id"":""e7a7caf4-1402-440a-b5a4-c5c7619543e8"",""ativo"":true,""ordem"":20,""gera_nc"":true,""pergunta"":""A lavagem dos filtros é feita seguindo critérios técnicos?"",""texto_nc"":""30"",""is_sample"":false,""created_at"":""2026-03-19T13:32:13.448149+00:00"",""created_by"":null,""prazo_dias"":30,""created_date"":""2026-03-19T13:32:13.448149+00:00"",""updated_date"":""2026-03-19T13:32:13.448149+00:00"",""created_by_id"":null,""artigo_portaria"":""art. 26, inciso VII da Portaria AGEMS nº 321/25"",""tipo_unidade_id"":""7d32fc39-4158-4c53-9e77-74fd7f1ddd1c"",""texto_determinacao"":""apresentar Instrução Normativa ou normativos específicos utilizados para definir prazos de lavagem dos filtros da ETA, para garantir a segurança hídrica e a qualidade da água de abastecimento"",""texto_recomendacao"":"""",""texto_constatacao_nao"":""A lavagem dos filtros não obede critérios operacionais e é realizada conforme determinação da equipe técnica"",""texto_constatacao_sim"":""A lavagem dos filtros obedece critérios operacionais e segue Instrução Normativa própria da Concessionária""},{""id"":""6e022967-6298-4043-a0b0-6dbb984385d0"",""ativo"":true,""ordem"":21,""gera_nc"":true,""pergunta"":""Os cilindros/tanques estão pesados/monitorados?"",""texto_nc"":""30"",""is_sample"":false,""created_at"":""2026-03-19T13:32:13.448149+00:00"",""created_by"":null,""prazo_dias"":30,""created_date"":""2026-03-19T13:32:13.448149+00:00"",""updated_date"":""2026-03-19T13:32:13.448149+00:00"",""created_by_id"":null,""artigo_portaria"":""art. 26, inciso VII da Portaria AGEMS nº 321/25"",""tipo_unidade_id"":""7d32fc39-4158-4c53-9e77-74fd7f1ddd1c"",""texto_determinacao"":""apresentar registros fotográficos, documentos comprobatórios ou Plano de Ação (se for o caso) para comprovar que há monitoramento dos cilindros ou tanques dos produtos químicos utilizados no tratamento"",""texto_recomendacao"":"""",""texto_constatacao_nao"":""Os cilindros de produtos químicos não são pesados ou não são monitorados."",""texto_constatacao_sim"":""Os cilindros de produtos químicos são pesados e monitorados""},{""id"":""48744ac2-0827-4ca9-bf7a-ba7a61380c4f"",""ativo"":true,""ordem"":22,""gera_nc"":true,""pergunta"":""Há sistema de reserva (backup) em caso de falha?"",""texto_nc"":""30"",""is_sample"":false,""created_at"":""2026-03-19T13:32:13.448149+00:00"",""created_by"":null,""prazo_dias"":30,""created_date"":""2026-03-19T13:32:13.448149+00:00"",""updated_date"":""2026-03-19T13:32:13.448149+00:00"",""created_by_id"":null,""artigo_portaria"":""art. 26, inciso VII da Portaria AGEMS nº 321/25"",""tipo_unidade_id"":""7d32fc39-4158-4c53-9e77-74fd7f1ddd1c"",""texto_determinacao"":""apresentar instruções de trabalho, registros de atividades ou documento similar que comprove que o sistema possui planos de ação para a operação em caso de falhas"",""texto_recomendacao"":"""",""texto_constatacao_nao"":""Não há sistema de backup em caso de falha dos equipamentos eletrônicos"",""texto_constatacao_sim"":""Há sistema de reserva ou backup em caso de falha dos equipamentos eletrônicos""},{""id"":""2485085f-e0fa-48f6-a476-a73e71e4551a"",""ativo"":true,""ordem"":23,""gera_nc"":true,""pergunta"":""O reservatório de contato garante o tempo mínimo para a desinfecção antes da distribuição?"",""texto_nc"":""30"",""is_sample"":false,""created_at"":""2026-03-19T13:32:13.448149+00:00"",""created_by"":null,""prazo_dias"":30,""created_date"":""2026-03-19T13:32:13.448149+00:00"",""updated_date"":""2026-03-19T13:32:13.448149+00:00"",""created_by_id"":null,""artigo_portaria"":""art. 26, inciso VII da Portaria AGEMS nº 321/25"",""tipo_unidade_id"":""7d32fc39-4158-4c53-9e77-74fd7f1ddd1c"",""texto_determinacao"":""apresentar solução técnica e Plano de Ação para implementar que seja assegurado o tempo mínimo necessário para desinfecção da água de abastecimento, garantindo a segurança hídrica do abastecimento"",""texto_recomendacao"":"""",""texto_constatacao_nao"":""O reservatório de contato não garante o tempo mínimo para a desinfecção antes da distribuição"",""texto_constatacao_sim"":""O reservatório de contato garante o tempo mínimo para a desinfecção antes da distribuição""},{""id"":""05730aba-e3b1-480e-b3e9-d0c90e504b29"",""ativo"":true,""ordem"":24,""gera_nc"":true,""pergunta"":""O operador realiza as análises físicas (Turbidez e Cor) com a frequência exigida?"",""texto_nc"":""30"",""is_sample"":false,""created_at"":""2026-03-19T13:32:13.448149+00:00"",""created_by"":null,""prazo_dias"":30,""created_date"":""2026-03-19T13:32:13.448149+00:00"",""updated_date"":""2026-03-19T13:32:13.448149+00:00"",""created_by_id"":null,""artigo_portaria"":""art. 26, inciso VII da Portaria AGEMS nº 321/25"",""tipo_unidade_id"":""7d32fc39-4158-4c53-9e77-74fd7f1ddd1c"",""texto_determinacao"":""apresentar solução técnica para implementar análises físicas periódicas"",""texto_recomendacao"":"""",""texto_constatacao_nao"":""O operador não realiza análises físicas periódicas"",""texto_constatacao_sim"":""O operador realiza análises físicas periódicas""},{""id"":""30d3d056-6955-4834-90ca-281f66ff219b"",""ativo"":true,""ordem"":25,""gera_nc"":true,""pergunta"":""O operador realiza as análises químicas (pH e Cloro) com a frequência exigida?"",""texto_nc"":""30"",""is_sample"":false,""created_at"":""2026-03-19T13:32:13.448149+00:00"",""created_by"":null,""prazo_dias"":30,""created_date"":""2026-03-19T13:32:13.448149+00:00"",""updated_date"":""2026-03-19T13:32:13.448149+00:00"",""created_by_id"":null,""artigo_portaria"":""art. 26, inciso VII da Portaria AGEMS nº 321/25"",""tipo_unidade_id"":""7d32fc39-4158-4c53-9e77-74fd7f1ddd1c"",""texto_determinacao"":""apresentar solução técnica para implementar análises químicas periódicas"",""texto_recomendacao"":"""",""texto_constatacao_nao"":""O operador não realiza análises químicas periódicas"",""texto_constatacao_sim"":""O operador realiza análises químicas periódicas""},{""id"":""5aa24820-c008-4f2f-b336-e77143bdba5c"",""ativo"":true,""ordem"":26,""gera_nc"":true,""pergunta"":""Os registros estão no livro de bordo?"",""texto_nc"":""30"",""is_sample"":false,""created_at"":""2026-03-19T13:32:13.448149+00:00"",""created_by"":null,""prazo_dias"":30,""created_date"":""2026-03-19T13:32:13.448149+00:00"",""updated_date"":""2026-03-19T13:32:13.448149+00:00"",""created_by_id"":null,""artigo_portaria"":""art. 26, inciso VII da Portaria AGEMS nº 321/25"",""tipo_unidade_id"":""7d32fc39-4158-4c53-9e77-74fd7f1ddd1c"",""texto_determinacao"":""Apresentar todos os registros no livro de bordo da ETA e comprovar com registros fotográficos ou documentos comprobatórios"",""texto_recomendacao"":"""",""texto_constatacao_nao"":""Os registros não estão no livro de bordo da ETA"",""texto_constatacao_sim"":""Todos os registros estão no livro de bordo da ETA""},{""id"":""7cc93207-d490-4c1a-b592-05c34306f7a8"",""ativo"":true,""ordem"":27,""gera_nc"":true,""pergunta"":""Os colorímetros estão operacionais e calibrados?"",""texto_nc"":""30"",""is_sample"":false,""created_at"":""2026-03-19T13:32:13.448149+00:00"",""created_by"":null,""prazo_dias"":30,""created_date"":""2026-03-19T13:32:13.448149+00:00"",""updated_date"":""2026-03-19T13:32:13.448149+00:00"",""created_by_id"":null,""artigo_portaria"":""art. 24, inciso VI da Portaria AGEMS nº 321/25"",""tipo_unidade_id"":""7d32fc39-4158-4c53-9e77-74fd7f1ddd1c"",""texto_determinacao"":""apresentar comprovantes de calibração ou manutenção dos colorímetros"",""texto_recomendacao"":"""",""texto_constatacao_nao"":""Os colorímetros não estão em operação ou calibrados"",""texto_constatacao_sim"":""Os colorímetros estão em pleno funcionamento""},{""id"":""4365313e-6b0c-495e-91e4-c93626b0788f"",""ativo"":true,""ordem"":28,""gera_nc"":true,""pergunta"":""Os turbidímetros estão operacionais e calibrados?"",""texto_nc"":""30"",""is_sample"":false,""created_at"":""2026-03-19T13:32:13.448149+00:00"",""created_by"":null,""prazo_dias"":30,""created_date"":""2026-03-19T13:32:13.448149+00:00"",""updated_date"":""2026-03-19T13:32:13.448149+00:00"",""created_by_id"":null,""artigo_portaria"":""art. 24, inciso VI da Portaria AGEMS nº 321/25"",""tipo_unidade_id"":""7d32fc39-4158-4c53-9e77-74fd7f1ddd1c"",""texto_determinacao"":""apresentar comprovantes de calibração ou manutenção dos turbidímetros"",""texto_recomendacao"":"""",""texto_constatacao_nao"":""Os turbidímetros não estão em operação ou calibrados"",""texto_constatacao_sim"":""Os turbidímetros estão em pleno funcionamento""},{""id"":""cc763714-2c2c-4d6f-9ba5-0cabf96aaf4c"",""ativo"":true,""ordem"":29,""gera_nc"":true,""pergunta"":""Os produtos químicos possuem Ficha de Segurança (FISPQ)?"",""texto_nc"":""30"",""is_sample"":false,""created_at"":""2026-03-19T13:32:13.448149+00:00"",""created_by"":null,""prazo_dias"":30,""created_date"":""2026-03-19T13:32:13.448149+00:00"",""updated_date"":""2026-03-19T13:32:13.448149+00:00"",""created_by_id"":null,""artigo_portaria"":""art. 26, inciso VII da Portaria AGEMS nº 321/25"",""tipo_unidade_id"":""7d32fc39-4158-4c53-9e77-74fd7f1ddd1c"",""texto_determinacao"":""apresentar Ficha de Dados de Segurança em conformidade com a ABNT NBR 14725:2023"",""texto_recomendacao"":"""",""texto_constatacao_nao"":""Os produtos químicos não possuem Ficha de Dados de Segurança (FDS/FISPQ)"",""texto_constatacao_sim"":""Os produtos químicos possuem Ficha de Dados de Segurança (FDS/FISPQ)""},{""id"":""fe3894f7-6ba7-4f03-9f6f-c9eafe138d14"",""ativo"":true,""ordem"":30,""gera_nc"":true,""pergunta"":""Há bacias de contenção para evitar contaminação do solo?"",""texto_nc"":""30"",""is_sample"":false,""created_at"":""2026-03-19T13:32:13.448149+00:00"",""created_by"":null,""prazo_dias"":30,""created_date"":""2026-03-19T13:32:13.448149+00:00"",""updated_date"":""2026-03-19T13:32:13.448149+00:00"",""created_by_id"":null,""artigo_portaria"":""art. 26, inciso VII da Portaria AGEMS nº 321/25"",""tipo_unidade_id"":""7d32fc39-4158-4c53-9e77-74fd7f1ddd1c"",""texto_determinacao"":""apresentar Plano de Ação para implantar Bacia de Contenção nas áreas de armazenamento de produtos químicos visando a proteção do solo contra contaminação"",""texto_recomendacao"":"""",""texto_constatacao_nao"":""Não há bacias de contenção para evitar contaminação do solo"",""texto_constatacao_sim"":""Há bacias de contenção para evitar contaminação do solo""},{""id"":""3d7432ba-e0e2-486c-b290-0d5a77547b65"",""ativo"":true,""ordem"":31,""gera_nc"":true,""pergunta"":""As unidades abertas possuem proteção contra queda de animais/folhagens?"",""texto_nc"":""30"",""is_sample"":false,""created_at"":""2026-03-19T13:32:13.448149+00:00"",""created_by"":null,""prazo_dias"":30,""created_date"":""2026-03-19T13:32:13.448149+00:00"",""updated_date"":""2026-03-19T13:32:13.448149+00:00"",""created_by_id"":null,""artigo_portaria"":""art. 24, inciso VII da Portaria AGEMS nº 321/25"",""tipo_unidade_id"":""7d32fc39-4158-4c53-9e77-74fd7f1ddd1c"",""texto_determinacao"":""apresentar registros fotográficos de que houve implantação de proteção adequada para evitar que animais e/ou folhagens caiam dentro do sistema de tratamento de água"",""texto_recomendacao"":"""",""texto_constatacao_nao"":""Não há proteção adequada  contra queda de animais e folhagens"",""texto_constatacao_sim"":""Há proteção adequada conta queda de animais e folhagens""},{""id"":""4f2e32ba-1701-40af-8f3c-ba623fb26eed"",""ativo"":true,""ordem"":32,""gera_nc"":true,""pergunta"":""A ETA possui iluminação adequada para operações noturnas?"",""texto_nc"":""30"",""is_sample"":false,""created_at"":""2026-03-19T13:32:13.448149+00:00"",""created_by"":null,""prazo_dias"":30,""created_date"":""2026-03-19T13:32:13.448149+00:00"",""updated_date"":""2026-03-19T13:32:13.448149+00:00"",""created_by_id"":null,""artigo_portaria"":""art. 24, inciso VI da Portaria AGEMS nº 321/25"",""tipo_unidade_id"":""7d32fc39-4158-4c53-9e77-74fd7f1ddd1c"",""texto_determinacao"":""realizar a implantação de iluminação para trabalhos noturnos"",""texto_recomendacao"":"""",""texto_constatacao_nao"":""A ETA não possui iluminação adequada para operações noturnas"",""texto_constatacao_sim"":""A ETA possui iluminação adequada para operações noturnas""},{""id"":""9824d5b7-c53e-434e-9d13-c9b9b1e3277f"",""ativo"":true,""ordem"":33,""gera_nc"":true,""pergunta"":""A ETA possui iluminação/equipamentos para situações de emergência?"",""texto_nc"":""30"",""is_sample"":false,""created_at"":""2026-03-19T13:32:13.448149+00:00"",""created_by"":null,""prazo_dias"":30,""created_date"":""2026-03-19T13:32:13.448149+00:00"",""updated_date"":""2026-03-19T13:32:13.448149+00:00"",""created_by_id"":null,""artigo_portaria"":""art. 24, inciso VI da Portaria AGEMS nº 321/25"",""tipo_unidade_id"":""7d32fc39-4158-4c53-9e77-74fd7f1ddd1c"",""texto_determinacao"":""realizar a implantação de iluminação/equipamentos para situações emergenciais"",""texto_recomendacao"":"""",""texto_constatacao_nao"":""A ETA não possui iluminação/equipamentos para emergências"",""texto_constatacao_sim"":""A ETA possui iluminação/equipamentos para emergências""},{""id"":""06da0754-b66d-456b-a2ad-26a50c131c71"",""ativo"":true,""ordem"":1,""gera_nc"":true,""pergunta"":""A unidade possui identificação externa (ID) adequada?"",""texto_nc"":""30"",""is_sample"":false,""created_at"":""2026-03-19T13:32:17.682754+00:00"",""created_by"":null,""prazo_dias"":30,""created_date"":""2026-03-19T13:32:17.682754+00:00"",""updated_date"":""2026-03-19T13:32:17.682754+00:00"",""created_by_id"":null,""artigo_portaria"":""art. 24, inciso VII da Portaria AGEMS nº 321/25"",""tipo_unidade_id"":""3b62db96-dedc-4886-b591-f73ccff0a686"",""texto_determinacao"":""apresentar registros fotográficos de que a unidade possui identificação externa adequada"",""texto_recomendacao"":"""",""texto_constatacao_nao"":""A unidade não possui identificação externa adequada"",""texto_constatacao_sim"":""A unidade possui identificação externa adequada""},{""id"":""0a1a00ba-0fb7-4aae-99b6-b66f1eb9bdf8"",""ativo"":true,""ordem"":2,""gera_nc"":true,""pergunta"":""A unidade possui cercamento (alambrado/muros) garantindo a segurança?"",""texto_nc"":""30"",""is_sample"":false,""created_at"":""2026-03-19T13:32:17.682754+00:00"",""created_by"":null,""prazo_dias"":30,""created_date"":""2026-03-19T13:32:17.682754+00:00"",""updated_date"":""2026-03-19T13:32:17.682754+00:00"",""created_by_id"":null,""artigo_portaria"":""art. 24, inciso VII da Portaria AGEMS nº 321/25"",""tipo_unidade_id"":""3b62db96-dedc-4886-b591-f73ccff0a686"",""texto_determinacao"":""apresentar registros fotográficos de que foi instalado cercamento com Alambrado, Muros ou materiais equivalentes"",""texto_recomendacao"":"""",""texto_constatacao_nao"":""A unidade não possui cercamento adequado"",""texto_constatacao_sim"":""A unidade possui cercamento adequado""},{""id"":""fc977922-6883-40f3-b1e0-c418a9c18318"",""ativo"":true,""ordem"":3,""gera_nc"":true,""pergunta"":""Os portões possuem cadeados e garantem a segurança?"",""texto_nc"":""30"",""is_sample"":false,""created_at"":""2026-03-19T13:32:17.682754+00:00"",""created_by"":null,""prazo_dias"":30,""created_date"":""2026-03-19T13:32:17.682754+00:00"",""updated_date"":""2026-03-19T13:32:17.682754+00:00"",""created_by_id"":null,""artigo_portaria"":""art. 24, inciso VII da Portaria AGEMS nº 321/25"",""tipo_unidade_id"":""3b62db96-dedc-4886-b591-f73ccff0a686"",""texto_determinacao"":""apresentar registros fotográficos de que foram instalados cadeados nos portões"",""texto_recomendacao"":"""",""texto_constatacao_nao"":""Os portões não possuem cadeados"",""texto_constatacao_sim"":""Os portões possuem cadeados""},{""id"":""dd557d18-b80d-4f29-bec4-3b6aa5ab6da2"",""ativo"":true,""ordem"":5,""gera_nc"":true,""pergunta"":""O entorno das unidades está roçado e livre de entulhos?"",""texto_nc"":""30"",""is_sample"":false,""created_at"":""2026-03-19T13:32:17.682754+00:00"",""created_by"":null,""prazo_dias"":30,""created_date"":""2026-03-19T13:32:17.682754+00:00"",""updated_date"":""2026-03-19T13:32:17.682754+00:00"",""created_by_id"":null,""artigo_portaria"":""art. 24, inciso VII da Portaria AGEMS nº 321/25"",""tipo_unidade_id"":""3b62db96-dedc-4886-b591-f73ccff0a686"",""texto_determinacao"":""apresentar registros fotográficos de que o entorno das unidades está roçado e livre de entulhos"",""texto_recomendacao"":"""",""texto_constatacao_nao"":""O entorno das unidades não está roçado ou possui entulhos"",""texto_constatacao_sim"":""O entorno das unidades está roçado e livre de entulhos""},{""id"":""40b6eb3e-ad7f-4c21-83ea-5bf7b8540d12"",""ativo"":true,""ordem"":6,""gera_nc"":true,""pergunta"":""O entorno das unidades está livre de vazamentos aparentes?"",""texto_nc"":""30"",""is_sample"":false,""created_at"":""2026-03-19T13:32:17.682754+00:00"",""created_by"":null,""prazo_dias"":30,""created_date"":""2026-03-19T13:32:17.682754+00:00"",""updated_date"":""2026-03-19T13:32:17.682754+00:00"",""created_by_id"":null,""artigo_portaria"":""art. 24, inciso VII da Portaria AGEMS nº 321/25"",""tipo_unidade_id"":""3b62db96-dedc-4886-b591-f73ccff0a686"",""texto_determinacao"":""apresentar registros fotográficos de que foram sanados os vazamentos aparentes"",""texto_recomendacao"":"""",""texto_constatacao_nao"":""Há vazamentos aparentes no entorno das unidades"",""texto_constatacao_sim"":""O entorno das unidades está livre de vazamentos aparentes""},{""id"":""1b6bd585-54b3-4fe8-bc0e-b6102c19cb59"",""ativo"":true,""ordem"":7,""gera_nc"":true,""pergunta"":""O gradeamento está limpo e opera de maneira adequada?"",""texto_nc"":""30"",""is_sample"":false,""created_at"":""2026-03-19T13:32:17.682754+00:00"",""created_by"":null,""prazo_dias"":30,""created_date"":""2026-03-19T13:32:17.682754+00:00"",""updated_date"":""2026-03-19T13:32:17.682754+00:00"",""created_by_id"":null,""artigo_portaria"":""art. 26, inciso VII da Portaria AGEMS nº 321/25"",""tipo_unidade_id"":""3b62db96-dedc-4886-b591-f73ccff0a686"",""texto_determinacao"":""apresentar registros fotográficos comprovando que o gradeamento e o desarenador estão operando de forma adequada, sem acúmulo de sedimentos que comprometem o fluxo"",""texto_recomendacao"":"""",""texto_constatacao_nao"":""Há acúmulo de sólidos no gradeamento, comprometendo o fluxo"",""texto_constatacao_sim"":""O gradeamento está limpo e opera de maneira adequada""},{""id"":""0d939d2b-fa34-4fed-abe8-7c16c605fb5b"",""ativo"":true,""ordem"":8,""gera_nc"":true,""pergunta"":""O desarenador está limpo e opera de maneira adequada?"",""texto_nc"":""30"",""is_sample"":false,""created_at"":""2026-03-19T13:32:17.682754+00:00"",""created_by"":null,""prazo_dias"":30,""created_date"":""2026-03-19T13:32:17.682754+00:00"",""updated_date"":""2026-03-19T13:32:17.682754+00:00"",""created_by_id"":null,""artigo_portaria"":""art. 26, inciso VII da Portaria AGEMS nº 321/25"",""tipo_unidade_id"":""3b62db96-dedc-4886-b591-f73ccff0a686"",""texto_determinacao"":""apresentar registros fotográficos comprovando que o gradeamento e o desarenador estão operando de forma adequada, sem acúmulo de sedimentos que comprometem o fluxo"",""texto_recomendacao"":"""",""texto_constatacao_nao"":""Há acúmulo de sólidos no desarenador, comprometendo o fluxo"",""texto_constatacao_sim"":""O desarenador está limpo e opera de maneira adequada""},{""id"":""92b8518a-7014-4bb4-b082-d24aed3f2edb"",""ativo"":true,""ordem"":9,""gera_nc"":true,""pergunta"":""O medidor (Calha Parshall ou eletromagnético) está operacional e com leitura atualizada?"",""texto_nc"":""30"",""is_sample"":false,""created_at"":""2026-03-19T13:32:17.682754+00:00"",""created_by"":null,""prazo_dias"":30,""created_date"":""2026-03-19T13:32:17.682754+00:00"",""updated_date"":""2026-03-19T13:32:17.682754+00:00"",""created_by_id"":null,""artigo_portaria"":""art. 26, inciso VII da Portaria AGEMS nº 321/25"",""tipo_unidade_id"":""3b62db96-dedc-4886-b591-f73ccff0a686"",""texto_determinacao"":""apresentar registros fotográficos e documentos que comprovem que o medidor de vazão está operando de forma adequada, com leitura atualizada e que houve manutenção adequada"",""texto_recomendacao"":"""",""texto_constatacao_nao"":""O medidor de vazão não está operando de forma adequada ou não apresenta leitura atualizada"",""texto_constatacao_sim"":""O medidor de vazão está operacional e com leitura atualizada""},{""id"":""662ab21c-473a-4bc0-8bc5-89d81b3c2cc9"",""ativo"":true,""ordem"":10,""gera_nc"":true,""pergunta"":""O perímetro da ETE está livre de exalação de odores fortes?"",""texto_nc"":""30"",""is_sample"":false,""created_at"":""2026-03-19T13:32:17.682754+00:00"",""created_by"":null,""prazo_dias"":30,""created_date"":""2026-03-19T13:32:17.682754+00:00"",""updated_date"":""2026-03-19T13:32:17.682754+00:00"",""created_by_id"":null,""artigo_portaria"":""art. 26, inciso VII da Portaria AGEMS nº 321/25"",""tipo_unidade_id"":""3b62db96-dedc-4886-b591-f73ccff0a686"",""texto_determinacao"":""apresentar Plano de ação e justificar cada item do Plano a fim de mitigar os odores originados pela EEE"",""texto_recomendacao"":"""",""texto_constatacao_nao"":""Há evidências de exalação excessiva de odores ou reclamações da vizinhança"",""texto_constatacao_sim"":""Não há evidências de exalação excessiva de odores ou reclamações da vizinhança""},{""id"":""fb0f2c87-a0b3-40bb-892e-796ec2155a3b"",""ativo"":true,""ordem"":11,""gera_nc"":true,""pergunta"":""Existem barreiras vegetais ou sistemas de neutralização?"",""texto_nc"":""30"",""is_sample"":false,""created_at"":""2026-03-19T13:32:17.682754+00:00"",""created_by"":null,""prazo_dias"":30,""created_date"":""2026-03-19T13:32:17.682754+00:00"",""updated_date"":""2026-03-19T13:32:17.682754+00:00"",""created_by_id"":null,""artigo_portaria"":""art. 26, inciso VII da Portaria AGEMS nº 321/25"",""tipo_unidade_id"":""3b62db96-dedc-4886-b591-f73ccff0a686"",""texto_determinacao"":""apresentar Cronograma para implantação da barreira vegetal como sistema de neutralização de odores, conforme licença ambiental de operação da unidade"",""texto_recomendacao"":"""",""texto_constatacao_nao"":""Não há barreiras vegetais (cobertura arbórea) para o sistema de neutralização de odores"",""texto_constatacao_sim"":""Há barreiras vegetais (cobertura arbórea) para o sistema de neutralização de odores""},{""id"":""2f29ed87-c4e5-415c-b558-f9a4493a1cef"",""ativo"":true,""ordem"":12,""gera_nc"":true,""pergunta"":""O material do gradeamento é armazenado adequadamente (caçambas cobertas) até a destinação?"",""texto_nc"":""30"",""is_sample"":false,""created_at"":""2026-03-19T13:32:17.682754+00:00"",""created_by"":null,""prazo_dias"":30,""created_date"":""2026-03-19T13:32:17.682754+00:00"",""updated_date"":""2026-03-19T13:32:17.682754+00:00"",""created_by_id"":null,""artigo_portaria"":""art. 26, inciso VII da Portaria AGEMS nº 321/25"",""tipo_unidade_id"":""3b62db96-dedc-4886-b591-f73ccff0a686"",""texto_determinacao"":""apresentar Plano de Ação para armazenar os rejeitos do gradeamento de forma adequada"",""texto_recomendacao"":"""",""texto_constatacao_nao"":""O material do gradeamento não é armazenado de maneira adequada"",""texto_constatacao_sim"":""O material do gradeamento é armazenado de forma ambientalmente adequada""},{""id"":""b90808ca-4e84-444a-b3ac-61e003535704"",""ativo"":true,""ordem"":13,""gera_nc"":true,""pergunta"":""O lodo seco é armazenado adequadamente (caçambas cobertas/locais apropriados) até a destinação?"",""texto_nc"":""30"",""is_sample"":false,""created_at"":""2026-03-19T13:32:17.682754+00:00"",""created_by"":null,""prazo_dias"":30,""created_date"":""2026-03-19T13:32:17.682754+00:00"",""updated_date"":""2026-03-19T13:32:17.682754+00:00"",""created_by_id"":null,""artigo_portaria"":""art. 26, inciso VII da Portaria AGEMS nº 321/25"",""tipo_unidade_id"":""3b62db96-dedc-4886-b591-f73ccff0a686"",""texto_determinacao"":""apresentar Plano de Ação para armazenar o lodo seco de forma adequada"",""texto_recomendacao"":"""",""texto_constatacao_nao"":""O lodo seco não é armazenado de maneira adequada"",""texto_constatacao_sim"":""O lodo seco é armazenado de forma ambientalmente adequada""},{""id"":""8467c9cf-2efe-424c-aa58-65f516d47e5a"",""ativo"":true,""ordem"":14,""gera_nc"":true,""pergunta"":""Há presença e uso de EPIs específicos para risco biológico e gases (H2S)?"",""texto_nc"":""30"",""is_sample"":false,""created_at"":""2026-03-19T13:32:17.682754+00:00"",""created_by"":null,""prazo_dias"":30,""created_date"":""2026-03-19T13:32:17.682754+00:00"",""updated_date"":""2026-03-19T13:32:17.682754+00:00"",""created_by_id"":null,""artigo_portaria"":""art. 24, inciso VI da Portaria AGEMS nº 321/25"",""tipo_unidade_id"":""3b62db96-dedc-4886-b591-f73ccff0a686"",""texto_determinacao"":""apresentar registros fotográficos ou documentos que comprovem que foi implementado o uso de EPIs ou EPCs pela equipe operacional"",""texto_recomendacao"":"""",""texto_constatacao_nao"":""Não há presença e uso de EPIs específicos para risco biológico e gases (H2S)"",""texto_constatacao_sim"":""Há presença e uso de EPIs específicos para risco biológico e gases (H2S)""},{""id"":""e680c3da-90ad-44b4-b5dc-26ffedb129fa"",""ativo"":true,""ordem"":15,""gera_nc"":true,""pergunta"":""O efluente final apresenta aspecto visual adequado (sem sólidos visíveis ou óleos)?"",""texto_nc"":""30"",""is_sample"":false,""created_at"":""2026-03-19T13:32:17.682754+00:00"",""created_by"":null,""prazo_dias"":30,""created_date"":""2026-03-19T13:32:17.682754+00:00"",""updated_date"":""2026-03-19T13:32:17.682754+00:00"",""created_by_id"":null,""artigo_portaria"":""art. 26, inciso VII da Portaria AGEMS nº 321/25"",""tipo_unidade_id"":""3b62db96-dedc-4886-b591-f73ccff0a686"",""texto_determinacao"":""apresentar Plano de Ação e justificar cada escolha do Plano a fim de evitar a presença de sólidos ou óleos visíveis na saída da ETE (efluente tratado)"",""texto_recomendacao"":"""",""texto_constatacao_nao"":""O efluente final não apresenta um aspecto visual adequado"",""texto_constatacao_sim"":""O efluente final apresenta aspecto visual adequado""},{""id"":""24f26db8-94df-4e73-96fa-7fe998d992e9"",""ativo"":true,""ordem"":16,""gera_nc"":true,""pergunta"":""Os leitos de secagem ou centrífugas estão em operação?"",""texto_nc"":""30"",""is_sample"":false,""created_at"":""2026-03-19T13:32:17.682754+00:00"",""created_by"":null,""prazo_dias"":30,""created_date"":""2026-03-19T13:32:17.682754+00:00"",""updated_date"":""2026-03-19T13:32:17.682754+00:00"",""created_by_id"":null,""artigo_portaria"":""art. 26, inciso VII da Portaria AGEMS nº 321/25"",""tipo_unidade_id"":""3b62db96-dedc-4886-b591-f73ccff0a686"",""texto_determinacao"":""apresentar registros fotográficos que comprovem que os leitos de secagem estão operando de forma adequada"",""texto_recomendacao"":"""",""texto_constatacao_nao"":""Os leitos de secagem (ou centrífuga) não estão em operação"",""texto_constatacao_sim"":""Os leitos de secagem (ou centrífugas) estão em operação de forma adequada""},{""id"":""9d0e2e5c-3f40-4c4e-acfd-95d07eddb8b3"",""ativo"":true,""ordem"":17,""gera_nc"":true,""pergunta"":""O local está livre de acúmulo excessivo de lodo seco aguardando descarte?"",""texto_nc"":""30"",""is_sample"":false,""created_at"":""2026-03-19T13:32:17.682754+00:00"",""created_by"":null,""prazo_dias"":30,""created_date"":""2026-03-19T13:32:17.682754+00:00"",""updated_date"":""2026-03-19T13:32:17.682754+00:00"",""created_by_id"":null,""artigo_portaria"":""art. 24, inciso VI da Portaria AGEMS nº 321/25"",""tipo_unidade_id"":""3b62db96-dedc-4886-b591-f73ccff0a686"",""texto_determinacao"":""apresentar cronograma mensal de retirada de lodo da ETE por empresa especializada"",""texto_recomendacao"":"""",""texto_constatacao_nao"":""Há acúmulo excessivo de lodo seco aguardando descarte"",""texto_constatacao_sim"":""Não há acúmulo excessivo de lodo seco aguardando descarte""},{""id"":""1889eae1-814a-4b3e-89fe-ed319e944d84"",""ativo"":true,""ordem"":18,""gera_nc"":true,""pergunta"":""O reator UASB está estanque, livre de vazamentos ou infiltrações?"",""texto_nc"":""30"",""is_sample"":false,""created_at"":""2026-03-19T13:32:17.682754+00:00"",""created_by"":null,""prazo_dias"":30,""created_date"":""2026-03-19T13:32:17.682754+00:00"",""updated_date"":""2026-03-19T13:32:17.682754+00:00"",""created_by_id"":null,""artigo_portaria"":""art. 26, inciso VII da Portaria AGEMS nº 321/25"",""tipo_unidade_id"":""3b62db96-dedc-4886-b591-f73ccff0a686"",""texto_determinacao"":""apresentar Plano de Ação das ações a serem realizadas no reator UASB que garantam a estanqueidade e a operacionalidade do sistema de tratamento de esgoto do município"",""texto_recomendacao"":"""",""texto_constatacao_nao"":""O reator UASB possui vazamento ou infiltração"",""texto_constatacao_sim"":""O reator UASB não possui vazamento ou infiltração""},{""id"":""fbba5b77-75a9-4d58-8446-78aa211c3313"",""ativo"":true,""ordem"":19,""gera_nc"":true,""pergunta"":""Os vertedouros centrais estão em bom estado de conservação e limpeza?"",""texto_nc"":""30"",""is_sample"":false,""created_at"":""2026-03-19T13:32:17.682754+00:00"",""created_by"":null,""prazo_dias"":30,""created_date"":""2026-03-19T13:32:17.682754+00:00"",""updated_date"":""2026-03-19T13:32:17.682754+00:00"",""created_by_id"":null,""artigo_portaria"":""art. 24, inciso VII da Portaria AGEMS nº 321/25"",""tipo_unidade_id"":""3b62db96-dedc-4886-b591-f73ccff0a686"",""texto_determinacao"":""apresentar registros fotográficos de limpeza do reator bem como implantar Procedimento Operacional Padrão para as manutenções preventivas obrigatórias"",""texto_recomendacao"":"""",""texto_constatacao_nao"":""Os vertedouros centrais do reator UASB estão obstruídos, necessitando de manutenção"",""texto_constatacao_sim"":""Os vertedouros centrais do reator UASB estão em bom estado de conservação e limpeza""},{""id"":""85848658-0a60-46d5-84ca-93cdca42aa42"",""ativo"":true,""ordem"":20,""gera_nc"":true,""pergunta"":""A superfície do reator está livre de acúmulo excessivo de escuma?"",""texto_nc"":""30"",""is_sample"":false,""created_at"":""2026-03-19T13:32:17.682754+00:00"",""created_by"":null,""prazo_dias"":30,""created_date"":""2026-03-19T13:32:17.682754+00:00"",""updated_date"":""2026-03-19T13:32:17.682754+00:00"",""created_by_id"":null,""artigo_portaria"":""art. 24, inciso VII da Portaria AGEMS nº 321/25"",""tipo_unidade_id"":""3b62db96-dedc-4886-b591-f73ccff0a686"",""texto_determinacao"":""apresentar registros fotográficos de limpeza e retirada do excesso de escuma do reator UASB"",""texto_recomendacao"":"""",""texto_constatacao_nao"":""Há acúmulo excessivo de escuma"",""texto_constatacao_sim"":""Não há acúmulo excessivo de escuma""},{""id"":""f3d53b8d-9514-4c5c-a8d1-c8032ccc46c6"",""ativo"":true,""ordem"":2,""gera_nc"":true,""pergunta"":""Qual a data de desativação/encerramento da área? [Informativa]"",""texto_nc"":""30"",""is_sample"":false,""created_at"":""2026-02-24T12:54:56.548496+00:00"",""created_by"":null,""prazo_dias"":30,""created_date"":""2026-02-24T12:54:56.548496+00:00"",""updated_date"":""2026-02-24T12:54:56.548496+00:00"",""created_by_id"":null,""artigo_portaria"":"""",""tipo_unidade_id"":""aaee2295-92c3-457d-841d-fb3a3983bf5b"",""texto_determinacao"":"""",""texto_recomendacao"":"""",""texto_constatacao_nao"":"""",""texto_constatacao_sim"":""A data de desativação XXXX""},{""id"":""755eda0f-4931-487b-9744-794081857b88"",""ativo"":true,""ordem"":21,""gera_nc"":true,""pergunta"":""As tampas do reator UASB estão estanques (livres de vazamento de gás ou efluente)?"",""texto_nc"":""30"",""is_sample"":false,""created_at"":""2026-03-19T13:32:17.682754+00:00"",""created_by"":null,""prazo_dias"":30,""created_date"":""2026-03-19T13:32:17.682754+00:00"",""updated_date"":""2026-03-19T13:32:17.682754+00:00"",""created_by_id"":null,""artigo_portaria"":""art. 24, inciso VII da Portaria AGEMS nº 321/25"",""tipo_unidade_id"":""3b62db96-dedc-4886-b591-f73ccff0a686"",""texto_determinacao"":""apresentar registros fotográficos e ordem de serviço ou documento similar de que foi realizado manutenção no sistema, eliminando extravasamentos ou vazamentos de gás"",""texto_recomendacao"":"""",""texto_constatacao_nao"":""Há vazamento aparente de gás ou de efluentes pelas tampas"",""texto_constatacao_sim"":""Não há vazamento aparente de gás ou de efluentes pelas tampas""},{""id"":""ae4ed58d-ed60-446f-824c-fb15bf9af324"",""ativo"":true,""ordem"":15,""gera_nc"":true,""pergunta"":""A coleta é executada 7 vezes por semana (frequência geral)?"",""texto_nc"":""30"",""is_sample"":false,""created_at"":""2026-02-24T12:55:24.647982+00:00"",""created_by"":null,""prazo_dias"":30,""created_date"":""2026-02-24T12:55:24.647982+00:00"",""updated_date"":""2026-02-24T12:55:24.647982+00:00"",""created_by_id"":null,""artigo_portaria"":"""",""tipo_unidade_id"":""731e5638-ee60-4a08-82be-b5e7c1eddfd8"",""texto_determinacao"":"""",""texto_recomendacao"":"""",""texto_constatacao_nao"":"""",""texto_constatacao_sim"":""A coleta é executada 7 vezes por semana""},{""id"":""a2c56aa5-ed7d-4ec7-8f01-080033d15b0b"",""ativo"":true,""ordem"":22,""gera_nc"":true,""pergunta"":""O biogás está sendo queimado com o queimador aceso, principalmente em horários de pico?"",""texto_nc"":""30"",""is_sample"":false,""created_at"":""2026-03-19T13:32:17.682754+00:00"",""created_by"":null,""prazo_dias"":30,""created_date"":""2026-03-19T13:32:17.682754+00:00"",""updated_date"":""2026-03-19T13:32:17.682754+00:00"",""created_by_id"":null,""artigo_portaria"":""art. 24, inciso VII da Portaria AGEMS nº 321/25"",""tipo_unidade_id"":""3b62db96-dedc-4886-b591-f73ccff0a686"",""texto_determinacao"":""apresentar Plano de Ação para manutenção do queimador do Sistema de Coleta de Gases, favorecendo a eliminação dos gases do interior do reator UASB"",""texto_recomendacao"":"""",""texto_constatacao_nao"":""O biogás não está sendo queimado através do queimador e não opera de forma adequada"",""texto_constatacao_sim"":""O biogás é queimado através do queimador, tanto em horários de pico como em baixos volumes""},{""id"":""4f2d6d6a-757b-4ff4-93e3-dbe7e213a13e"",""ativo"":true,""ordem"":23,""gera_nc"":true,""pergunta"":""Os braços distribuidores ou bicos aspersores estão girando/aplicando o esgoto de forma uniforme sobre o meio filtrante?"",""texto_nc"":""30"",""is_sample"":false,""created_at"":""2026-03-19T13:32:17.682754+00:00"",""created_by"":null,""prazo_dias"":30,""created_date"":""2026-03-19T13:32:17.682754+00:00"",""updated_date"":""2026-03-19T13:32:17.682754+00:00"",""created_by_id"":null,""artigo_portaria"":""art. 26, inciso VII da Portaria AGEMS nº 321/25"",""tipo_unidade_id"":""3b62db96-dedc-4886-b591-f73ccff0a686"",""texto_determinacao"":""apresentar Plano de Ação com etapas que visem a manutenção do Filtro Biológico Percolador; ao final do Plano, comprovar com registros fotográficos que os braços distribuidores estão firando de forma adequada e aplicando o efluente de forma uniforme sobre o meio filtrante"",""texto_recomendacao"":"""",""texto_constatacao_nao"":""Os braços distribuidores do Filtro FBP não operam de forma adequada e não aplicam o efluente de forma uniforme sobre o meio filtrante"",""texto_constatacao_sim"":""Os braços distribuidores do Filtro FBP estão girando de forma adequada e aplicando oe fluente de forma uniforme sobre o meio filtrante""},{""id"":""54499bd7-e61d-4a24-945e-4331d3b673e4"",""ativo"":true,""ordem"":24,""gera_nc"":true,""pergunta"":""O FBP está estanque, livre de vazamentos ou infiltrações?"",""texto_nc"":""30"",""is_sample"":false,""created_at"":""2026-03-19T13:32:17.682754+00:00"",""created_by"":null,""prazo_dias"":30,""created_date"":""2026-03-19T13:32:17.682754+00:00"",""updated_date"":""2026-03-19T13:32:17.682754+00:00"",""created_by_id"":null,""artigo_portaria"":""art. 26, inciso VII da Portaria AGEMS nº 321/25"",""tipo_unidade_id"":""3b62db96-dedc-4886-b591-f73ccff0a686"",""texto_determinacao"":""apresentar Plano de Ação com etapas que visem a estanqueidade do FBP, garantindo com que ele opere de forma adequada; ao final do Plano comprovar com registros fotográficos que o FBP não possui vazamento ou infiltração e está operando de forma adequada"",""texto_recomendacao"":"""",""texto_constatacao_nao"":""O FBP possui vazamento ou infiltração"",""texto_constatacao_sim"":""O FBP não possui vazamento ou infiltração""},{""id"":""a3d73292-cb1f-438f-b0a6-946652a30278"",""ativo"":true,""ordem"":25,""gera_nc"":true,""pergunta"":""A passagem da água sobre os vertedores do decantador está uniforme?"",""texto_nc"":""30"",""is_sample"":false,""created_at"":""2026-03-19T13:32:17.682754+00:00"",""created_by"":null,""prazo_dias"":30,""created_date"":""2026-03-19T13:32:17.682754+00:00"",""updated_date"":""2026-03-19T13:32:17.682754+00:00"",""created_by_id"":null,""artigo_portaria"":""art. 24, inciso VII da Portaria AGEMS nº 321/25"",""tipo_unidade_id"":""3b62db96-dedc-4886-b591-f73ccff0a686"",""texto_determinacao"":""apresentar registros fotográficos que comprove que a passagem do efluente sobre os vertedores do decantador está uniforme, sem a presença de sólidos visíveis"",""texto_recomendacao"":"""",""texto_constatacao_nao"":""A passagem do efluente sobre os vertedores do decantador não está uniforme ou de forma adequada"",""texto_constatacao_sim"":""A passagem do efluente sobre os vertedores do decantador está uniforme e de forma adequada""},{""id"":""331668ba-ca93-4364-95c6-3256a4e5bad6"",""ativo"":true,""ordem"":26,""gera_nc"":true,""pergunta"":""O efluente de saída do decantador está livre de arraste de sólidos (lodo)?"",""texto_nc"":""30"",""is_sample"":false,""created_at"":""2026-03-19T13:32:17.682754+00:00"",""created_by"":null,""prazo_dias"":30,""created_date"":""2026-03-19T13:32:17.682754+00:00"",""updated_date"":""2026-03-19T13:32:17.682754+00:00"",""created_by_id"":null,""artigo_portaria"":""art. 24, inciso VII da Portaria AGEMS nº 321/25"",""tipo_unidade_id"":""3b62db96-dedc-4886-b591-f73ccff0a686"",""texto_determinacao"":""apresentar registros fotográficos que comprove que não há arraste de sólidos visíveis para o corpo receptor após a saída do decantador"",""texto_recomendacao"":"""",""texto_constatacao_nao"":""Há arraste de sólidos visíveis"",""texto_constatacao_sim"":""Não há arraste de sólidos visíveis""},{""id"":""dccef8ed-90e4-4ad6-876f-8ae523f0c1a1"",""ativo"":true,""ordem"":27,""gera_nc"":true,""pergunta"":""O Decantador Secundário (DS) está estanque, livre de vazamentos ou infiltrações?"",""texto_nc"":""30"",""is_sample"":false,""created_at"":""2026-03-19T13:32:17.682754+00:00"",""created_by"":null,""prazo_dias"":30,""created_date"":""2026-03-19T13:32:17.682754+00:00"",""updated_date"":""2026-03-19T13:32:17.682754+00:00"",""created_by_id"":null,""artigo_portaria"":""art. 26, inciso VII da Portaria AGEMS nº 321/25"",""tipo_unidade_id"":""3b62db96-dedc-4886-b591-f73ccff0a686"",""texto_determinacao"":""apresentar Plano de Ação com etapas que visem a estanqueidade do Decantador Secundário, garantindo com que ele opere de forma adequada; ao final do Plano, comprovar com registros fotográficos que o DS não possui vazamento ou infiltração e está operando de forma adequada"",""texto_recomendacao"":"""",""texto_constatacao_nao"":""O decantador possui vazamento ou infiltração"",""texto_constatacao_sim"":""O decantador não possui vazamento ou infiltração""},{""id"":""a113e383-a4a7-4ee8-89cf-750ec6f86ceb"",""ativo"":true,""ordem"":28,""gera_nc"":true,""pergunta"":""Os taludes externos das lagoas  estão roçados?"",""texto_nc"":""30"",""is_sample"":false,""created_at"":""2026-03-19T13:32:17.682754+00:00"",""created_by"":null,""prazo_dias"":30,""created_date"":""2026-03-19T13:32:17.682754+00:00"",""updated_date"":""2026-03-19T13:32:17.682754+00:00"",""created_by_id"":null,""artigo_portaria"":""art. 24, inciso VII da Portaria AGEMS nº 321/25"",""tipo_unidade_id"":""3b62db96-dedc-4886-b591-f73ccff0a686"",""texto_determinacao"":""apresentar registros fotográficos que comprovem a retirada do excesso de vegetação dos taludes externos das lagoas"",""texto_recomendacao"":"""",""texto_constatacao_nao"":""Os taludes externos das lagoas não estão roçados, mantendo um excesso de vegetação e prejudicando a operação adequada do sistema"",""texto_constatacao_sim"":""Os taludes externos das lagoas estão roçados de forma adequada""},{""id"":""c1b5a2f9-2e0d-4d6e-8754-56a80ba3faf4"",""ativo"":true,""ordem"":29,""gera_nc"":true,""pergunta"":""As lagoas estão livres de vegetação aquática (macrófitas) excessiva?"",""texto_nc"":""30"",""is_sample"":false,""created_at"":""2026-03-19T13:32:17.682754+00:00"",""created_by"":null,""prazo_dias"":30,""created_date"":""2026-03-19T13:32:17.682754+00:00"",""updated_date"":""2026-03-19T13:32:17.682754+00:00"",""created_by_id"":null,""artigo_portaria"":""art. 24, inciso VII da Portaria AGEMS nº 321/25"",""tipo_unidade_id"":""3b62db96-dedc-4886-b591-f73ccff0a686"",""texto_determinacao"":""apresentar registros fotográficos que comprovem a retirada da vegetação aquática ou dos sobrenadantes nas lagoas"",""texto_recomendacao"":"""",""texto_constatacao_nao"":""Há presença de vegetação aquática excessiva"",""texto_constatacao_sim"":""Não há presença de vegetação aquática excessiva""},{""id"":""21f9849f-0605-4f76-ab8e-91e543f80cdf"",""ativo"":true,""ordem"":30,""gera_nc"":true,""pergunta"":""A lagoa facultativa apresenta coloração verde (indício de algas e boa oxigenação)?"",""texto_nc"":""30"",""is_sample"":false,""created_at"":""2026-03-19T13:32:17.682754+00:00"",""created_by"":null,""prazo_dias"":30,""created_date"":""2026-03-19T13:32:17.682754+00:00"",""updated_date"":""2026-03-19T13:32:17.682754+00:00"",""created_by_id"":null,""artigo_portaria"":""art. 24, inciso VII da Portaria AGEMS nº 321/25"",""tipo_unidade_id"":""3b62db96-dedc-4886-b591-f73ccff0a686"",""texto_determinacao"":""apresentar Plano de Ação com etapas que visem monitoramento contínuo da lagoa e a predominância de condições adequadas; ao final do Plano, comprovar com registros fotogáficos e relatório técnico que a lagoa está saudável"",""texto_recomendacao"":"""",""texto_constatacao_nao"":""A lagoa facultativa não apresenta coloração adequada, indicando necessidade de boa oxigenação"",""texto_constatacao_sim"":""A lagoa facultativa apresenta coloração verde, indício de algas e boa oxigenação""},{""id"":""ad8f638a-bc9a-4421-a6bf-2f2b57e97bc0"",""ativo"":true,""ordem"":31,""gera_nc"":true,""pergunta"":""Os diques de terra estão íntegros, livres de infiltração ou erosão?"",""texto_nc"":""30"",""is_sample"":false,""created_at"":""2026-03-19T13:32:17.682754+00:00"",""created_by"":null,""prazo_dias"":30,""created_date"":""2026-03-19T13:32:17.682754+00:00"",""updated_date"":""2026-03-19T13:32:17.682754+00:00"",""created_by_id"":null,""artigo_portaria"":""art. 26, inciso VII da Portaria AGEMS nº 321/25"",""tipo_unidade_id"":""3b62db96-dedc-4886-b591-f73ccff0a686"",""texto_determinacao"":""apresentar Plano de Ação com etapas que visem a segurança da estrutura e estanqueidade do sistema; ao final do Plano, comprovar com registros fotográficos e relatório técnico que houve mitigação dos riscos nos diques de terra"",""texto_recomendacao"":"""",""texto_constatacao_nao"":""Há sinais de infiltração ou erosão nos diques"",""texto_constatacao_sim"":""Não há sinais de infiltração ou erosão nos diques""},{""id"":""e23e3bb0-ac95-4854-bdc6-f193566ea44d"",""ativo"":true,""ordem"":32,""gera_nc"":true,""pergunta"":""Os sopradores de ar do Reator de Biofilme em Leito Móvel (MBBR) estão funcionando?"",""texto_nc"":""30"",""is_sample"":false,""created_at"":""2026-03-19T13:32:17.682754+00:00"",""created_by"":null,""prazo_dias"":30,""created_date"":""2026-03-19T13:32:17.682754+00:00"",""updated_date"":""2026-03-19T13:32:17.682754+00:00"",""created_by_id"":null,""artigo_portaria"":""art. 24, inciso VII da Portaria AGEMS nº 321/25"",""tipo_unidade_id"":""3b62db96-dedc-4886-b591-f73ccff0a686"",""texto_determinacao"":""apresentar justificativa técnica, documentos comprobatórios ou Plano de Ação (se for o caso) para comprovar que as manutenções preventivas/corretivas foram realizadas nos sopradores de ar"",""texto_recomendacao"":"""",""texto_constatacao_nao"":""Os sopradores de ar do MBBR não funcionam de forma adequada"",""texto_constatacao_sim"":""Os sopradores de ar do MBBR estão funcionando de forma adequada""},{""id"":""e57c6dd6-6098-4a33-b033-edc92ea53e93"",""ativo"":true,""ordem"":33,""gera_nc"":true,""pergunta"":""A agitação no tanque de aeração do Sistema MBBR está vigorosa e uniforme?"",""texto_nc"":""30"",""is_sample"":false,""created_at"":""2026-03-19T13:32:17.682754+00:00"",""created_by"":null,""prazo_dias"":30,""created_date"":""2026-03-19T13:32:17.682754+00:00"",""updated_date"":""2026-03-19T13:32:17.682754+00:00"",""created_by_id"":null,""artigo_portaria"":""art. 24, inciso VII da Portaria AGEMS nº 321/25"",""tipo_unidade_id"":""3b62db96-dedc-4886-b591-f73ccff0a686"",""texto_determinacao"":""apresentar justificativa técnica e Plano de Ação, se for o caso, para comprovar que a agitação no tanque de aeração do Sistema MBBR ocorre de forma vigorosa e de maneira adequada"",""texto_recomendacao"":"""",""texto_constatacao_nao"":""A agitação no tanque de aeração do Sistema MBBR não está vigorosa, não ocorrendo de maneira adequada"",""texto_constatacao_sim"":""A agitação no tanque de aeração do Sistema MBBR está vigorosa e ocorre de maneira adequada""},{""id"":""73dd913f-3d33-4205-abc2-16a0cae35a55"",""ativo"":true,""ordem"":13,""gera_nc"":true,""pergunta"":""A coleta é executada 5 vezes por semana (frequência geral)?"",""texto_nc"":""30"",""is_sample"":false,""created_at"":""2026-02-24T12:55:24.516533+00:00"",""created_by"":null,""prazo_dias"":30,""created_date"":""2026-02-24T12:55:24.516533+00:00"",""updated_date"":""2026-02-24T12:55:24.516533+00:00"",""created_by_id"":null,""artigo_portaria"":"""",""tipo_unidade_id"":""731e5638-ee60-4a08-82be-b5e7c1eddfd8"",""texto_determinacao"":"""",""texto_recomendacao"":"""",""texto_constatacao_nao"":"""",""texto_constatacao_sim"":""A coleta é executada 5 vezes por semana""},{""id"":""818cbf22-6759-4b46-bce4-52fb21508adb"",""ativo"":true,""ordem"":34,""gera_nc"":true,""pergunta"":""As mídias plásticas (Kaldnes) do MBBR estão circulando de forma adequada (sem acúmulo em cantos)?"",""texto_nc"":""30"",""is_sample"":false,""created_at"":""2026-03-19T13:32:17.682754+00:00"",""created_by"":null,""prazo_dias"":30,""created_date"":""2026-03-19T13:32:17.682754+00:00"",""updated_date"":""2026-03-19T13:32:17.682754+00:00"",""created_by_id"":null,""artigo_portaria"":""art. 26, inciso VII da Portaria AGEMS nº 321/25"",""tipo_unidade_id"":""3b62db96-dedc-4886-b591-f73ccff0a686"",""texto_determinacao"":""apresentar justificativa técnica e Plano de Ação, se for o caso, para comprovar que as mídias plásticas (Kaldnes) estão circulando de forma adequada na operação do Sistema de MBBR"",""texto_recomendacao"":"""",""texto_constatacao_nao"":""Os Kaldnes não estão circulando de forma adequada, estando acumulados em um canto, indicado falha no difusor"",""texto_constatacao_sim"":""Os Kaldnes estão circulando de forma adequada para a operação do Sistema de MBBR""},{""id"":""bd2d6e19-e610-4305-a24a-9bf729670418"",""ativo"":true,""ordem"":16,""gera_nc"":true,""pergunta"":""A coleta atende cada bairro 1 vez por semana?"",""texto_nc"":""30"",""is_sample"":false,""created_at"":""2026-02-24T12:55:24.713474+00:00"",""created_by"":null,""prazo_dias"":30,""created_date"":""2026-02-24T12:55:24.713474+00:00"",""updated_date"":""2026-02-24T12:55:24.713474+00:00"",""created_by_id"":null,""artigo_portaria"":"""",""tipo_unidade_id"":""731e5638-ee60-4a08-82be-b5e7c1eddfd8"",""texto_determinacao"":"""",""texto_recomendacao"":"""",""texto_constatacao_nao"":"""",""texto_constatacao_sim"":""A coleta atende cada bairro no mínimo 1 vez por semana""},{""id"":""ecc15503-94d8-4b0a-bc90-6611921d2cd1"",""ativo"":true,""ordem"":35,""gera_nc"":true,""pergunta"":""Os sopradores possuem proteção acústica para não incomodar a vizinhança?"",""texto_nc"":""30"",""is_sample"":false,""created_at"":""2026-03-19T13:32:17.682754+00:00"",""created_by"":null,""prazo_dias"":30,""created_date"":""2026-03-19T13:32:17.682754+00:00"",""updated_date"":""2026-03-19T13:32:17.682754+00:00"",""created_by_id"":null,""artigo_portaria"":""art. 24, inciso VI da Portaria AGEMS nº 321/25"",""tipo_unidade_id"":""3b62db96-dedc-4886-b591-f73ccff0a686"",""texto_determinacao"":""apresentar registros fotográficos de que foram implantados proteção acústica nos sopradores de ar do Sistema de MBBR, minimizando impactos negativos do Sistema com a vizinhança"",""texto_recomendacao"":"""",""texto_constatacao_nao"":""Os sopradores de ar do Sistema de MBBR não possuem proteção acústica, podendo incomodar a vizinhança"",""texto_constatacao_sim"":""Os sopradores de ar do Sistema de MBBR possuem proteção acústica e operam de forma adequada""},{""id"":""96b6fa20-3214-4cce-ad5c-4af37032260d"",""ativo"":true,""ordem"":1,""gera_nc"":true,""pergunta"":""As instalações do escritório estão em bom estado de conservação e limpeza?"",""texto_nc"":""30"",""is_sample"":false,""created_at"":""2026-03-19T13:32:21.835554+00:00"",""created_by"":null,""prazo_dias"":30,""created_date"":""2026-03-19T13:32:21.835554+00:00"",""updated_date"":""2026-03-19T13:32:21.835554+00:00"",""created_by_id"":null,""artigo_portaria"":""art. 24, inciso VII da Portaria AGEMS nº 321/25"",""tipo_unidade_id"":""0b4872d1-3efc-47b1-b26d-b7de680c5d21"",""texto_determinacao"":""apresentar registros fotográficos que comprovem que foi realizada manutenção e limpeza da área do escritório e laboratório operacional da Estação de Tratamento de Esgoto"",""texto_recomendacao"":"""",""texto_constatacao_nao"":""As instalações do escritório e laboratório não estão em bom estado de conservação e limpeza"",""texto_constatacao_sim"":""As instalações do escritório e laboratório estão em bom estado de conservação e limpeza""},{""id"":""ed33168b-e87b-4db8-9283-16c15f36ca88"",""ativo"":true,""ordem"":2,""gera_nc"":true,""pergunta"":""O número de funcionários atende a demanda de serviço existente?"",""texto_nc"":""30"",""is_sample"":false,""created_at"":""2026-03-19T13:32:21.835554+00:00"",""created_by"":null,""prazo_dias"":30,""created_date"":""2026-03-19T13:32:21.835554+00:00"",""updated_date"":""2026-03-19T13:32:21.835554+00:00"",""created_by_id"":null,""artigo_portaria"":""art. 24, inciso VI da Portaria AGEMS nº 321/25"",""tipo_unidade_id"":""0b4872d1-3efc-47b1-b26d-b7de680c5d21"",""texto_determinacao"":""apresentar justificativa técnica para o baixo número de funcionários da Unidade bem como Cronograma para contratação de novos funcionários, se for o caso"",""texto_recomendacao"":"""",""texto_constatacao_nao"":""O número de funcionários não atende a demanda de serviço existente"",""texto_constatacao_sim"":""O número de funcionários atende a demanda de serviço existente""},{""id"":""feb676c0-a830-44a2-89a3-324d73ce0557"",""ativo"":true,""ordem"":3,""gera_nc"":true,""pergunta"":""O laboratório possui reagentes dentro da validade?"",""texto_nc"":""30"",""is_sample"":false,""created_at"":""2026-03-19T13:32:21.835554+00:00"",""created_by"":null,""prazo_dias"":30,""created_date"":""2026-03-19T13:32:21.835554+00:00"",""updated_date"":""2026-03-19T13:32:21.835554+00:00"",""created_by_id"":null,""artigo_portaria"":""art. 26, inciso VII da Portaria AGEMS nº 321/25"",""tipo_unidade_id"":""0b4872d1-3efc-47b1-b26d-b7de680c5d21"",""texto_determinacao"":""apresentar registros fotográficos que comprovem que foi realizada a substituição dos reagentes com data de validade expirada"",""texto_recomendacao"":"""",""texto_constatacao_nao"":""O laboratório não possui alguns reagentes dentro da validade"",""texto_constatacao_sim"":""O laboratório possui reagentes dentro da validade""},{""id"":""5e1a319b-38df-46ac-af29-eb70363fcc19"",""ativo"":true,""ordem"":4,""gera_nc"":true,""pergunta"":""Os equipamentos utilizados para monitoramento diário estão calibrados?"",""texto_nc"":""30"",""is_sample"":false,""created_at"":""2026-03-19T13:32:21.835554+00:00"",""created_by"":null,""prazo_dias"":30,""created_date"":""2026-03-19T13:32:21.835554+00:00"",""updated_date"":""2026-03-19T13:32:21.835554+00:00"",""created_by_id"":null,""artigo_portaria"":""art. 24, inciso VII da Portaria AGEMS nº 321/25"",""tipo_unidade_id"":""0b4872d1-3efc-47b1-b26d-b7de680c5d21"",""texto_determinacao"":""apresentar justificativa técnica, documentos comprobatórios ou Plano de Ação (se for o caso) para comprovar que a calibração dos equipamentos foram realizadas de forma adequada"",""texto_recomendacao"":"""",""texto_constatacao_nao"":""Os equipamentos utilizados para monitoramento diário não estão calibrados"",""texto_constatacao_sim"":""Os equipamentos utilizados para monitoramento diário estão calibrados""},{""id"":""16e4cf8e-aff4-4f90-bd86-d3614bec3270"",""ativo"":true,""ordem"":5,""gera_nc"":true,""pergunta"":""Existem chuveiros de emergência e lava-olhos operacionais próximos à manipulação de produtos químicos?"",""texto_nc"":""30"",""is_sample"":false,""created_at"":""2026-03-19T13:32:21.835554+00:00"",""created_by"":null,""prazo_dias"":30,""created_date"":""2026-03-19T13:32:21.835554+00:00"",""updated_date"":""2026-03-19T13:32:21.835554+00:00"",""created_by_id"":null,""artigo_portaria"":""art. 24, inciso VI da Portaria AGEMS nº 321/25"",""tipo_unidade_id"":""0b4872d1-3efc-47b1-b26d-b7de680c5d21"",""texto_determinacao"":""apresentar registros fotográficos que comprovem a implantação de chuveiro de emergência e lava-olhos operacionais próximos à manipulação de produtos químicos"",""texto_recomendacao"":"""",""texto_constatacao_nao"":""Não existem chuveiros de emergência e lava-olhos operacionais pronto para utilização"",""texto_constatacao_sim"":""Existem chuveiros de emergência e lava-olhos operacionais pronto para utilização""},{""id"":""499c9ad2-a40c-41f5-9b70-6eb68bdfb534"",""ativo"":true,""ordem"":1,""gera_nc"":true,""pergunta"":""A unidade possui identificação externa (ID) adequada?"",""texto_nc"":""30"",""is_sample"":false,""created_at"":""2026-03-19T13:32:33.533564+00:00"",""created_by"":null,""prazo_dias"":30,""created_date"":""2026-03-19T13:32:33.533564+00:00"",""updated_date"":""2026-03-19T13:32:33.533564+00:00"",""created_by_id"":null,""artigo_portaria"":""art. 24, inciso VII da Portaria AGEMS nº 321/25"",""tipo_unidade_id"":""3b62db96-dedc-4886-b591-f73ccff0a686"",""texto_determinacao"":""apresentar registros fotográficos de que a unidade possui identificação externa adequada"",""texto_recomendacao"":"""",""texto_constatacao_nao"":""A unidade não possui identificação externa adequada"",""texto_constatacao_sim"":""A unidade possui identificação externa adequada""},{""id"":""8e1b2b18-0d22-46e5-a571-32a49c4ad5c4"",""ativo"":true,""ordem"":2,""gera_nc"":true,""pergunta"":""A unidade possui cercamento (alambrado/muros) garantindo a segurança?"",""texto_nc"":""30"",""is_sample"":false,""created_at"":""2026-03-19T13:32:33.533564+00:00"",""created_by"":null,""prazo_dias"":30,""created_date"":""2026-03-19T13:32:33.533564+00:00"",""updated_date"":""2026-03-19T13:32:33.533564+00:00"",""created_by_id"":null,""artigo_portaria"":""art. 24, inciso VII da Portaria AGEMS nº 321/25"",""tipo_unidade_id"":""3b62db96-dedc-4886-b591-f73ccff0a686"",""texto_determinacao"":""apresentar registros fotográficos de que foi instalado cercamento com Alambrado, Muros ou materiais equivalentes"",""texto_recomendacao"":"""",""texto_constatacao_nao"":""A unidade não possui cercamento adequado"",""texto_constatacao_sim"":""A unidade possui cercamento adequado""},{""id"":""2b4041f5-b479-499d-95b6-c8dbde2c284e"",""ativo"":true,""ordem"":3,""gera_nc"":true,""pergunta"":""Os portões possuem cadeados e garantem a segurança?"",""texto_nc"":""30"",""is_sample"":false,""created_at"":""2026-03-19T13:32:33.533564+00:00"",""created_by"":null,""prazo_dias"":30,""created_date"":""2026-03-19T13:32:33.533564+00:00"",""updated_date"":""2026-03-19T13:32:33.533564+00:00"",""created_by_id"":null,""artigo_portaria"":""art. 24, inciso VII da Portaria AGEMS nº 321/25"",""tipo_unidade_id"":""3b62db96-dedc-4886-b591-f73ccff0a686"",""texto_determinacao"":""apresentar registros fotográficos de que foram instalados cadeados nos portões"",""texto_recomendacao"":"""",""texto_constatacao_nao"":""Os portões não possuem cadeados"",""texto_constatacao_sim"":""Os portões possuem cadeados""},{""id"":""fc39d886-5611-493e-8ecb-e5667b15ac59"",""ativo"":true,""ordem"":4,""gera_nc"":true,""pergunta"":""A unidade possui sinalização de 'Entrada Proibida'?"",""texto_nc"":""30"",""is_sample"":false,""created_at"":""2026-03-19T13:32:33.533564+00:00"",""created_by"":null,""prazo_dias"":30,""created_date"":""2026-03-19T13:32:33.533564+00:00"",""updated_date"":""2026-03-19T13:32:33.533564+00:00"",""created_by_id"":null,""artigo_portaria"":""art. 24, inciso VII da Portaria AGEMS nº 321/25"",""tipo_unidade_id"":""3b62db96-dedc-4886-b591-f73ccff0a686"",""texto_determinacao"":""apresentar registros fotográficos de que foi instalada sinalização de 'Entrada Proibida'"",""texto_recomendacao"":"""",""texto_constatacao_nao"":""A unidade não possui sinalização de 'Entrada Proibida'"",""texto_constatacao_sim"":""A unidade possui sinalização de 'Entrada Proibida'""},{""id"":""4c153bc3-4541-498d-919e-a8f03853ea11"",""ativo"":true,""ordem"":5,""gera_nc"":true,""pergunta"":""O entorno das unidades está roçado e livre de entulhos?"",""texto_nc"":""30"",""is_sample"":false,""created_at"":""2026-03-19T13:32:33.533564+00:00"",""created_by"":null,""prazo_dias"":30,""created_date"":""2026-03-19T13:32:33.533564+00:00"",""updated_date"":""2026-03-19T13:32:33.533564+00:00"",""created_by_id"":null,""artigo_portaria"":""art. 24, inciso VII da Portaria AGEMS nº 321/25"",""tipo_unidade_id"":""3b62db96-dedc-4886-b591-f73ccff0a686"",""texto_determinacao"":""apresentar registros fotográficos de que o entorno das unidades está roçado e livre de entulhos"",""texto_recomendacao"":"""",""texto_constatacao_nao"":""O entorno das unidades não está roçado ou possui entulhos"",""texto_constatacao_sim"":""O entorno das unidades está roçado e livre de entulhos""},{""id"":""dda41d59-347a-49fa-8c80-593b85519bee"",""ativo"":true,""ordem"":6,""gera_nc"":true,""pergunta"":""O entorno das unidades está livre de vazamentos aparentes?"",""texto_nc"":""30"",""is_sample"":false,""created_at"":""2026-03-19T13:32:33.533564+00:00"",""created_by"":null,""prazo_dias"":30,""created_date"":""2026-03-19T13:32:33.533564+00:00"",""updated_date"":""2026-03-19T13:32:33.533564+00:00"",""created_by_id"":null,""artigo_portaria"":""art. 24, inciso VII da Portaria AGEMS nº 321/25"",""tipo_unidade_id"":""3b62db96-dedc-4886-b591-f73ccff0a686"",""texto_determinacao"":""apresentar registros fotográficos de que foram sanados os vazamentos aparentes"",""texto_recomendacao"":"""",""texto_constatacao_nao"":""Há vazamentos aparentes no entorno das unidades"",""texto_constatacao_sim"":""O entorno das unidades está livre de vazamentos aparentes""},{""id"":""7dfe65e9-d104-4d02-8839-d167f5e6dcfc"",""ativo"":true,""ordem"":7,""gera_nc"":true,""pergunta"":""O gradeamento está limpo e opera de maneira adequada?"",""texto_nc"":""30"",""is_sample"":false,""created_at"":""2026-03-19T13:32:33.533564+00:00"",""created_by"":null,""prazo_dias"":30,""created_date"":""2026-03-19T13:32:33.533564+00:00"",""updated_date"":""2026-03-19T13:32:33.533564+00:00"",""created_by_id"":null,""artigo_portaria"":""art. 26, inciso VII da Portaria AGEMS nº 321/25"",""tipo_unidade_id"":""3b62db96-dedc-4886-b591-f73ccff0a686"",""texto_determinacao"":""apresentar registros fotográficos comprovando que o gradeamento e o desarenador estão operando de forma adequada, sem acúmulo de sedimentos que comprometem o fluxo"",""texto_recomendacao"":"""",""texto_constatacao_nao"":""Há acúmulo de sólidos no gradeamento, comprometendo o fluxo"",""texto_constatacao_sim"":""O gradeamento está limpo e opera de maneira adequada""},{""id"":""f0bc524c-3f84-45eb-b58a-dd07388e5abb"",""ativo"":true,""ordem"":8,""gera_nc"":true,""pergunta"":""O desarenador está limpo e opera de maneira adequada?"",""texto_nc"":""30"",""is_sample"":false,""created_at"":""2026-03-19T13:32:33.533564+00:00"",""created_by"":null,""prazo_dias"":30,""created_date"":""2026-03-19T13:32:33.533564+00:00"",""updated_date"":""2026-03-19T13:32:33.533564+00:00"",""created_by_id"":null,""artigo_portaria"":""art. 26, inciso VII da Portaria AGEMS nº 321/25"",""tipo_unidade_id"":""3b62db96-dedc-4886-b591-f73ccff0a686"",""texto_determinacao"":""apresentar registros fotográficos comprovando que o gradeamento e o desarenador estão operando de forma adequada, sem acúmulo de sedimentos que comprometem o fluxo"",""texto_recomendacao"":"""",""texto_constatacao_nao"":""Há acúmulo de sólidos no desarenador, comprometendo o fluxo"",""texto_constatacao_sim"":""O desarenador está limpo e opera de maneira adequada""},{""id"":""c061a7d6-bebe-4f57-9b18-25034e3a7907"",""ativo"":true,""ordem"":1,""gera_nc"":true,""pergunta"":""Qual a localização da área (Coordenadas/Endereço)? [Informativa]"",""texto_nc"":""30"",""is_sample"":false,""created_at"":""2026-02-24T12:54:56.480893+00:00"",""created_by"":null,""prazo_dias"":30,""created_date"":""2026-02-24T12:54:56.480893+00:00"",""updated_date"":""2026-02-24T12:54:56.480893+00:00"",""created_by_id"":null,""artigo_portaria"":"""",""tipo_unidade_id"":""aaee2295-92c3-457d-841d-fb3a3983bf5b"",""texto_determinacao"":"""",""texto_recomendacao"":"""",""texto_constatacao_nao"":"""",""texto_constatacao_sim"":""Localiza-se XXXX""},{""id"":""89773bce-644c-4f1e-942f-75d8c9d91791"",""ativo"":true,""ordem"":3,""gera_nc"":true,""pergunta"":""A disposição de resíduos na área foi totalmente encerrada?"",""texto_nc"":""30"",""is_sample"":false,""created_at"":""2026-02-24T12:54:56.614632+00:00"",""created_by"":null,""prazo_dias"":30,""created_date"":""2026-02-24T12:54:56.614632+00:00"",""updated_date"":""2026-02-24T12:54:56.614632+00:00"",""created_by_id"":null,""artigo_portaria"":""Art. 33 da Portaria AGEMS nº 317/25"",""tipo_unidade_id"":""aaee2295-92c3-457d-841d-fb3a3983bf5b"",""texto_determinacao"":"""",""texto_recomendacao"":""Cessar imediatamente a disposição de resíduos na área e encaminhar para aterro licenciado"",""texto_constatacao_nao"":""Identificou-se a continuidade da disposição de resíduos na área (lixão ativo)"",""texto_constatacao_sim"":""A área encontra-se desativada, sem recebimento de novos resíduos""},{""id"":""3ff345fe-e26f-4e59-896c-2904030a2840"",""ativo"":true,""ordem"":17,""gera_nc"":true,""pergunta"":""A coleta atende cada bairro 2 vezes por semana?"",""texto_nc"":""30"",""is_sample"":false,""created_at"":""2026-02-24T12:55:24.785345+00:00"",""created_by"":null,""prazo_dias"":30,""created_date"":""2026-02-24T12:55:24.785345+00:00"",""updated_date"":""2026-02-24T12:55:24.785345+00:00"",""created_by_id"":null,""artigo_portaria"":"""",""tipo_unidade_id"":""731e5638-ee60-4a08-82be-b5e7c1eddfd8"",""texto_determinacao"":"""",""texto_recomendacao"":"""",""texto_constatacao_nao"":"""",""texto_constatacao_sim"":""A coleta atende cada bairro no mínimo 2 vezes por semana""},{""id"":""1a915ab4-d102-4ff3-97c7-407df565b3e0"",""ativo"":true,""ordem"":4,""gera_nc"":true,""pergunta"":""A área está livre de recebimento irregular de resíduos por terceiros?"",""texto_nc"":""30"",""is_sample"":false,""created_at"":""2026-02-24T12:54:56.679208+00:00"",""created_by"":null,""prazo_dias"":30,""created_date"":""2026-02-24T12:54:56.679208+00:00"",""updated_date"":""2026-02-24T12:54:56.679208+00:00"",""created_by_id"":null,""artigo_portaria"":""Art. 36, inciso VI da Portaria AGEMS nº 317/25"",""tipo_unidade_id"":""aaee2295-92c3-457d-841d-fb3a3983bf5b"",""texto_determinacao"":"""",""texto_recomendacao"":""Impedir o acesso e recebimento de resíduos de terceiros"",""texto_constatacao_nao"":""A área continua recebendo resíduos de particulares (RCC, podas, volumosos) de forma irregular"",""texto_constatacao_sim"":""A área está isolada e não recebe resíduos de terceiros""},{""id"":""aba4d0b7-3320-4a5f-8eb4-430b54bdad98"",""ativo"":true,""ordem"":5,""gera_nc"":true,""pergunta"":""Existe Plano de Recuperação de Área Degradada (PRADE) elaborado?"",""texto_nc"":""90"",""is_sample"":false,""created_at"":""2026-02-24T12:54:56.743706+00:00"",""created_by"":null,""prazo_dias"":30,""created_date"":""2026-02-24T12:54:56.743706+00:00"",""updated_date"":""2026-02-24T12:54:56.743706+00:00"",""created_by_id"":null,""artigo_portaria"":""Art. 11, inciso VII da Portaria AGEMS nº 317/25"",""tipo_unidade_id"":""aaee2295-92c3-457d-841d-fb3a3983bf5b"",""texto_determinacao"":"""",""texto_recomendacao"":""Elaborar o PRADE contemplando todas as medidas de recuperação ambiental necessárias"",""texto_constatacao_nao"":""Não há PRADE elaborado para a recuperação da área degradada"",""texto_constatacao_sim"":""Existe PRADE elaborado para a recuperação da área""},{""id"":""2af94647-2700-4c81-b501-53007c0e30c7"",""ativo"":true,""ordem"":6,""gera_nc"":true,""pergunta"":""Existe Autorização Ambiental/Licença para execução do PRADE?"",""texto_nc"":""60"",""is_sample"":false,""created_at"":""2026-02-24T12:54:56.816042+00:00"",""created_by"":null,""prazo_dias"":30,""created_date"":""2026-02-24T12:54:56.816042+00:00"",""updated_date"":""2026-02-24T12:54:56.816042+00:00"",""created_by_id"":null,""artigo_portaria"":""Art. 11, inciso VII da Portaria AGEMS nº 317/25"",""tipo_unidade_id"":""aaee2295-92c3-457d-841d-fb3a3983bf5b"",""texto_determinacao"":"""",""texto_recomendacao"":""Protocolar e obter a Autorização Ambiental junto ao órgão competente para execução do PRADE"",""texto_constatacao_nao"":""Não foi apresentada a Autorização Ambiental ou Licença para execução do PRADE"",""texto_constatacao_sim"":""A unidade possui Autorização Ambiental vigente para execução do PRADE""},{""id"":""6a9b344d-d9cf-4d10-995e-773dc0572f9d"",""ativo"":true,""ordem"":7,""gera_nc"":true,""pergunta"":""O cronograma do PRADE está sendo cumprido?"",""texto_nc"":""60"",""is_sample"":false,""created_at"":""2026-02-24T12:54:56.879687+00:00"",""created_by"":null,""prazo_dias"":30,""created_date"":""2026-02-24T12:54:56.879687+00:00"",""updated_date"":""2026-02-24T12:54:56.879687+00:00"",""created_by_id"":null,""artigo_portaria"":""Art. 11, inciso II da Portaria AGEMS nº 317/25"",""tipo_unidade_id"":""aaee2295-92c3-457d-841d-fb3a3983bf5b"",""texto_determinacao"":"""",""texto_recomendacao"":""Retomar e cumprir rigorosamente o cronograma de execução do PRADE"",""texto_constatacao_nao"":""O cronograma do PRADE encontra-se atrasado ou paralisado"",""texto_constatacao_sim"":""As obras e ações de recuperação estão em dia com o cronograma""},{""id"":""6998c213-f339-4dc9-a041-ae6e0886c97d"",""ativo"":true,""ordem"":8,""gera_nc"":true,""pergunta"":""O perímetro da área possui cercamento completo?"",""texto_nc"":""30"",""is_sample"":false,""created_at"":""2026-02-24T12:54:56.949465+00:00"",""created_by"":null,""prazo_dias"":30,""created_date"":""2026-02-24T12:54:56.949465+00:00"",""updated_date"":""2026-02-24T12:54:56.949465+00:00"",""created_by_id"":null,""artigo_portaria"":""Art. 36, inciso VI da Portaria AGEMS nº 317/25"",""tipo_unidade_id"":""aaee2295-92c3-457d-841d-fb3a3983bf5b"",""texto_determinacao"":"""",""texto_recomendacao"":""Instalar ou recuperar o cercamento da área para impedir acessos não autorizados"",""texto_constatacao_nao"":""O cercamento é inexistente ou apresenta trechos danificados/abertos"",""texto_constatacao_sim"":""A área possui cercamento íntegro em todo o perímetro""},{""id"":""dd108ad4-b0b7-424e-ab6b-8c9c83efe517"",""ativo"":true,""ordem"":9,""gera_nc"":true,""pergunta"":""Existe portão com controle de acesso (trancado/vigia)?"",""texto_nc"":""30"",""is_sample"":false,""created_at"":""2026-02-24T12:54:57.01628+00:00"",""created_by"":null,""prazo_dias"":30,""created_date"":""2026-02-24T12:54:57.01628+00:00"",""updated_date"":""2026-02-24T12:54:57.01628+00:00"",""created_by_id"":null,""artigo_portaria"":""Art. 36, inciso VI da Portaria AGEMS nº 317/25"",""tipo_unidade_id"":""aaee2295-92c3-457d-841d-fb3a3983bf5b"",""texto_determinacao"":"""",""texto_recomendacao"":""Instalar portão e manter controle rigoroso de acesso à área"",""texto_constatacao_nao"":""Não há portão ou o acesso principal encontra-se aberto e sem controle"",""texto_constatacao_sim"":""Há portão funcional com controle de acesso (cadeado ou vigia)""},{""id"":""f4e18ac6-7fbe-40b3-84d9-5c32af6c7db7"",""ativo"":true,""ordem"":10,""gera_nc"":true,""pergunta"":""Existe vigilância na área para impedir invasões?"",""texto_nc"":""30"",""is_sample"":false,""created_at"":""2026-02-24T12:54:57.084859+00:00"",""created_by"":null,""prazo_dias"":30,""created_date"":""2026-02-24T12:54:57.084859+00:00"",""updated_date"":""2026-02-24T12:54:57.084859+00:00"",""created_by_id"":null,""artigo_portaria"":""Art. 36, inciso VI da Portaria AGEMS nº 317/25"",""tipo_unidade_id"":""aaee2295-92c3-457d-841d-fb3a3983bf5b"",""texto_determinacao"":"""",""texto_recomendacao"":""Implantar sistema de vigilância para garantir a integridade da área encerrada"",""texto_constatacao_nao"":""Não há vigilância, facilitando a reativação irregular do local ou vandalismo"",""texto_constatacao_sim"":""Há vigilância (presencial ou remota) para coibir invasões e descartes""},{""id"":""36e6b925-2228-4b2d-bf17-7402d1096af0"",""ativo"":true,""ordem"":11,""gera_nc"":true,""pergunta"":""A massa de resíduos antiga está coberta com solo?"",""texto_nc"":""60"",""is_sample"":false,""created_at"":""2026-02-24T12:54:57.159842+00:00"",""created_by"":null,""prazo_dias"":30,""created_date"":""2026-02-24T12:54:57.159842+00:00"",""updated_date"":""2026-02-24T12:54:57.159842+00:00"",""created_by_id"":null,""artigo_portaria"":""Art. 35, inciso IV da Portaria AGEMS nº 317/25"",""tipo_unidade_id"":""aaee2295-92c3-457d-841d-fb3a3983bf5b"",""texto_determinacao"":"""",""texto_recomendacao"":""Realizar o recobrimento da massa de resíduos exposta com camada de solo adequada"",""texto_constatacao_nao"":""Há resíduos antigos expostos na superfície"",""texto_constatacao_sim"":""Os resíduos antigos encontram-se totalmente cobertos com solo""},{""id"":""19f55613-4a93-45c9-b88b-680d70a6477e"",""ativo"":true,""ordem"":12,""gera_nc"":true,""pergunta"":""Há plantio de vegetação (gramíneas) sobre a cobertura?"",""texto_nc"":""90"",""is_sample"":false,""created_at"":""2026-02-24T12:54:57.234244+00:00"",""created_by"":null,""prazo_dias"":30,""created_date"":""2026-02-24T12:54:57.234244+00:00"",""updated_date"":""2026-02-24T12:54:57.234244+00:00"",""created_by_id"":null,""artigo_portaria"":""Art. 34 da Portaria AGEMS nº 317/25"",""tipo_unidade_id"":""aaee2295-92c3-457d-841d-fb3a3983bf5b"",""texto_determinacao"":"""",""texto_recomendacao"":""Executar o plantio de vegetação/gramíneas para estabilização do solo e recuperação visual"",""texto_constatacao_nao"":""A área está com solo exposto, sem cobertura vegetal (risco de erosão)"",""texto_constatacao_sim"":""A área apresenta cobertura vegetal/gramíneas estabelecida""},{""id"":""b4a62a95-6269-4f32-b0a5-447daca8d1f8"",""ativo"":true,""ordem"":13,""gera_nc"":true,""pergunta"":""Existe sistema de drenagem de gases (drenos verticais)?"",""texto_nc"":""60"",""is_sample"":false,""created_at"":""2026-02-24T12:54:57.310399+00:00"",""created_by"":null,""prazo_dias"":30,""created_date"":""2026-02-24T12:54:57.310399+00:00"",""updated_date"":""2026-02-24T12:54:57.310399+00:00"",""created_by_id"":null,""artigo_portaria"":""Art. 35, inciso III da Portaria AGEMS nº 317/25"",""tipo_unidade_id"":""aaee2295-92c3-457d-841d-fb3a3983bf5b"",""texto_determinacao"":"""",""texto_recomendacao"":""Instalar drenos de gases para controle de pressões internas e emissões"",""texto_constatacao_nao"":""Não há sistema de drenagem de gases instalados"",""texto_constatacao_sim"":""Foram instalados drenos de gases na área encerrada""},{""id"":""ecba6517-3097-4662-8a79-82be01d0f08f"",""ativo"":true,""ordem"":14,""gera_nc"":true,""pergunta"":""Existe sistema de drenagem pluvial (canaletas)?"",""texto_nc"":""60"",""is_sample"":false,""created_at"":""2026-02-24T12:54:57.378392+00:00"",""created_by"":null,""prazo_dias"":30,""created_date"":""2026-02-24T12:54:57.378392+00:00"",""updated_date"":""2026-02-24T12:54:57.378392+00:00"",""created_by_id"":null,""artigo_portaria"":""Art. 35, inciso V da Portaria AGEMS nº 317/25"",""tipo_unidade_id"":""aaee2295-92c3-457d-841d-fb3a3983bf5b"",""texto_determinacao"":"""",""texto_recomendacao"":""Implantar sistema de drenagem pluvial para evitar erosão e carreamento de resíduos"",""texto_constatacao_nao"":""Não há drenagem pluvial, verificando-se erosões na cobertura"",""texto_constatacao_sim"":""Há sistema de drenagem pluvial protegendo o maciço""},{""id"":""065c6be0-3614-4e63-811e-fcc5bd6f9711"",""ativo"":true,""ordem"":15,""gera_nc"":true,""pergunta"":""A área está livre de afloramento de chorume?"",""texto_nc"":""60"",""is_sample"":false,""created_at"":""2026-02-24T12:54:57.447274+00:00"",""created_by"":null,""prazo_dias"":30,""created_date"":""2026-02-24T12:54:57.447274+00:00"",""updated_date"":""2026-02-24T12:54:57.447274+00:00"",""created_by_id"":null,""artigo_portaria"":""Art. 8º da Portaria AGEMS nº 317/25"",""tipo_unidade_id"":""aaee2295-92c3-457d-841d-fb3a3983bf5b"",""texto_determinacao"":"""",""texto_recomendacao"":""Realizar obras de drenagem e contenção do chorume para evitar contaminação superficial"",""texto_constatacao_nao"":""Identificou-se afloramento de chorume escorrendo pela superfície ou taludes"",""texto_constatacao_sim"":""Não há afloramento de chorume visível na área""},{""id"":""82874d07-5683-48b2-a16e-291ebf3a4004"",""ativo"":true,""ordem"":16,""gera_nc"":true,""pergunta"":""A área está livre de focos de incêndio/queima?"",""texto_nc"":""30"",""is_sample"":false,""created_at"":""2026-02-24T12:54:57.513174+00:00"",""created_by"":null,""prazo_dias"":30,""created_date"":""2026-02-24T12:54:57.513174+00:00"",""updated_date"":""2026-02-24T12:54:57.513174+00:00"",""created_by_id"":null,""artigo_portaria"":""Art. 36, inciso V da Portaria AGEMS nº 317/25"",""tipo_unidade_id"":""aaee2295-92c3-457d-841d-fb3a3983bf5b"",""texto_determinacao"":"""",""texto_recomendacao"":""Combater imediatamente os focos de incêndio e adotar medidas para prevenir novas ocorrências"",""texto_constatacao_nao"":""Verificou-se queima de resíduos ou focos de incêndio na área"",""texto_constatacao_sim"":""Não há focos de incêndio ou vestígios de queima recente""},{""id"":""e70894f0-af36-4b19-952b-017e2fa8e013"",""ativo"":true,""ordem"":17,""gera_nc"":true,""pergunta"":""A área está livre da presença de catadores?"",""texto_nc"":""30"",""is_sample"":false,""created_at"":""2026-02-24T12:54:57.58703+00:00"",""created_by"":null,""prazo_dias"":30,""created_date"":""2026-02-24T12:54:57.58703+00:00"",""updated_date"":""2026-02-24T12:54:57.58703+00:00"",""created_by_id"":null,""artigo_portaria"":""Art. 36, inciso II da Portaria AGEMS nº 317/25"",""tipo_unidade_id"":""aaee2295-92c3-457d-841d-fb3a3983bf5b"",""texto_determinacao"":"""",""texto_recomendacao"":""Impedir a entrada e permanência de catadores na área degradada"",""texto_constatacao_nao"":""Identificou-se a presença de catadores na área"",""texto_constatacao_sim"":""Não há presença de catadores na área degradada""},{""id"":""bb348082-c4c3-4e21-b003-5b80b4c1b5b9"",""ativo"":true,""ordem"":18,""gera_nc"":true,""pergunta"":""A área está livre de animais (domésticos/criação)?"",""texto_nc"":""30"",""is_sample"":false,""created_at"":""2026-02-24T12:54:57.684855+00:00"",""created_by"":null,""prazo_dias"":30,""created_date"":""2026-02-24T12:54:57.684855+00:00"",""updated_date"":""2026-02-24T12:54:57.684855+00:00"",""created_by_id"":null,""artigo_portaria"":""Art. 36, inciso III da Portaria AGEMS nº 317/25"",""tipo_unidade_id"":""aaee2295-92c3-457d-841d-fb3a3983bf5b"",""texto_determinacao"":"""",""texto_recomendacao"":""Retirar os animais da área e reforçar o cercamento para impedir nova entrada"",""texto_constatacao_nao"":""Verificou-se a presença de animais (gado, porcos, cães) sobre a massa de resíduos"",""texto_constatacao_sim"":""A área está livre de animais""},{""id"":""bee08511-8dfa-4dc9-8c17-844021b95c78"",""ativo"":true,""ordem"":19,""gera_nc"":true,""pergunta"":""A área está livre de habitações (barracos)?"",""texto_nc"":""60"",""is_sample"":false,""created_at"":""2026-02-24T12:54:57.755901+00:00"",""created_by"":null,""prazo_dias"":30,""created_date"":""2026-02-24T12:54:57.755901+00:00"",""updated_date"":""2026-02-24T12:54:57.755901+00:00"",""created_by_id"":null,""artigo_portaria"":""Art. 36, inciso IV da Portaria AGEMS nº 317/25"",""tipo_unidade_id"":""aaee2295-92c3-457d-841d-fb3a3983bf5b"",""texto_determinacao"":"""",""texto_recomendacao"":""Articular com órgãos competentes a realocação das moradias do entorno, estabelecendo faixa de proteção sanitária, e impedir a fixação de moradias no local de risco"",""texto_constatacao_nao"":""Identificou-se barracos ou habitações no interior da área"",""texto_constatacao_sim"":""Não há habitações dentro da área degradada""},{""id"":""fe5abef0-e3fa-4613-9eac-4d958b5564fc"",""ativo"":true,""ordem"":20,""gera_nc"":true,""pergunta"":""Existem poços de monitoramento instalados?"",""texto_nc"":""60"",""is_sample"":false,""created_at"":""2026-02-24T12:54:57.835567+00:00"",""created_by"":null,""prazo_dias"":30,""created_date"":""2026-02-24T12:54:57.835567+00:00"",""updated_date"":""2026-02-24T12:54:57.835567+00:00"",""created_by_id"":null,""artigo_portaria"":""Art. 11, inciso XIV da Portaria AGEMS nº 317/25"",""tipo_unidade_id"":""aaee2295-92c3-457d-841d-fb3a3983bf5b"",""texto_determinacao"":"""",""texto_recomendacao"":""Instalar poços de monitoramento conforme exigência ambiental"",""texto_constatacao_nao"":""Não existem poços de monitoramento instalados na área"",""texto_constatacao_sim"":""É realizado monitoramento da qualidade das águas subterrâneas (poços)""},{""id"":""643dda33-63ca-4d9d-a457-84aaafac5645"",""ativo"":true,""ordem"":18,""gera_nc"":true,""pergunta"":""A coleta atende cada bairro 3 vezes por semana?"",""texto_nc"":""30"",""is_sample"":false,""created_at"":""2026-02-24T12:55:24.850738+00:00"",""created_by"":null,""prazo_dias"":30,""created_date"":""2026-02-24T12:55:24.850738+00:00"",""updated_date"":""2026-02-24T12:55:24.850738+00:00"",""created_by_id"":null,""artigo_portaria"":"""",""tipo_unidade_id"":""731e5638-ee60-4a08-82be-b5e7c1eddfd8"",""texto_determinacao"":"""",""texto_recomendacao"":"""",""texto_constatacao_nao"":"""",""texto_constatacao_sim"":""A coleta atende cada bairro no mínimo  3 vezes por semana""},{""id"":""20d73b0a-0a15-449c-9ac6-f7f16bf4979f"",""ativo"":true,""ordem"":7,""gera_nc"":true,""pergunta"":""A unidade possui Licença Ambiental de Operação (LO) vigente?"",""texto_nc"":""30"",""is_sample"":false,""created_at"":""2026-02-24T12:55:08.437845+00:00"",""created_by"":null,""prazo_dias"":30,""created_date"":""2026-02-24T12:55:08.437845+00:00"",""updated_date"":""2026-02-24T12:55:08.437845+00:00"",""created_by_id"":null,""artigo_portaria"":""Art. 33 da Portaria AGEMS nº 317/25"",""tipo_unidade_id"":""0fca15f7-d8b1-44fc-ab5d-989f33bedb77"",""texto_determinacao"":"""",""texto_recomendacao"":""Regularizar o licenciamento ambiental do aterro junto ao órgão competente"",""texto_constatacao_nao"":""A unidade opera sem Licença Ambiental ou com licença vencida"",""texto_constatacao_sim"":""A unidade possui Licença Ambiental de Operação vigente""},{""id"":""71e8cdd1-f468-4fc1-a310-990cd1b5df73"",""ativo"":true,""ordem"":1,""gera_nc"":true,""pergunta"":""Foi apresentado o Plano Operacional de prestação dos serviços?"",""texto_nc"":""30"",""is_sample"":false,""created_at"":""2026-02-24T12:55:02.548389+00:00"",""created_by"":null,""prazo_dias"":30,""created_date"":""2026-02-24T12:55:02.548389+00:00"",""updated_date"":""2026-02-24T12:55:02.548389+00:00"",""created_by_id"":null,""artigo_portaria"":""Art. 10, inciso VIII da Portaria AGEMS nº 317/25"",""tipo_unidade_id"":""82b5b10b-d477-4f9d-9065-f5c011242721"",""texto_determinacao"":"""",""texto_recomendacao"":""Elaborar e apresentar à AGEMS para aprovação o plano operacional de prestação dos serviços, definindo as estratégias de operação, a previsão das expansões e os recursos previstos para investimento, cujo plano deverá ser atualizado anualmente"",""texto_constatacao_nao"":""O titular não apresentou o Plano Operacional de Prestação dos serviços de Manejo de Resíduos Sólidos e Limpeza Urbana"",""texto_constatacao_sim"":""O titular apresentou o Plano Operacional de Prestação dos serviços de Manejo de Resíduos Sólidos e Limpeza Urbana""},{""id"":""20595700-18bf-4d8c-aa15-d7910fbc57fd"",""ativo"":true,""ordem"":2,""gera_nc"":true,""pergunta"":""Foi apresentado o Plano de Emergência e Contingência referente à prestação dos serviços?"",""texto_nc"":""30"",""is_sample"":false,""created_at"":""2026-02-24T12:55:02.620021+00:00"",""created_by"":null,""prazo_dias"":30,""created_date"":""2026-02-24T12:55:02.620021+00:00"",""updated_date"":""2026-02-24T12:55:02.620021+00:00"",""created_by_id"":null,""artigo_portaria"":""Art. 11, inciso III da Portaria AGEMS nº 317/25"",""tipo_unidade_id"":""82b5b10b-d477-4f9d-9065-f5c011242721"",""texto_determinacao"":"""",""texto_recomendacao"":""Elaborar e apresentar à AGEMS para aprovação o Plano de Emergência e Contingência dos serviços, definindo as estratégias de contingenciamento, cujo plano deverá ser atualizado anualmente"",""texto_constatacao_nao"":""O titular não apresentou o Plano de Emergência e Contingência dos serviços de Manejo de Resíduos Sólidos e Limpeza Urbana"",""texto_constatacao_sim"":""O titular apresentou o Plano de Emergência e Contingência dos serviços de Manejo de Resíduos Sólidos e Limpeza Urbana""},{""id"":""0e90f1b5-3cf1-41ef-8251-32d1ce6d75e5"",""ativo"":true,""ordem"":3,""gera_nc"":true,""pergunta"":""Foi apresentado o Manual de Prestação dos serviços e Atendimento ao Usuário?"",""texto_nc"":""30"",""is_sample"":false,""created_at"":""2026-02-24T12:55:02.684885+00:00"",""created_by"":null,""prazo_dias"":30,""created_date"":""2026-02-24T12:55:02.684885+00:00"",""updated_date"":""2026-02-24T12:55:02.684885+00:00"",""created_by_id"":null,""artigo_portaria"":""Art. 10, inciso IX e Art. 58 da Portaria AGEMS nº 317/25"",""tipo_unidade_id"":""82b5b10b-d477-4f9d-9065-f5c011242721"",""texto_determinacao"":"""",""texto_recomendacao"":""Elaborar e apresentar à AGEMS para aprovação o Manual de Prestação dos serviços e Atendimento ao Usuário"",""texto_constatacao_nao"":""O titular não apresentou o Manual de Prestação dos serviços e Atendimento ao Usuário"",""texto_constatacao_sim"":""O titular apresentou o Manual de Prestação dos serviços e Atendimento ao Usuário""},{""id"":""a2f39220-344a-4eab-a21f-0f648fbd31c4"",""ativo"":true,""ordem"":4,""gera_nc"":true,""pergunta"":""Foram apresentados os relatórios padronizados dos serviços executados?"",""texto_nc"":""30"",""is_sample"":false,""created_at"":""2026-02-24T12:55:02.754952+00:00"",""created_by"":null,""prazo_dias"":30,""created_date"":""2026-02-24T12:55:02.754952+00:00"",""updated_date"":""2026-02-24T12:55:02.754952+00:00"",""created_by_id"":null,""artigo_portaria"":""Art. 11, inciso IV da Portaria AGEMS nº 317/25"",""tipo_unidade_id"":""82b5b10b-d477-4f9d-9065-f5c011242721"",""texto_determinacao"":"""",""texto_recomendacao"":""Elaborar e apresentar à AGEMS para aprovação os Relatórios Padronizados dos serviços executados"",""texto_constatacao_nao"":""O titular não apresentou os Relatórios Padronizados dos serviços executados"",""texto_constatacao_sim"":""O titular apresentou os Relatórios Padronizados dos serviços executados""},{""id"":""81a29936-0e3f-4052-869b-04daa6c17f82"",""ativo"":true,""ordem"":5,""gera_nc"":true,""pergunta"":""As Demonstrações Financeiras anuais foram apresentadas dentro do prazo regulamentar?"",""texto_nc"":""30"",""is_sample"":false,""created_at"":""2026-02-24T12:55:02.823831+00:00"",""created_by"":null,""prazo_dias"":30,""created_date"":""2026-02-24T12:55:02.823831+00:00"",""updated_date"":""2026-02-24T12:55:02.823831+00:00"",""created_by_id"":null,""artigo_portaria"":""Art. 11, inciso XXIV da Portaria AGEMS nº 317/25"",""tipo_unidade_id"":""82b5b10b-d477-4f9d-9065-f5c011242721"",""texto_determinacao"":"""",""texto_recomendacao"":""Manter escrituração contábil e apresentar anualmente as Demonstrações Financeiras obrigatórias"",""texto_constatacao_nao"":""O titular não apresentou as Demonstrações Financeiras anuais e/ou documentos contábeis obrigatórios"",""texto_constatacao_sim"":""O titular apresentou as Demonstrações Financeiras obrigatórias, conforme Normas Brasileiras de Contabilidade""},{""id"":""d0861fd3-4b4a-42a7-a720-1d590fcca157"",""ativo"":true,""ordem"":6,""gera_nc"":true,""pergunta"":""O Relatório Anual Consolidado dos serviços executados foi encaminhado à AGEMS?"",""texto_nc"":""30"",""is_sample"":false,""created_at"":""2026-02-24T12:55:02.892819+00:00"",""created_by"":null,""prazo_dias"":30,""created_date"":""2026-02-24T12:55:02.892819+00:00"",""updated_date"":""2026-02-24T12:55:02.892819+00:00"",""created_by_id"":null,""artigo_portaria"":""Art. 50 da Portaria AGEMS nº 317/25"",""tipo_unidade_id"":""82b5b10b-d477-4f9d-9065-f5c011242721"",""texto_determinacao"":"""",""texto_recomendacao"":""Elaborar e encaminhar à AGEMS, anualmente, relatórios consolidados dos serviços executados"",""texto_constatacao_nao"":""O titular não encaminhou o Relatório Anual Consolidado com os dados operacionais exigidos"",""texto_constatacao_sim"":""O titular encaminhou o Relatório Anual Consolidado contendo dados operacionais exigidos""},{""id"":""9221d89d-b9b9-4600-9a6a-f828acf86d96"",""ativo"":true,""ordem"":7,""gera_nc"":true,""pergunta"":""Os contratos de terceirização e seus aditivos foram encaminhados à AGEMS?"",""texto_nc"":""30"",""is_sample"":false,""created_at"":""2026-02-24T12:55:02.960073+00:00"",""created_by"":null,""prazo_dias"":30,""created_date"":""2026-02-24T12:55:02.960073+00:00"",""updated_date"":""2026-02-24T12:55:02.960073+00:00"",""created_by_id"":null,""artigo_portaria"":""Art. 10, inciso XIV da Portaria AGEMS nº 317/25"",""tipo_unidade_id"":""82b5b10b-d477-4f9d-9065-f5c011242721"",""texto_determinacao"":"""",""texto_recomendacao"":""Encaminhar à AGEMS os contratos de terceirização das atividades integrantes dos serviços e seus respectivos aditivos"",""texto_constatacao_nao"":""Os contratos de terceirização e/ou seus aditivos não foram encaminhados à AGEMS"",""texto_constatacao_sim"":""Os contratos de terceirização e seus respectivos aditivos foram devidamente encaminhados à Agência""},{""id"":""ff320938-ccaf-45d3-b630-693b311ff3f7"",""ativo"":true,""ordem"":8,""gera_nc"":true,""pergunta"":""O município instituiu instrumento de cobrança (taxa ou tarifa) para custeio dos serviços?"",""texto_nc"":""30"",""is_sample"":false,""created_at"":""2026-02-24T12:55:03.026898+00:00"",""created_by"":null,""prazo_dias"":30,""created_date"":""2026-02-24T12:55:03.026898+00:00"",""updated_date"":""2026-02-24T12:55:03.026898+00:00"",""created_by_id"":null,""artigo_portaria"":""Art. 10, inciso III e Art. 44 da Portaria AGEMS nº 317/25"",""tipo_unidade_id"":""82b5b10b-d477-4f9d-9065-f5c011242721"",""texto_determinacao"":"""",""texto_recomendacao"":""Instituir instrumento de cobrança (taxa ou tarifa) para garantir a sustentabilidade econômico-financeira dos serviços"",""texto_constatacao_nao"":""Não há taxa ou tarifa municipal instituída para custeio dos serviços de Coleta, Transporte, Tratamento e Destinação Final de Resíduos Sólidos Urbanos (TRS)"",""texto_constatacao_sim"":""Há taxa ou tarifa municipal instituída para custeio dos serviços de Coleta, Transporte, Tratamento e Destinação Final de Resíduos Sólidos Urbanos (TRS)""},{""id"":""12805585-2928-4826-b040-8e1e0d21eb1b"",""ativo"":true,""ordem"":9,""gera_nc"":true,""pergunta"":""É mantido controle regular e mensal dos custos e despesas da prestação dos serviços?"",""texto_nc"":""30"",""is_sample"":false,""created_at"":""2026-02-24T12:55:03.092381+00:00"",""created_by"":null,""prazo_dias"":30,""created_date"":""2026-02-24T12:55:03.092381+00:00"",""updated_date"":""2026-02-24T12:55:03.092381+00:00"",""created_by_id"":null,""artigo_portaria"":""Art. 11, inciso XXIII da Portaria AGEMS nº 317/25"",""tipo_unidade_id"":""82b5b10b-d477-4f9d-9065-f5c011242721"",""texto_determinacao"":"""",""texto_recomendacao"":""Implementar controle regular e mensal das receitas, custos e despesas, segregados por níveis de atendimento (coleta, transporte, destinação)"",""texto_constatacao_nao"":""A administração não mantém controle regular e mensal dos custos e despesas de operação e manutenção, segregadas por níveis de atendimento"",""texto_constatacao_sim"":""A administração mantém controle regular e mensal dos custos e despesas de operação e manutenção, segregadas por níveis de atendimento""},{""id"":""3cf7816c-183d-426a-85af-46dad1236ec7"",""ativo"":true,""ordem"":10,""gera_nc"":true,""pergunta"":""O município possui regulamentação específica para grandes geradores de resíduos sólidos?"",""texto_nc"":""30"",""is_sample"":false,""created_at"":""2026-02-24T12:55:03.158161+00:00"",""created_by"":null,""prazo_dias"":30,""created_date"":""2026-02-24T12:55:03.158161+00:00"",""updated_date"":""2026-02-24T12:55:03.158161+00:00"",""created_by_id"":null,""artigo_portaria"":""Art. 44, § 1º da Portaria AGEMS nº 317/25"",""tipo_unidade_id"":""82b5b10b-d477-4f9d-9065-f5c011242721"",""texto_determinacao"":"""",""texto_recomendacao"":""Elaborar e aprovar regulamentação definindo a condição de grande gerador e suas responsabilidades, inclusive quanto ao pagamento de preços públicos"",""texto_constatacao_nao"":""O município não possui dispositivos legais que regulamentam a condição de grande gerador de resíduos sólidos e suas responsabilidades"",""texto_constatacao_sim"":""O município possui dispositivos legais que regulamentam a condição de grande gerador de resíduos sólidos e suas responsabilidades""},{""id"":""9b69ea84-4d6a-40e7-ae0f-91a1ece0193c"",""ativo"":true,""ordem"":1,""gera_nc"":true,""pergunta"":""A responsabilidade pela operação do aterro é da Prefeitura Municipal (Execução Direta)?"",""texto_nc"":""30"",""is_sample"":false,""created_at"":""2026-02-24T12:55:08.029633+00:00"",""created_by"":null,""prazo_dias"":30,""created_date"":""2026-02-24T12:55:08.029633+00:00"",""updated_date"":""2026-02-24T12:55:08.029633+00:00"",""created_by_id"":null,""artigo_portaria"":"""",""tipo_unidade_id"":""0fca15f7-d8b1-44fc-ab5d-989f33bedb77"",""texto_determinacao"":"""",""texto_recomendacao"":"""",""texto_constatacao_nao"":"""",""texto_constatacao_sim"":""A operação é realizada diretamente pela equipe da Prefeitura Municipal""},{""id"":""2de69d4e-7a89-4435-85bc-3992fe0f6a24"",""ativo"":true,""ordem"":2,""gera_nc"":true,""pergunta"":""A responsabilidade pela operação do aterro é de empresa terceirizada contratada pela Prefeitura?"",""texto_nc"":""30"",""is_sample"":false,""created_at"":""2026-02-24T12:55:08.097659+00:00"",""created_by"":null,""prazo_dias"":30,""created_date"":""2026-02-24T12:55:08.097659+00:00"",""updated_date"":""2026-02-24T12:55:08.097659+00:00"",""created_by_id"":null,""artigo_portaria"":"""",""tipo_unidade_id"":""0fca15f7-d8b1-44fc-ab5d-989f33bedb77"",""texto_determinacao"":"""",""texto_recomendacao"":"""",""texto_constatacao_nao"":"""",""texto_constatacao_sim"":""A operação é realizada por empresa contratada pela Prefeitura Municipal""},{""id"":""a8471e7c-2109-4d6a-a1a2-80b80ac12da8"",""ativo"":true,""ordem"":3,""gera_nc"":true,""pergunta"":""A responsabilidade pela operação do aterro é de Consórcio Público (Execução Direta)?"",""texto_nc"":""30"",""is_sample"":false,""created_at"":""2026-02-24T12:55:08.169897+00:00"",""created_by"":null,""prazo_dias"":30,""created_date"":""2026-02-24T12:55:08.169897+00:00"",""updated_date"":""2026-02-24T12:55:08.169897+00:00"",""created_by_id"":null,""artigo_portaria"":"""",""tipo_unidade_id"":""0fca15f7-d8b1-44fc-ab5d-989f33bedb77"",""texto_determinacao"":"""",""texto_recomendacao"":"""",""texto_constatacao_nao"":"""",""texto_constatacao_sim"":""A operação é realizada diretamente pelo Consórcio Público""},{""id"":""680824d4-839f-4d43-9f19-4e97f8216b14"",""ativo"":true,""ordem"":4,""gera_nc"":true,""pergunta"":""A operação é realizada por empresa privada contratada por Consórcio Público?"",""texto_nc"":""30"",""is_sample"":false,""created_at"":""2026-02-24T12:55:08.23814+00:00"",""created_by"":null,""prazo_dias"":30,""created_date"":""2026-02-24T12:55:08.23814+00:00"",""updated_date"":""2026-02-24T12:55:08.23814+00:00"",""created_by_id"":null,""artigo_portaria"":"""",""tipo_unidade_id"":""0fca15f7-d8b1-44fc-ab5d-989f33bedb77"",""texto_determinacao"":"""",""texto_recomendacao"":"""",""texto_constatacao_nao"":"""",""texto_constatacao_sim"":""A operação é realizada por empresa privada sob gestão de Consórcio Público""},{""id"":""aeb16107-39e8-4237-85e2-f0d1b05de462"",""ativo"":true,""ordem"":5,""gera_nc"":true,""pergunta"":""A responsabilidade pela operação do aterro é de um empreendimento privado?"",""texto_nc"":""30"",""is_sample"":false,""created_at"":""2026-02-24T12:55:08.304338+00:00"",""created_by"":null,""prazo_dias"":30,""created_date"":""2026-02-24T12:55:08.304338+00:00"",""updated_date"":""2026-02-24T12:55:08.304338+00:00"",""created_by_id"":null,""artigo_portaria"":"""",""tipo_unidade_id"":""0fca15f7-d8b1-44fc-ab5d-989f33bedb77"",""texto_determinacao"":"""",""texto_recomendacao"":"""",""texto_constatacao_nao"":"""",""texto_constatacao_sim"":""O aterro é um empreendimento privado""},{""id"":""fae99aff-3d5f-430f-ae5e-7d3f202e43cb"",""ativo"":true,""ordem"":27,""gera_nc"":true,""pergunta"":""Existem poços de monitoramento de águas subterrâneas?"",""texto_nc"":""60"",""is_sample"":false,""created_at"":""2026-02-24T12:55:09.792598+00:00"",""created_by"":null,""prazo_dias"":30,""created_date"":""2026-02-24T12:55:09.792598+00:00"",""updated_date"":""2026-02-24T12:55:09.792598+00:00"",""created_by_id"":null,""artigo_portaria"":""Art. 33 da Portaria AGEMS nº 317/25"",""tipo_unidade_id"":""0fca15f7-d8b1-44fc-ab5d-989f33bedb77"",""texto_determinacao"":"""",""texto_recomendacao"":""Instalar poços de monitoramento conforme exigência ambiental"",""texto_constatacao_nao"":""Não há poços de monitoramento instalados na área"",""texto_constatacao_sim"":""Existem poços de monitoramento instalados""},{""id"":""17e47f5b-0f97-47f9-8ff9-590d4ce01580"",""ativo"":true,""ordem"":8,""gera_nc"":true,""pergunta"":""O perímetro do aterro está totalmente cercado?"",""texto_nc"":""30"",""is_sample"":false,""created_at"":""2026-02-24T12:55:08.506255+00:00"",""created_by"":null,""prazo_dias"":30,""created_date"":""2026-02-24T12:55:08.506255+00:00"",""updated_date"":""2026-02-24T12:55:08.506255+00:00"",""created_by_id"":null,""artigo_portaria"":""Art. 36, inciso VI da Portaria AGEMS nº 317/25"",""tipo_unidade_id"":""0fca15f7-d8b1-44fc-ab5d-989f33bedb77"",""texto_determinacao"":"""",""texto_recomendacao"":""Instalar ou recuperar o cercamento perimetral para impedir o acesso de pessoas não autorizadas"",""texto_constatacao_nao"":""O cercamento é inexistente ou precário, permitindo o acesso livre de pessoas e animais"",""texto_constatacao_sim"":""O perímetro encontra-se cercado, impedindo o acesso de pessoas não autorizadas e animais""},{""id"":""730d6457-a54d-4b0f-acec-262a4df87a4b"",""ativo"":true,""ordem"":9,""gera_nc"":true,""pergunta"":""Existe controle de acesso e registro na portaria?"",""texto_nc"":""30"",""is_sample"":false,""created_at"":""2026-02-24T12:55:08.572004+00:00"",""created_by"":null,""prazo_dias"":30,""created_date"":""2026-02-24T12:55:08.572004+00:00"",""updated_date"":""2026-02-24T12:55:08.572004+00:00"",""created_by_id"":null,""artigo_portaria"":""Art. 35, inciso I da Portaria AGEMS nº 317/25"",""tipo_unidade_id"":""0fca15f7-d8b1-44fc-ab5d-989f33bedb77"",""texto_determinacao"":"""",""texto_recomendacao"":""Implantar sistema de controle de acesso e registro na portaria da unidade"",""texto_constatacao_nao"":""Não há controle de acesso ou registro de quem entra na unidade"",""texto_constatacao_sim"":""Há controle efetivo de acesso e registro de entrada/saída""},{""id"":""3ba556c8-563f-450a-89c0-433999d5805e"",""ativo"":true,""ordem"":10,""gera_nc"":true,""pergunta"":""Existe balança rodoviária operante?"",""texto_nc"":""60"",""is_sample"":false,""created_at"":""2026-02-24T12:55:08.635387+00:00"",""created_by"":null,""prazo_dias"":30,""created_date"":""2026-02-24T12:55:08.635387+00:00"",""updated_date"":""2026-02-24T12:55:08.635387+00:00"",""created_by_id"":null,""artigo_portaria"":""Art. 35, inciso I da Portaria AGEMS nº 317/25"",""tipo_unidade_id"":""0fca15f7-d8b1-44fc-ab5d-989f33bedb77"",""texto_determinacao"":"""",""texto_recomendacao"":""Instalar balança rodoviária para controle e registro de massa"",""texto_constatacao_nao"":""Não há balança operante, impossibilitando o controle real da massa aterrada"",""texto_constatacao_sim"":""A unidade possui balança rodoviária operante para pesagem dos resíduos""},{""id"":""a42a912f-90e0-4a05-aa8f-1cbcc0e40867"",""ativo"":true,""ordem"":11,""gera_nc"":true,""pergunta"":""A unidade possui estruturas de apoio operacional e administrativo?"",""texto_nc"":""60"",""is_sample"":false,""created_at"":""2026-02-24T12:55:08.702221+00:00"",""created_by"":null,""prazo_dias"":30,""created_date"":""2026-02-24T12:55:08.702221+00:00"",""updated_date"":""2026-02-24T12:55:08.702221+00:00"",""created_by_id"":null,""artigo_portaria"":""Art. 28, Parágrafo único da Portaria AGEMS nº 317/25"",""tipo_unidade_id"":""0fca15f7-d8b1-44fc-ab5d-989f33bedb77"",""texto_determinacao"":"""",""texto_recomendacao"":""Implantar ou adequar as estruturas administrativas e de apoio operacional"",""texto_constatacao_nao"":""As estruturas de apoio são inexistentes ou precárias para os trabalhadores"",""texto_constatacao_sim"":""A unidade possui escritório, sanitários e vestiários adequados""},{""id"":""790c029c-d6e6-4ee9-a2f9-d60d60f9c3d6"",""ativo"":true,""ordem"":12,""gera_nc"":true,""pergunta"":""A base das áreas de disposição é impermeabilizada?"",""texto_nc"":""30"",""is_sample"":false,""created_at"":""2026-02-24T12:55:08.776977+00:00"",""created_by"":null,""prazo_dias"":30,""created_date"":""2026-02-24T12:55:08.776977+00:00"",""updated_date"":""2026-02-24T12:55:08.776977+00:00"",""created_by_id"":null,""artigo_portaria"":""Art. 33 da Portaria AGEMS nº 317/25"",""tipo_unidade_id"":""0fca15f7-d8b1-44fc-ab5d-989f33bedb77"",""texto_determinacao"":"""",""texto_recomendacao"":""Paralisar a disposição em áreas não impermeabilizadas e regularizar a proteção do solo"",""texto_constatacao_nao"":""Identificou-se disposição de resíduos em áreas sem impermeabilização adequada"",""texto_constatacao_sim"":""A base possui sistema de impermeabilização""},{""id"":""fb83035a-cfb1-4176-ad49-de153353207f"",""ativo"":true,""ordem"":13,""gera_nc"":true,""pergunta"":""A frente de trabalho é mantida restrita?"",""texto_nc"":""30"",""is_sample"":false,""created_at"":""2026-02-24T12:55:08.840847+00:00"",""created_by"":null,""prazo_dias"":30,""created_date"":""2026-02-24T12:55:08.840847+00:00"",""updated_date"":""2026-02-24T12:55:08.840847+00:00"",""created_by_id"":null,""artigo_portaria"":""Art. 35, inciso II da Portaria AGEMS nº 317/25"",""tipo_unidade_id"":""0fca15f7-d8b1-44fc-ab5d-989f33bedb77"",""texto_determinacao"":"""",""texto_recomendacao"":""Restringir a frente de trabalho para garantir a eficiência do espalhamento e compactação"",""texto_constatacao_nao"":""A frente de trabalho é extensa e espalhada, dificultando o controle e cobertura"",""texto_constatacao_sim"":""A frente de trabalho é restrita à menor área possível, facilitando a operação""},{""id"":""b88efc3f-89a5-4ab0-be98-5eeed56e6258"",""ativo"":true,""ordem"":14,""gera_nc"":true,""pergunta"":""É realizada a compactação adequada dos resíduos?"",""texto_nc"":""30"",""is_sample"":false,""created_at"":""2026-02-24T12:55:08.90559+00:00"",""created_by"":null,""prazo_dias"":30,""created_date"":""2026-02-24T12:55:08.90559+00:00"",""updated_date"":""2026-02-24T12:55:08.90559+00:00"",""created_by_id"":null,""artigo_portaria"":""Art. 35, inciso II da Portaria AGEMS nº 317/25"",""tipo_unidade_id"":""0fca15f7-d8b1-44fc-ab5d-989f33bedb77"",""texto_determinacao"":"""",""texto_recomendacao"":""Realizar a compactação dos resíduos com equipamento adequado conforme exigência normativa"",""texto_constatacao_nao"":""Os resíduos não são compactados adequadamente ou utiliza-se equipamento insuficiente"",""texto_constatacao_sim"":""Os resíduos são compactados regularmente com equipamento adequado""},{""id"":""682b999a-ecd3-40d7-9355-f9834f8bb077"",""ativo"":true,""ordem"":15,""gera_nc"":true,""pergunta"":""É realizada a cobertura diária dos resíduos?"",""texto_nc"":""30"",""is_sample"":false,""created_at"":""2026-02-24T12:55:08.970057+00:00"",""created_by"":null,""prazo_dias"":30,""created_date"":""2026-02-24T12:55:08.970057+00:00"",""updated_date"":""2026-02-24T12:55:08.970057+00:00"",""created_by_id"":null,""artigo_portaria"":""Art. 35, inciso IV da Portaria AGEMS nº 317/25"",""tipo_unidade_id"":""0fca15f7-d8b1-44fc-ab5d-989f33bedb77"",""texto_determinacao"":"""",""texto_recomendacao"":""Executar a cobertura diária dos resíduos expostos para evitar vetores e odores"",""texto_constatacao_nao"":""Não há cobertura diária, com resíduos expostos a céu aberto"",""texto_constatacao_sim"":""Os resíduos recebem cobertura com material inerte ao final da jornada""},{""id"":""748d004a-954d-4745-adf5-acf3381f4d6a"",""ativo"":true,""ordem"":16,""gera_nc"":true,""pergunta"":""Os taludes apresentam estabilidade?"",""texto_nc"":""30"",""is_sample"":false,""created_at"":""2026-02-24T12:55:09.037722+00:00"",""created_by"":null,""prazo_dias"":30,""created_date"":""2026-02-24T12:55:09.037722+00:00"",""updated_date"":""2026-02-24T12:55:09.037722+00:00"",""created_by_id"":null,""artigo_portaria"":""Art. 34 da Portaria AGEMS nº 317/25"",""tipo_unidade_id"":""0fca15f7-d8b1-44fc-ab5d-989f33bedb77"",""texto_determinacao"":"""",""texto_recomendacao"":""Recuperar os taludes garantindo a estabilidade do maciço conforme normas técnicas"",""texto_constatacao_nao"":""Os taludes apresentam erosões, trincas ou riscos de instabilidade"",""texto_constatacao_sim"":""Os taludes estão estáveis e conformados geometricamente""},{""id"":""6223870c-2ac6-4a7d-a6f8-1419271d3449"",""ativo"":true,""ordem"":17,""gera_nc"":true,""pergunta"":""Há proteção vegetal (gramíneas) nos taludes encerrados?"",""texto_nc"":""60"",""is_sample"":false,""created_at"":""2026-02-24T12:55:09.104803+00:00"",""created_by"":null,""prazo_dias"":30,""created_date"":""2026-02-24T12:55:09.104803+00:00"",""updated_date"":""2026-02-24T12:55:09.104803+00:00"",""created_by_id"":null,""artigo_portaria"":""Art. 35, inciso IV da Portaria AGEMS nº 317/25"",""tipo_unidade_id"":""0fca15f7-d8b1-44fc-ab5d-989f33bedb77"",""texto_determinacao"":"""",""texto_recomendacao"":""Executar o plantio de gramíneas nos taludes para proteção contra erosão"",""texto_constatacao_nao"":""Não há plantio de gramíneas, deixando o solo dos taludes exposto à erosão"",""texto_constatacao_sim"":""Os taludes encerrados possuem cobertura vegetal""},{""id"":""5a506c70-e2a5-4580-b9a2-8b16a37c8177"",""ativo"":true,""ordem"":18,""gera_nc"":true,""pergunta"":""O sistema de drenagem pluvial está operante?"",""texto_nc"":""30"",""is_sample"":false,""created_at"":""2026-02-24T12:55:09.176924+00:00"",""created_by"":null,""prazo_dias"":30,""created_date"":""2026-02-24T12:55:09.176924+00:00"",""updated_date"":""2026-02-24T12:55:09.176924+00:00"",""created_by_id"":null,""artigo_portaria"":""Art. 35, inciso V da Portaria AGEMS nº 317/25"",""tipo_unidade_id"":""0fca15f7-d8b1-44fc-ab5d-989f33bedb77"",""texto_determinacao"":"""",""texto_recomendacao"":""Realizar a manutenção e ampliação do sistema de drenagem de águas pluviais"",""texto_constatacao_nao"":""O sistema de drenagem pluvial está obstruído, assoreado ou inexistente"",""texto_constatacao_sim"":""O sistema de drenagem pluvial (canaletas) está limpo e opera adequadamente""},{""id"":""d8772e3c-ca59-4ea0-b96b-4fd1c5bbec39"",""ativo"":true,""ordem"":19,""gera_nc"":true,""pergunta"":""O sistema de drenagem de chorume está operante?"",""texto_nc"":""30"",""is_sample"":false,""created_at"":""2026-02-24T12:55:09.247358+00:00"",""created_by"":null,""prazo_dias"":30,""created_date"":""2026-02-24T12:55:09.247358+00:00"",""updated_date"":""2026-02-24T12:55:09.247358+00:00"",""created_by_id"":null,""artigo_portaria"":""Art. 35, inciso VI da Portaria AGEMS nº 317/25"",""tipo_unidade_id"":""0fca15f7-d8b1-44fc-ab5d-989f33bedb77"",""texto_determinacao"":"""",""texto_recomendacao"":""Desobstruir os ramais de drenagem de chorume para garantir a coleta eficiente"",""texto_constatacao_nao"":""Os drenos de chorume estão obstruídos ou inexistentes, gerando acúmulo na base"",""texto_constatacao_sim"":""Os drenos de chorume estão operantes e coletando o percolado""},{""id"":""493da0df-945c-4348-9b92-4ff185b8c82a"",""ativo"":true,""ordem"":20,""gera_nc"":true,""pergunta"":""Há afloramento ou acúmulo indevido de chorume?"",""texto_nc"":""30"",""is_sample"":false,""created_at"":""2026-02-24T12:55:09.319621+00:00"",""created_by"":null,""prazo_dias"":30,""created_date"":""2026-02-24T12:55:09.319621+00:00"",""updated_date"":""2026-02-24T12:55:09.319621+00:00"",""created_by_id"":null,""artigo_portaria"":""Art. 35, inciso VI da Portaria AGEMS nº 317/25"",""tipo_unidade_id"":""0fca15f7-d8b1-44fc-ab5d-989f33bedb77"",""texto_determinacao"":"""",""texto_recomendacao"":""Corrigir o sistema de drenagem e remover o chorume acumulado indevidamente"",""texto_constatacao_nao"":""Identificou-se afloramento de chorume nos taludes ou empoçamento na área"",""texto_constatacao_sim"":""Não há afloramento ou acúmulo indevido de chorume""},{""id"":""4e2e386a-f1d2-4202-9899-b9f705d0d7fd"",""ativo"":true,""ordem"":21,""gera_nc"":true,""pergunta"":""O sistema de tratamento de chorume é adequado e estanque?"",""texto_nc"":""30"",""is_sample"":false,""created_at"":""2026-02-24T12:55:09.383865+00:00"",""created_by"":null,""prazo_dias"":30,""created_date"":""2026-02-24T12:55:09.383865+00:00"",""updated_date"":""2026-02-24T12:55:09.383865+00:00"",""created_by_id"":null,""artigo_portaria"":""Art. 35, inciso VII da Portaria AGEMS nº 317/25"",""tipo_unidade_id"":""0fca15f7-d8b1-44fc-ab5d-989f33bedb77"",""texto_determinacao"":"""",""texto_recomendacao"":""Adequar e impermeabilizar o sistema de tratamento de chorume para evitar contaminação"",""texto_constatacao_nao"":""O sistema de tratamento é precário, apresenta vazamentos ou risco de transbordo"",""texto_constatacao_sim"":""O chorume é tratado em sistema adequado e impermeabilizado""},{""id"":""c0321864-278a-479c-a4fb-46e5f335f8f4"",""ativo"":true,""ordem"":22,""gera_nc"":true,""pergunta"":""Existe sistema de drenagem e queima de biogás?"",""texto_nc"":""60"",""is_sample"":false,""created_at"":""2026-02-24T12:55:09.452254+00:00"",""created_by"":null,""prazo_dias"":30,""created_date"":""2026-02-24T12:55:09.452254+00:00"",""updated_date"":""2026-02-24T12:55:09.452254+00:00"",""created_by_id"":null,""artigo_portaria"":""Art. 35, inciso III da Portaria AGEMS nº 317/25"",""tipo_unidade_id"":""0fca15f7-d8b1-44fc-ab5d-989f33bedb77"",""texto_determinacao"":"""",""texto_recomendacao"":""Implantar ou realizar manutenção nos queimadores de biogás"",""texto_constatacao_nao"":""Não há queima de biogás (drenos passivos sem queima ou inexistentes)"",""texto_constatacao_sim"":""Há drenos verticais com queima de biogás ou aproveitamento energético""},{""id"":""04213536-ea20-4370-91ba-851a8af8ae8f"",""ativo"":true,""ordem"":23,""gera_nc"":true,""pergunta"":""A operação é livre de queima de resíduos a céu aberto?"",""texto_nc"":""30"",""is_sample"":false,""created_at"":""2026-02-24T12:55:09.520151+00:00"",""created_by"":null,""prazo_dias"":30,""created_date"":""2026-02-24T12:55:09.520151+00:00"",""updated_date"":""2026-02-24T12:55:09.520151+00:00"",""created_by_id"":null,""artigo_portaria"":""Art. 36, inciso V da Portaria AGEMS nº 317/25"",""tipo_unidade_id"":""0fca15f7-d8b1-44fc-ab5d-989f33bedb77"",""texto_determinacao"":"""",""texto_recomendacao"":""Extinguir imediatamente quaisquer focos de incêndio e adotar medidas preventivas"",""texto_constatacao_nao"":""Verificou-se a queima de resíduos a céu aberto na unidade"",""texto_constatacao_sim"":""A operação é livre de queima de resíduos""},{""id"":""ef5de721-9026-4eac-929a-060174921ff5"",""ativo"":true,""ordem"":24,""gera_nc"":true,""pergunta"":""A área operacional é livre de catadores?"",""texto_nc"":""30"",""is_sample"":false,""created_at"":""2026-02-24T12:55:09.588883+00:00"",""created_by"":null,""prazo_dias"":30,""created_date"":""2026-02-24T12:55:09.588883+00:00"",""updated_date"":""2026-02-24T12:55:09.588883+00:00"",""created_by_id"":null,""artigo_portaria"":""Art. 36, inciso II da Portaria AGEMS nº 317/25"",""tipo_unidade_id"":""0fca15f7-d8b1-44fc-ab5d-989f33bedb77"",""texto_determinacao"":"""",""texto_recomendacao"":""Proibir e impedir a catação direta de materiais nas áreas de disposição final"",""texto_constatacao_nao"":""Verificou-se a presença de catadores na área operacional ou de disposição"",""texto_constatacao_sim"":""A área é livre da presença de catadores""},{""id"":""d088733a-a4b4-4a72-bf59-6ffe14444b8c"",""ativo"":true,""ordem"":25,""gera_nc"":true,""pergunta"":""A área interna é livre de habitações temporárias ou permanentes?"",""texto_nc"":""30"",""is_sample"":false,""created_at"":""2026-02-24T12:55:09.655901+00:00"",""created_by"":null,""prazo_dias"":30,""created_date"":""2026-02-24T12:55:09.655901+00:00"",""updated_date"":""2026-02-24T12:55:09.655901+00:00"",""created_by_id"":null,""artigo_portaria"":""Art. 36, inciso IV da Portaria AGEMS nº 317/25"",""tipo_unidade_id"":""0fca15f7-d8b1-44fc-ab5d-989f33bedb77"",""texto_determinacao"":"""",""texto_recomendacao"":""Articular com órgãos competentes a realocação das moradias e impedir a ocupação da área interna do aterro"",""texto_constatacao_nao"":""Identificou-se a presença de habitações ou barracos dentro da área da unidade"",""texto_constatacao_sim"":""A área é livre de habitações ou ocupações irregulares""},{""id"":""e62a706e-ca9d-4eba-9354-1fc9b07c40ba"",""ativo"":true,""ordem"":26,""gera_nc"":true,""pergunta"":""A área é livre de animais?"",""texto_nc"":""30"",""is_sample"":false,""created_at"":""2026-02-24T12:55:09.724257+00:00"",""created_by"":null,""prazo_dias"":30,""created_date"":""2026-02-24T12:55:09.724257+00:00"",""updated_date"":""2026-02-24T12:55:09.724257+00:00"",""created_by_id"":null,""artigo_portaria"":""Art. 36, inciso III da Portaria AGEMS nº 317/25"",""tipo_unidade_id"":""0fca15f7-d8b1-44fc-ab5d-989f33bedb77"",""texto_determinacao"":"""",""texto_recomendacao"":""Impedir a entrada e permanência de animais na área do aterro"",""texto_constatacao_nao"":""Verificou-se a presença de animais na área"",""texto_constatacao_sim"":""Não há presença de animais domésticos ou de criação na área""},{""id"":""159f5427-8cff-4193-bfcc-064bf330f53a"",""ativo"":true,""ordem"":28,""gera_nc"":true,""pergunta"":""O monitoramento ambiental (geotécnico/águas) é realizado periodicamente?"",""texto_nc"":""30"",""is_sample"":false,""created_at"":""2026-02-24T12:55:09.857432+00:00"",""created_by"":null,""prazo_dias"":30,""created_date"":""2026-02-24T12:55:09.857432+00:00"",""updated_date"":""2026-02-24T12:55:09.857432+00:00"",""created_by_id"":null,""artigo_portaria"":""Art. 11, inciso XIV da Portaria AGEMS nº 317/25"",""tipo_unidade_id"":""0fca15f7-d8b1-44fc-ab5d-989f33bedb77"",""texto_determinacao"":"""",""texto_recomendacao"":""Executar o monitoramento ambiental e geotécnico conforme periodicidade definida"",""texto_constatacao_nao"":""O monitoramento ambiental não está sendo executado (falta de laudos recentes)"",""texto_constatacao_sim"":""O monitoramento ambiental é realizado periodicamente conforme plano""},{""id"":""3051fe72-7ec0-423d-b88c-00cfa02edf49"",""ativo"":true,""ordem"":29,""gera_nc"":true,""pergunta"":""Há cinturão verde no perímetro da unidade?"",""texto_nc"":""90"",""is_sample"":false,""created_at"":""2026-02-24T12:55:09.920581+00:00"",""created_by"":null,""prazo_dias"":30,""created_date"":""2026-02-24T12:55:09.920581+00:00"",""updated_date"":""2026-02-24T12:55:09.920581+00:00"",""created_by_id"":null,""artigo_portaria"":""Art. 34 da Portaria AGEMS nº 317/25"",""tipo_unidade_id"":""0fca15f7-d8b1-44fc-ab5d-989f33bedb77"",""texto_determinacao"":"""",""texto_recomendacao"":""Implantar cinturão verde para mitigação visual e de odores"",""texto_constatacao_nao"":""Não há cinturão verde no perímetro da unidade"",""texto_constatacao_sim"":""Existe cinturão verde ou vegetação perimetral""},{""id"":""2fd88ba7-5f2e-4d6e-8b2c-1a6c58e866f8"",""ativo"":true,""ordem"":30,""gera_nc"":true,""pergunta"":""Os trabalhadores utilizam EPIs adequados?"",""texto_nc"":""30"",""is_sample"":false,""created_at"":""2026-02-24T12:55:09.983138+00:00"",""created_by"":null,""prazo_dias"":30,""created_date"":""2026-02-24T12:55:09.983138+00:00"",""updated_date"":""2026-02-24T12:55:09.983138+00:00"",""created_by_id"":null,""artigo_portaria"":""Art. 20, inciso VIII da Portaria AGEMS nº 317/25"",""tipo_unidade_id"":""0fca15f7-d8b1-44fc-ab5d-989f33bedb77"",""texto_determinacao"":"""",""texto_recomendacao"":""Fornecer e fiscalizar o uso de EPIs adequados por todos os trabalhadores"",""texto_constatacao_nao"":""Identificou-se a falta ou uso incorreto de EPIs pelos trabalhadores"",""texto_constatacao_sim"":""Os trabalhadores utilizam EPIs adequados à atividade""},{""id"":""aae5aa03-4420-49ee-a8eb-54447c9b8dfe"",""ativo"":true,""ordem"":31,""gera_nc"":true,""pergunta"":""A quantidade de equipamentos e veículos é suficiente para a operação?"",""texto_nc"":""30"",""is_sample"":false,""created_at"":""2026-02-24T12:55:10.047567+00:00"",""created_by"":null,""prazo_dias"":30,""created_date"":""2026-02-24T12:55:10.047567+00:00"",""updated_date"":""2026-02-24T12:55:10.047567+00:00"",""created_by_id"":null,""artigo_portaria"":""Art. 11, inciso V da Portaria AGEMS nº 317/25"",""tipo_unidade_id"":""0fca15f7-d8b1-44fc-ab5d-989f33bedb77"",""texto_determinacao"":"""",""texto_recomendacao"":""Disponibilizar equipamentos e veículos suficientes para garantir a regularidade da operação"",""texto_constatacao_nao"":""A quantidade de equipamentos é insuficiente, comprometendo a operação"",""texto_constatacao_sim"":""A frota disponível atende à demanda operacional da unidade""},{""id"":""b3a7db62-ec92-4cb1-9c87-dcca25cf6161"",""ativo"":true,""ordem"":32,""gera_nc"":true,""pergunta"":""A equipe operacional é suficiente para a demanda?"",""texto_nc"":""30"",""is_sample"":false,""created_at"":""2026-02-24T12:55:10.120535+00:00"",""created_by"":null,""prazo_dias"":30,""created_date"":""2026-02-24T12:55:10.120535+00:00"",""updated_date"":""2026-02-24T12:55:10.120535+00:00"",""created_by_id"":null,""artigo_portaria"":""Art. 11, inciso V da Portaria AGEMS nº 317/25"",""tipo_unidade_id"":""0fca15f7-d8b1-44fc-ab5d-989f33bedb77"",""texto_determinacao"":"""",""texto_recomendacao"":""Adequar o quadro de recursos humanos às necessidades operacionais da unidade"",""texto_constatacao_nao"":""O quadro de funcionários é insuficiente para as rotinas operacionais e de segurança"",""texto_constatacao_sim"":""A equipe de operação e vigilância é suficiente""},{""id"":""27297060-db2b-4648-a4bf-10a0505d037f"",""ativo"":true,""ordem"":33,""gera_nc"":true,""pergunta"":""Os planos de monitoramento e projetos estão disponíveis na unidade?"",""texto_nc"":""30"",""is_sample"":false,""created_at"":""2026-02-24T12:55:10.184214+00:00"",""created_by"":null,""prazo_dias"":30,""created_date"":""2026-02-24T12:55:10.184214+00:00"",""updated_date"":""2026-02-24T12:55:10.184214+00:00"",""created_by_id"":null,""artigo_portaria"":""Art. 11, inciso XXII da Portaria AGEMS nº 317/25"",""tipo_unidade_id"":""0fca15f7-d8b1-44fc-ab5d-989f33bedb77"",""texto_determinacao"":"""",""texto_recomendacao"":""Manter disponíveis na unidade os Planos de Monitoramento e Projetos Técnicos atualizados"",""texto_constatacao_nao"":""Não foram apresentados os Planos de Monitoramento ou Projetos Técnicos da unidade"",""texto_constatacao_sim"":""Os documentos técnicos e planos de monitoramento estão disponíveis""},{""id"":""74ac85de-d116-496c-8d81-0f8dd3eec88b"",""ativo"":true,""ordem"":1,""gera_nc"":true,""pergunta"":""O serviço é executado de forma direta?"",""texto_nc"":""30"",""is_sample"":false,""created_at"":""2026-02-24T12:55:15.70802+00:00"",""created_by"":null,""prazo_dias"":30,""created_date"":""2026-02-24T12:55:15.70802+00:00"",""updated_date"":""2026-02-24T12:55:15.70802+00:00"",""created_by_id"":null,""artigo_portaria"":"""",""tipo_unidade_id"":""97261b22-d488-4824-b080-52fc86ad1a56"",""texto_determinacao"":"""",""texto_recomendacao"":"""",""texto_constatacao_nao"":"""",""texto_constatacao_sim"":""O serviço é executado de forma direta""},{""id"":""91f49ec5-05ea-4ac3-9b82-e8b88ca5e0a7"",""ativo"":true,""ordem"":2,""gera_nc"":true,""pergunta"":""O serviço é executado de forma indireta?"",""texto_nc"":""30"",""is_sample"":false,""created_at"":""2026-02-24T12:55:15.773476+00:00"",""created_by"":null,""prazo_dias"":30,""created_date"":""2026-02-24T12:55:15.773476+00:00"",""updated_date"":""2026-02-24T12:55:15.773476+00:00"",""created_by_id"":null,""artigo_portaria"":"""",""tipo_unidade_id"":""97261b22-d488-4824-b080-52fc86ad1a56"",""texto_determinacao"":"""",""texto_recomendacao"":"""",""texto_constatacao_nao"":"""",""texto_constatacao_sim"":""O serviço é executado de forma indireta""},{""id"":""9dc4e43d-82dc-48e7-bb46-d4c869ea7f18"",""ativo"":true,""ordem"":3,""gera_nc"":true,""pergunta"":""O serviço é executado de forma mista?"",""texto_nc"":""30"",""is_sample"":false,""created_at"":""2026-02-24T12:55:15.862265+00:00"",""created_by"":null,""prazo_dias"":30,""created_date"":""2026-02-24T12:55:15.862265+00:00"",""updated_date"":""2026-02-24T12:55:15.862265+00:00"",""created_by_id"":null,""artigo_portaria"":"""",""tipo_unidade_id"":""97261b22-d488-4824-b080-52fc86ad1a56"",""texto_determinacao"":"""",""texto_recomendacao"":"""",""texto_constatacao_nao"":"""",""texto_constatacao_sim"":""O serviço é executado de forma mista""},{""id"":""687eaa71-9eb1-4f43-acb2-f61698bb1431"",""ativo"":true,""ordem"":4,""gera_nc"":true,""pergunta"":""O sistema de compactação dos veículos funciona adequadamente e sem vazamentos?"",""texto_nc"":""30"",""is_sample"":false,""created_at"":""2026-02-24T12:55:15.928346+00:00"",""created_by"":null,""prazo_dias"":30,""created_date"":""2026-02-24T12:55:15.928346+00:00"",""updated_date"":""2026-02-24T12:55:15.928346+00:00"",""created_by_id"":null,""artigo_portaria"":""Art. 11, inciso VI da Portaria AGEMS nº 317/25"",""tipo_unidade_id"":""97261b22-d488-4824-b080-52fc86ad1a56"",""texto_determinacao"":"""",""texto_recomendacao"":""Realizar manutenção corretiva no sistema de compactação dos veículos para estancar vazamentos e garantir a eficiência operacional"",""texto_constatacao_nao"":""O sistema de compactação apresenta falhas de funcionamento ou vazamentos de fluidos hidráulicos"",""texto_constatacao_sim"":""O sistema de compactação dos veículos opera regularmente e livre de vazamentos""},{""id"":""fd08f0aa-efa4-4150-92e8-4fdc45e5d8b1"",""ativo"":true,""ordem"":5,""gera_nc"":true,""pergunta"":""Os pneus dos veículos encontram-se em bom estado de conservação?"",""texto_nc"":""30"",""is_sample"":false,""created_at"":""2026-02-24T12:55:15.996783+00:00"",""created_by"":null,""prazo_dias"":30,""created_date"":""2026-02-24T12:55:15.996783+00:00"",""updated_date"":""2026-02-24T12:55:15.996783+00:00"",""created_by_id"":null,""artigo_portaria"":""Art. 11, inciso VI da Portaria AGEMS nº 317/25"",""tipo_unidade_id"":""97261b22-d488-4824-b080-52fc86ad1a56"",""texto_determinacao"":"""",""texto_recomendacao"":""Realizar a substituição dos pneus desgastados para garantir a segurança viária e operacional da frota"",""texto_constatacao_nao"":""Os veículos apresentam pneus desgastados ou em más condições de conservação, comprometendo a segurança"",""texto_constatacao_sim"":""Os pneus dos veículos encontram-se em bom estado de conservação e segurança""},{""id"":""780ac94d-9db6-4084-bc40-c98a5e377c90"",""ativo"":true,""ordem"":6,""gera_nc"":true,""pergunta"":""A estrutura geral dos veículos (lataria, pintura, para-choques) está preservada?"",""texto_nc"":""30"",""is_sample"":false,""created_at"":""2026-02-24T12:55:16.068916+00:00"",""created_by"":null,""prazo_dias"":30,""created_date"":""2026-02-24T12:55:16.068916+00:00"",""updated_date"":""2026-02-24T12:55:16.068916+00:00"",""created_by_id"":null,""artigo_portaria"":""Art. 11, inciso VI da Portaria AGEMS nº 317/25"",""tipo_unidade_id"":""97261b22-d488-4824-b080-52fc86ad1a56"",""texto_determinacao"":"""",""texto_recomendacao"":""Realizar serviços de funilaria e pintura para recuperação estrutural dos veículos e proteção contra corrosão"",""texto_constatacao_nao"":""A estrutura dos veículos apresenta pontos de corrosão, danos na lataria ou para-choques avariados"",""texto_constatacao_sim"":""A estrutura geral dos veículos encontra-se preservada e em boas condições de conservação""},{""id"":""14460476-079d-4302-b29b-b3a933d69d4e"",""ativo"":true,""ordem"":7,""gera_nc"":true,""pergunta"":""Os veículos utilizados na coleta estão devidamente licenciados?"",""texto_nc"":""30"",""is_sample"":false,""created_at"":""2026-02-24T12:55:16.136339+00:00"",""created_by"":null,""prazo_dias"":30,""created_date"":""2026-02-24T12:55:16.136339+00:00"",""updated_date"":""2026-02-24T12:55:16.136339+00:00"",""created_by_id"":null,""artigo_portaria"":""Art. 3º, inciso II da Portaria AGEMS nº 317/25"",""tipo_unidade_id"":""97261b22-d488-4824-b080-52fc86ad1a56"",""texto_determinacao"":"""",""texto_recomendacao"":""Regularizar o licenciamento da frota junto aos órgãos de trânsito competentes"",""texto_constatacao_nao"":""Identificou-se veículos operando sem o devido licenciamento ou com documentação irregular"",""texto_constatacao_sim"":""A frota de veículos encontra-se devidamente licenciada""},{""id"":""fc7a1405-4de4-4450-a6b2-5c4a9b05e5b6"",""ativo"":true,""ordem"":8,""gera_nc"":true,""pergunta"":""O tipo de veículo utilizado na coleta convencional é adequado (caminhão compactador)?"",""texto_nc"":""30"",""is_sample"":false,""created_at"":""2026-02-24T12:55:16.215218+00:00"",""created_by"":null,""prazo_dias"":30,""created_date"":""2026-02-24T12:55:16.215218+00:00"",""updated_date"":""2026-02-24T12:55:16.215218+00:00"",""created_by_id"":null,""artigo_portaria"":""Art. 19, inciso IV da Portaria AGEMS nº 317/25"",""tipo_unidade_id"":""97261b22-d488-4824-b080-52fc86ad1a56"",""texto_determinacao"":"""",""texto_recomendacao"":""Substituir os veículos tipo caçamba por caminhões compactadores para a coleta de rejeitos, visando a eficiência técnica e sanitária"",""texto_constatacao_nao"":""O prestador utiliza veículos inadequados (tipo caçamba) para a coleta convencional, em desacordo com a preferência técnica regulatória"",""texto_constatacao_sim"":""O prestador utiliza caminhões compactadores para a coleta convencional de rejeitos""},{""id"":""403baae7-df90-4161-bb55-c89f942a792b"",""ativo"":true,""ordem"":9,""gera_nc"":true,""pergunta"":""A coleta é realizada de modo a evitar derramamento de resíduos ou líquidos nas vias públicas?"",""texto_nc"":""30"",""is_sample"":false,""created_at"":""2026-02-24T12:55:16.285963+00:00"",""created_by"":null,""prazo_dias"":30,""created_date"":""2026-02-24T12:55:16.285963+00:00"",""updated_date"":""2026-02-24T12:55:16.285963+00:00"",""created_by_id"":null,""artigo_portaria"":""Art. 20, inciso III da Portaria AGEMS nº 317/25"",""tipo_unidade_id"":""97261b22-d488-4824-b080-52fc86ad1a56"",""texto_determinacao"":"""",""texto_recomendacao"":""Adotar as providências necessárias para a limpeza imediata das áreas afetadas caso haja derramamento de líquidos nas vias"",""texto_constatacao_nao"":""Foi constatado derramamento de líquidos (chorume) ou resíduos nas vias públicas durante a coleta, indicando falhas na vedação"",""texto_constatacao_sim"":""A coleta é realizada adequadamente sem derramamento de resíduos ou líquidos nas vias""},{""id"":""98a21ba3-69fa-44f8-912d-4cd615575533"",""ativo"":true,""ordem"":10,""gera_nc"":true,""pergunta"":""A frequência da coleta na área urbana atende à periodicidade necessária?"",""texto_nc"":""30"",""is_sample"":false,""created_at"":""2026-02-24T12:55:16.349594+00:00"",""created_by"":null,""prazo_dias"":30,""created_date"":""2026-02-24T12:55:16.349594+00:00"",""updated_date"":""2026-02-24T12:55:16.349594+00:00"",""created_by_id"":null,""artigo_portaria"":""Art. 19, inciso I da Portaria AGEMS nº 317/25"",""tipo_unidade_id"":""97261b22-d488-4824-b080-52fc86ad1a56"",""texto_determinacao"":"""",""texto_recomendacao"":""Regularizar a frequência da coleta na área urbana conforme as necessidades de saúde pública e o Plano Operacional"",""texto_constatacao_nao"":""A frequência da coleta na área urbana é insuficiente ou irregular, gerando acúmulo de resíduos"",""texto_constatacao_sim"":""A frequência da coleta na área urbana atende à periodicidade estabelecida e necessária à saúde pública""},{""id"":""1ccf8b8f-35cd-4452-b316-2be2bfb92981"",""ativo"":true,""ordem"":11,""gera_nc"":true,""pergunta"":""A abrangência da coleta contempla a totalidade da área urbana atendível?"",""texto_nc"":""30"",""is_sample"":false,""created_at"":""2026-02-24T12:55:16.418323+00:00"",""created_by"":null,""prazo_dias"":30,""created_date"":""2026-02-24T12:55:16.418323+00:00"",""updated_date"":""2026-02-24T12:55:16.418323+00:00"",""created_by_id"":null,""artigo_portaria"":""Art. 9º, inciso I da Portaria AGEMS nº 317/25"",""tipo_unidade_id"":""97261b22-d488-4824-b080-52fc86ad1a56"",""texto_determinacao"":"""",""texto_recomendacao"":""Expandir a abrangência da coleta para garantir a universalização do atendimento na área urbana"",""texto_constatacao_nao"":""A coleta não abrange a totalidade da área urbana, deixando setores desassistidos"",""texto_constatacao_sim"":""A coleta abrange a totalidade da área urbana ou os setores definidos no plano""},{""id"":""f32a9b5e-c42c-40b4-b3a0-e47c3fcefc02"",""ativo"":true,""ordem"":12,""gera_nc"":true,""pergunta"":""Há coleta regular de resíduos na zona rural?"",""texto_nc"":""30"",""is_sample"":false,""created_at"":""2026-02-24T12:55:16.489698+00:00"",""created_by"":null,""prazo_dias"":30,""created_date"":""2026-02-24T12:55:16.489698+00:00"",""updated_date"":""2026-02-24T12:55:16.489698+00:00"",""created_by_id"":null,""artigo_portaria"":""Art. 19, inciso II da Portaria AGEMS nº 317/25"",""tipo_unidade_id"":""97261b22-d488-4824-b080-52fc86ad1a56"",""texto_determinacao"":"""",""texto_recomendacao"":""Implementar o serviço de coleta na zona rural para garantir a universalização do atendimento"",""texto_constatacao_nao"":""Não há coleta regular de resíduos na zona rural"",""texto_constatacao_sim"":""Há coleta regular de resíduos na zona rural""},{""id"":""24499c18-ac19-4c14-9865-c7605a89ab78"",""ativo"":true,""ordem"":15,""gera_nc"":true,""pergunta"":""A frequência da coleta na zona rural atende à periodicidade necessária?"",""texto_nc"":""30"",""is_sample"":false,""created_at"":""2026-02-24T12:55:16.699106+00:00"",""created_by"":null,""prazo_dias"":30,""created_date"":""2026-02-24T12:55:16.699106+00:00"",""updated_date"":""2026-02-24T12:55:16.699106+00:00"",""created_by_id"":null,""artigo_portaria"":""Art. 19, inciso II da Portaria AGEMS nº 317/25"",""tipo_unidade_id"":""97261b22-d488-4824-b080-52fc86ad1a56"",""texto_determinacao"":"""",""texto_recomendacao"":""Adequar a frequência da coleta na zona rural conforme as necessidades dos usuários"",""texto_constatacao_nao"":""A frequência da coleta na zona rural é insuficiente para atender a demanda"",""texto_constatacao_sim"":""A frequência da coleta na zona rural atende à periodicidade necessária e às especificidades locais""},{""id"":""2fca06bd-f880-4ca2-b6b9-bdf615cd474f"",""ativo"":true,""ordem"":16,""gera_nc"":true,""pergunta"":""A disposição de resíduos nos pontos de coleta rurais é adequada?"",""texto_nc"":""30"",""is_sample"":false,""created_at"":""2026-02-24T12:55:16.765106+00:00"",""created_by"":null,""prazo_dias"":30,""created_date"":""2026-02-24T12:55:16.765106+00:00"",""updated_date"":""2026-02-24T12:55:16.765106+00:00"",""created_by_id"":null,""artigo_portaria"":""Art. 11, inciso XV da Portaria AGEMS nº 317/25"",""tipo_unidade_id"":""97261b22-d488-4824-b080-52fc86ad1a56"",""texto_determinacao"":"""",""texto_recomendacao"":""Regularizar a limpeza e manutenção dos pontos de coleta na zona rural, eliminando focos de disposição inadequada"",""texto_constatacao_nao"":""Identificou-se a disposição inadequada de resíduos no entorno dos pontos de coleta nas áreas rurais"",""texto_constatacao_sim"":""Os pontos de coleta na zona rural encontram-se limpos e sem disposição inadequada no entorno""},{""id"":""f4640d33-ff98-4479-873f-4ffbef8b3f84"",""ativo"":true,""ordem"":17,""gera_nc"":true,""pergunta"":""Há coleta regular de resíduos nos distritos?"",""texto_nc"":""30"",""is_sample"":false,""created_at"":""2026-02-24T12:55:16.83084+00:00"",""created_by"":null,""prazo_dias"":30,""created_date"":""2026-02-24T12:55:16.83084+00:00"",""updated_date"":""2026-02-24T12:55:16.83084+00:00"",""created_by_id"":null,""artigo_portaria"":""Art. 19, inciso II da Portaria AGEMS nº 317/25"",""tipo_unidade_id"":""97261b22-d488-4824-b080-52fc86ad1a56"",""texto_determinacao"":"""",""texto_recomendacao"":""Estender o serviço de coleta regular para atender a população dos distritos"",""texto_constatacao_nao"":""Não há coleta regular de resíduos nos distritos"",""texto_constatacao_sim"":""Há coleta regular de resíduos nos distritos""},{""id"":""b96162ac-437a-4498-9270-dd5823b9357e"",""ativo"":true,""ordem"":18,""gera_nc"":true,""pergunta"":""A coleta nos Distritos é executada ponto a ponto?"",""texto_nc"":""30"",""is_sample"":false,""created_at"":""2026-02-24T12:55:16.894889+00:00"",""created_by"":null,""prazo_dias"":30,""created_date"":""2026-02-24T12:55:16.894889+00:00"",""updated_date"":""2026-02-24T12:55:16.894889+00:00"",""created_by_id"":null,""artigo_portaria"":"""",""tipo_unidade_id"":""97261b22-d488-4824-b080-52fc86ad1a56"",""texto_determinacao"":"""",""texto_recomendacao"":"""",""texto_constatacao_nao"":"""",""texto_constatacao_sim"":""A coleta nos Distritos é executada ponto a ponto""},{""id"":""376e60cd-615e-4066-8938-7f566ed5bb58"",""ativo"":true,""ordem"":19,""gera_nc"":true,""pergunta"":""A coleta nos Distritos é executada porta a porta?"",""texto_nc"":""30"",""is_sample"":false,""created_at"":""2026-02-24T12:55:16.961309+00:00"",""created_by"":null,""prazo_dias"":30,""created_date"":""2026-02-24T12:55:16.961309+00:00"",""updated_date"":""2026-02-24T12:55:16.961309+00:00"",""created_by_id"":null,""artigo_portaria"":"""",""tipo_unidade_id"":""97261b22-d488-4824-b080-52fc86ad1a56"",""texto_determinacao"":"""",""texto_recomendacao"":"""",""texto_constatacao_nao"":"""",""texto_constatacao_sim"":""A coleta nos Distritos é executada porta a porta""},{""id"":""543e481c-cf3a-41e9-83de-a9fb18eb6ed4"",""ativo"":true,""ordem"":20,""gera_nc"":true,""pergunta"":""A frequência da coleta nos distritos atende à periodicidade necessária?"",""texto_nc"":""30"",""is_sample"":false,""created_at"":""2026-02-24T12:55:17.025394+00:00"",""created_by"":null,""prazo_dias"":30,""created_date"":""2026-02-24T12:55:17.025394+00:00"",""updated_date"":""2026-02-24T12:55:17.025394+00:00"",""created_by_id"":null,""artigo_portaria"":""Art. 19, inciso II da Portaria AGEMS nº 317/25"",""tipo_unidade_id"":""97261b22-d488-4824-b080-52fc86ad1a56"",""texto_determinacao"":"""",""texto_recomendacao"":""Assegurar a regularidade da coleta nos distritos, com frequência compatível à geração de resíduos"",""texto_constatacao_nao"":""A frequência da coleta nos distritos é insuficiente para atender a demanda"",""texto_constatacao_sim"":""A frequência da coleta nos distritos atende à periodicidade necessária""},{""id"":""2440d2f5-ffec-4c5e-a03b-97acf1061ce5"",""ativo"":true,""ordem"":21,""gera_nc"":true,""pergunta"":""A quantidade de veículos disponibilizada é suficiente para a execução dos serviços?"",""texto_nc"":""30"",""is_sample"":false,""created_at"":""2026-02-24T12:55:17.092856+00:00"",""created_by"":null,""prazo_dias"":30,""created_date"":""2026-02-24T12:55:17.092856+00:00"",""updated_date"":""2026-02-24T12:55:17.092856+00:00"",""created_by_id"":null,""artigo_portaria"":""Art. 11, inciso V da Portaria AGEMS nº 317/25"",""tipo_unidade_id"":""97261b22-d488-4824-b080-52fc86ad1a56"",""texto_determinacao"":"""",""texto_recomendacao"":""Adequar a quantidade da frota de veículos para garantir a regularidade e universalização dos serviços de coleta"",""texto_constatacao_nao"":""A quantidade de veículos disponibilizada é insuficiente para a demanda de coleta do município"",""texto_constatacao_sim"":""A quantidade de veículos disponibilizada é suficiente para a execução dos serviços""},{""id"":""0f49baa4-f725-4230-af3a-3f9fe9eb20ef"",""ativo"":true,""ordem"":22,""gera_nc"":true,""pergunta"":""A capacidade volumétrica dos veículos é adequada à demanda de coleta?"",""texto_nc"":""30"",""is_sample"":false,""created_at"":""2026-02-24T12:55:17.162658+00:00"",""created_by"":null,""prazo_dias"":30,""created_date"":""2026-02-24T12:55:17.162658+00:00"",""updated_date"":""2026-02-24T12:55:17.162658+00:00"",""created_by_id"":null,""artigo_portaria"":""Art. 11, inciso V da Portaria AGEMS nº 317/25"",""tipo_unidade_id"":""97261b22-d488-4824-b080-52fc86ad1a56"",""texto_determinacao"":"""",""texto_recomendacao"":""Utilizar veículos com capacidade compatível com a geração de resíduos e roteiros de coleta definidos"",""texto_constatacao_nao"":""A capacidade volumétrica dos veículos é insuficiente ou inadequada para a demanda operacional"",""texto_constatacao_sim"":""Os veículos possuem capacidade volumétrica adequada à demanda de coleta""},{""id"":""947b70f8-8698-4892-9760-0319b4ec91bd"",""ativo"":true,""ordem"":23,""gera_nc"":true,""pergunta"":""A idade média da frota é compatível com a atualização tecnológica e eficiência exigidas?"",""texto_nc"":""30"",""is_sample"":false,""created_at"":""2026-02-24T12:55:17.238244+00:00"",""created_by"":null,""prazo_dias"":30,""created_date"":""2026-02-24T12:55:17.238244+00:00"",""updated_date"":""2026-02-24T12:55:17.238244+00:00"",""created_by_id"":null,""artigo_portaria"":""Art. 11, inciso IX da Portaria AGEMS nº 317/25"",""tipo_unidade_id"":""97261b22-d488-4824-b080-52fc86ad1a56"",""texto_determinacao"":"""",""texto_recomendacao"":""Promover a renovação e atualização tecnológica da frota para garantir eficiência e reduzir riscos operacionais"",""texto_constatacao_nao"":""A idade média da frota é elevada, indicando obsolescência e comprometendo a eficiência dos serviços"",""texto_constatacao_sim"":""A idade média da frota é compatível com os padrões de eficiência e atualização tecnológica""},{""id"":""f4ed9c4f-ae0c-43b0-aa22-302bcdefabb3"",""ativo"":true,""ordem"":24,""gera_nc"":true,""pergunta"":""Há cobrança específica de preço público para a coleta de Grandes Geradores?"",""texto_nc"":""30"",""is_sample"":false,""created_at"":""2026-02-24T12:55:17.300471+00:00"",""created_by"":null,""prazo_dias"":30,""created_date"":""2026-02-24T12:55:17.300471+00:00"",""updated_date"":""2026-02-24T12:55:17.300471+00:00"",""created_by_id"":null,""artigo_portaria"":""Art. 44 da Portaria AGEMS nº 317/25"",""tipo_unidade_id"":""97261b22-d488-4824-b080-52fc86ad1a56"",""texto_determinacao"":"""",""texto_recomendacao"":""Instituir e realizar a cobrança de preço público pela coleta, transporte e destinação final dos resíduos de grandes geradores"",""texto_constatacao_nao"":""Realiza-se a coleta de grandes geradores sem a devida cobrança de preço público"",""texto_constatacao_sim"":""Há cobrança de preço público para a coleta de resíduos de grandes geradores""},{""id"":""a8b5408e-b75f-4c24-9264-e6c46f71e02a"",""ativo"":true,""ordem"":25,""gera_nc"":true,""pergunta"":""A localização e disposição dos pontos de coleta garantem a segurança dos usuários e coletores?"",""texto_nc"":""30"",""is_sample"":false,""created_at"":""2026-02-24T12:55:17.362274+00:00"",""created_by"":null,""prazo_dias"":30,""created_date"":""2026-02-24T12:55:17.362274+00:00"",""updated_date"":""2026-02-24T12:55:17.362274+00:00"",""created_by_id"":null,""artigo_portaria"":""Art. 11, inciso X da Portaria AGEMS nº 317/25"",""tipo_unidade_id"":""97261b22-d488-4824-b080-52fc86ad1a56"",""texto_determinacao"":"""",""texto_recomendacao"":""Reposicionar as lixeiras/pontos de coleta para locais seguros e adequados, eliminando riscos de acidentes viários e operacionais"",""texto_constatacao_nao"":""As lixeiras estão posicionadas em locais inadequados (como margens de rodovias), representando risco potencial de acidentes para usuários e coletores"",""texto_constatacao_sim"":""Os pontos de coleta estão localizados em áreas adequadas, garantindo a segurança operacional e dos usuários""},{""id"":""dc41c5d5-821e-473f-a3fd-031f63b8a786"",""ativo"":true,""ordem"":1,""gera_nc"":true,""pergunta"":""O município dispõe de coleta seletiva implantada?"",""texto_nc"":""30"",""is_sample"":false,""created_at"":""2026-02-24T12:55:23.673796+00:00"",""created_by"":null,""prazo_dias"":30,""created_date"":""2026-02-24T12:55:23.673796+00:00"",""updated_date"":""2026-02-24T12:55:23.673796+00:00"",""created_by_id"":null,""artigo_portaria"":""art. 22 da Portaria AGEMS nº 317/25"",""tipo_unidade_id"":""731e5638-ee60-4a08-82be-b5e7c1eddfd8"",""texto_determinacao"":"""",""texto_recomendacao"":""Implementar a coleta seletiva no município conforme legislação vigente"",""texto_constatacao_nao"":""O município não dispõe de coleta seletiva implantada"",""texto_constatacao_sim"":""O município dispõe de coleta seletiva implantada""},{""id"":""89f87553-ae0c-435e-ab4a-c89bcd07cf48"",""ativo"":true,""ordem"":2,""gera_nc"":true,""pergunta"":""Há coleta seletiva ponto-a-ponto (LEVs)?"",""texto_nc"":""30"",""is_sample"":false,""created_at"":""2026-02-24T12:55:23.743983+00:00"",""created_by"":null,""prazo_dias"":30,""created_date"":""2026-02-24T12:55:23.743983+00:00"",""updated_date"":""2026-02-24T12:55:23.743983+00:00"",""created_by_id"":null,""artigo_portaria"":"""",""tipo_unidade_id"":""731e5638-ee60-4a08-82be-b5e7c1eddfd8"",""texto_determinacao"":"""",""texto_recomendacao"":"""",""texto_constatacao_nao"":""Não há coleta seletiva ponto-a-ponto (LEVs)"",""texto_constatacao_sim"":""Há coleta seletiva ponto-a-ponto (LEVs)""},{""id"":""b5356abd-5651-4d72-bb54-c3aa8914bf30"",""ativo"":true,""ordem"":3,""gera_nc"":true,""pergunta"":""Há coleta seletiva porta-a-porta?"",""texto_nc"":""30"",""is_sample"":false,""created_at"":""2026-02-24T12:55:23.812935+00:00"",""created_by"":null,""prazo_dias"":30,""created_date"":""2026-02-24T12:55:23.812935+00:00"",""updated_date"":""2026-02-24T12:55:23.812935+00:00"",""created_by_id"":null,""artigo_portaria"":"""",""tipo_unidade_id"":""731e5638-ee60-4a08-82be-b5e7c1eddfd8"",""texto_determinacao"":"""",""texto_recomendacao"":"""",""texto_constatacao_nao"":""Não há coleta seletiva porta-a-porta"",""texto_constatacao_sim"":""Há coleta seletiva porta-a-porta""},{""id"":""427dde9e-ca50-49c6-a71e-51ecd36372cb"",""ativo"":true,""ordem"":4,""gera_nc"":true,""pergunta"":""O serviço é executado de forma direta?"",""texto_nc"":""30"",""is_sample"":false,""created_at"":""2026-02-24T12:55:23.880233+00:00"",""created_by"":null,""prazo_dias"":30,""created_date"":""2026-02-24T12:55:23.880233+00:00"",""updated_date"":""2026-02-24T12:55:23.880233+00:00"",""created_by_id"":null,""artigo_portaria"":"""",""tipo_unidade_id"":""731e5638-ee60-4a08-82be-b5e7c1eddfd8"",""texto_determinacao"":"""",""texto_recomendacao"":"""",""texto_constatacao_nao"":"""",""texto_constatacao_sim"":""O serviço é executado de forma direta""},{""id"":""8ed39647-4bcc-4115-916d-bdd565a7183c"",""ativo"":true,""ordem"":5,""gera_nc"":true,""pergunta"":""O serviço é executado de forma indireta?"",""texto_nc"":""30"",""is_sample"":false,""created_at"":""2026-02-24T12:55:23.954855+00:00"",""created_by"":null,""prazo_dias"":30,""created_date"":""2026-02-24T12:55:23.954855+00:00"",""updated_date"":""2026-02-24T12:55:23.954855+00:00"",""created_by_id"":null,""artigo_portaria"":"""",""tipo_unidade_id"":""731e5638-ee60-4a08-82be-b5e7c1eddfd8"",""texto_determinacao"":"""",""texto_recomendacao"":"""",""texto_constatacao_nao"":"""",""texto_constatacao_sim"":""O serviço é executado de forma indireta""},{""id"":""6126edfa-3148-4683-ac45-89490422ca7c"",""ativo"":true,""ordem"":6,""gera_nc"":true,""pergunta"":""O serviço é executado de forma mista?"",""texto_nc"":""30"",""is_sample"":false,""created_at"":""2026-02-24T12:55:24.030175+00:00"",""created_by"":null,""prazo_dias"":30,""created_date"":""2026-02-24T12:55:24.030175+00:00"",""updated_date"":""2026-02-24T12:55:24.030175+00:00"",""created_by_id"":null,""artigo_portaria"":"""",""tipo_unidade_id"":""731e5638-ee60-4a08-82be-b5e7c1eddfd8"",""texto_determinacao"":"""",""texto_recomendacao"":"""",""texto_constatacao_nao"":"""",""texto_constatacao_sim"":""O serviço é executado de forma mista""},{""id"":""7ecb3f66-c12a-4f72-8a3a-0b62bb6449a3"",""ativo"":true,""ordem"":7,""gera_nc"":true,""pergunta"":""A coleta seletiva é executada no período diurno?"",""texto_nc"":""30"",""is_sample"":false,""created_at"":""2026-02-24T12:55:24.096567+00:00"",""created_by"":null,""prazo_dias"":30,""created_date"":""2026-02-24T12:55:24.096567+00:00"",""updated_date"":""2026-02-24T12:55:24.096567+00:00"",""created_by_id"":null,""artigo_portaria"":"""",""tipo_unidade_id"":""731e5638-ee60-4a08-82be-b5e7c1eddfd8"",""texto_determinacao"":"""",""texto_recomendacao"":"""",""texto_constatacao_nao"":"""",""texto_constatacao_sim"":""A coleta seletiva é executada no período diurno""},{""id"":""9ef741fa-585a-4664-a4fa-c52e278301d5"",""ativo"":true,""ordem"":8,""gera_nc"":true,""pergunta"":""A coleta seletiva é executada no período noturno?"",""texto_nc"":""30"",""is_sample"":false,""created_at"":""2026-02-24T12:55:24.162958+00:00"",""created_by"":null,""prazo_dias"":30,""created_date"":""2026-02-24T12:55:24.162958+00:00"",""updated_date"":""2026-02-24T12:55:24.162958+00:00"",""created_by_id"":null,""artigo_portaria"":"""",""tipo_unidade_id"":""731e5638-ee60-4a08-82be-b5e7c1eddfd8"",""texto_determinacao"":"""",""texto_recomendacao"":"""",""texto_constatacao_nao"":"""",""texto_constatacao_sim"":""A coleta seletiva é executada no período noturno""},{""id"":""9f652008-8910-4fc8-adc4-ad17a85880a0"",""ativo"":true,""ordem"":9,""gera_nc"":true,""pergunta"":""A coleta é executada 1 vez por semana (frequência geral)?"",""texto_nc"":""30"",""is_sample"":false,""created_at"":""2026-02-24T12:55:24.229961+00:00"",""created_by"":null,""prazo_dias"":30,""created_date"":""2026-02-24T12:55:24.229961+00:00"",""updated_date"":""2026-02-24T12:55:24.229961+00:00"",""created_by_id"":null,""artigo_portaria"":"""",""tipo_unidade_id"":""731e5638-ee60-4a08-82be-b5e7c1eddfd8"",""texto_determinacao"":"""",""texto_recomendacao"":"""",""texto_constatacao_nao"":"""",""texto_constatacao_sim"":""A coleta é executada 1 vez por semana""},{""id"":""6ee2c889-0514-445c-bf1b-9a6af097cbe5"",""ativo"":true,""ordem"":10,""gera_nc"":true,""pergunta"":""A coleta é executada 2 vezes por semana (frequência geral)?"",""texto_nc"":""30"",""is_sample"":false,""created_at"":""2026-02-24T12:55:24.301495+00:00"",""created_by"":null,""prazo_dias"":30,""created_date"":""2026-02-24T12:55:24.301495+00:00"",""updated_date"":""2026-02-24T12:55:24.301495+00:00"",""created_by_id"":null,""artigo_portaria"":"""",""tipo_unidade_id"":""731e5638-ee60-4a08-82be-b5e7c1eddfd8"",""texto_determinacao"":"""",""texto_recomendacao"":"""",""texto_constatacao_nao"":"""",""texto_constatacao_sim"":""A coleta é executada 2 vezes por semana""},{""id"":""9fed1a4b-7f82-481e-8264-afe6bf83cf4c"",""ativo"":true,""ordem"":11,""gera_nc"":true,""pergunta"":""A coleta é executada 3 vezes por semana (frequência geral)?"",""texto_nc"":""30"",""is_sample"":false,""created_at"":""2026-02-24T12:55:24.365609+00:00"",""created_by"":null,""prazo_dias"":30,""created_date"":""2026-02-24T12:55:24.365609+00:00"",""updated_date"":""2026-02-24T12:55:24.365609+00:00"",""created_by_id"":null,""artigo_portaria"":"""",""tipo_unidade_id"":""731e5638-ee60-4a08-82be-b5e7c1eddfd8"",""texto_determinacao"":"""",""texto_recomendacao"":"""",""texto_constatacao_nao"":"""",""texto_constatacao_sim"":""A coleta é executada 3 vezes por semana""},{""id"":""9997cb9d-efcb-407a-b98c-58144b09abcd"",""ativo"":true,""ordem"":19,""gera_nc"":true,""pergunta"":""Os veículos utilizados na coleta seletiva estão devidamente licenciados?"",""texto_nc"":""30"",""is_sample"":false,""created_at"":""2026-02-24T12:55:24.922305+00:00"",""created_by"":null,""prazo_dias"":30,""created_date"":""2026-02-24T12:55:24.922305+00:00"",""updated_date"":""2026-02-24T12:55:24.922305+00:00"",""created_by_id"":null,""artigo_portaria"":""Art. 3º, inciso II da Portaria AGEMS nº 317/25"",""tipo_unidade_id"":""731e5638-ee60-4a08-82be-b5e7c1eddfd8"",""texto_determinacao"":"""",""texto_recomendacao"":""Regularizar o licenciamento da frota junto aos órgãos de trânsito competentes"",""texto_constatacao_nao"":""Identificou-se veículos operando sem o devido licenciamento ou com documentação irregular"",""texto_constatacao_sim"":""A frota de veículos encontra-se devidamente licenciada""},{""id"":""8626c556-9182-424e-854c-ac80628fb36e"",""ativo"":true,""ordem"":20,""gera_nc"":true,""pergunta"":""O tipo de veículo utilizado é adequado (caminhão gaiola/baú)?"",""texto_nc"":""60"",""is_sample"":false,""created_at"":""2026-02-24T12:55:24.986088+00:00"",""created_by"":null,""prazo_dias"":30,""created_date"":""2026-02-24T12:55:24.986088+00:00"",""updated_date"":""2026-02-24T12:55:24.986088+00:00"",""created_by_id"":null,""artigo_portaria"":""Art. 19, inciso IV da Portaria AGEMS nº 317/25"",""tipo_unidade_id"":""731e5638-ee60-4a08-82be-b5e7c1eddfd8"",""texto_determinacao"":"""",""texto_recomendacao"":""Utilizar preferencialmente veículos tipo gaiola ou similares para a coleta seletiva, conforme recomendação técnica, para garantir a integridade dos materiais"",""texto_constatacao_nao"":""O prestador utiliza caminhões compactadores para a coleta seletiva, o que dificulta a triagem e desvaloriza o material"",""texto_constatacao_sim"":""Os veículos utilizados são do tipo gaiola ou similar, adequados para a preservação dos recicláveis""},{""id"":""eae91282-442b-4359-8275-a53a2591bcd3"",""ativo"":true,""ordem"":21,""gera_nc"":true,""pergunta"":""Os pneus dos veículos encontram-se em bom estado de conservação?"",""texto_nc"":""30"",""is_sample"":false,""created_at"":""2026-02-24T12:55:25.054116+00:00"",""created_by"":null,""prazo_dias"":30,""created_date"":""2026-02-24T12:55:25.054116+00:00"",""updated_date"":""2026-02-24T12:55:25.054116+00:00"",""created_by_id"":null,""artigo_portaria"":""Art. 11, inciso VI da Portaria AGEMS nº 317/25"",""tipo_unidade_id"":""731e5638-ee60-4a08-82be-b5e7c1eddfd8"",""texto_determinacao"":"""",""texto_recomendacao"":""Realizar a substituição dos pneus desgastados para garantir a segurança viária e operacional da frota"",""texto_constatacao_nao"":""Os veículos apresentam pneus desgastados ou em más condições de conservação, comprometendo a segurança"",""texto_constatacao_sim"":""Os pneus dos veículos encontram-se em bom estado de conservação e segurança""},{""id"":""f955ca25-799d-431e-8bfa-6ac32d5f0da4"",""ativo"":true,""ordem"":22,""gera_nc"":true,""pergunta"":""A estrutura geral dos veículos (lataria, gaiola, pintura) está preservada?"",""texto_nc"":""30"",""is_sample"":false,""created_at"":""2026-02-24T12:55:25.118619+00:00"",""created_by"":null,""prazo_dias"":30,""created_date"":""2026-02-24T12:55:25.118619+00:00"",""updated_date"":""2026-02-24T12:55:25.118619+00:00"",""created_by_id"":null,""artigo_portaria"":""Art. 11, inciso VI da Portaria AGEMS nº 317/25"",""tipo_unidade_id"":""731e5638-ee60-4a08-82be-b5e7c1eddfd8"",""texto_determinacao"":"""",""texto_recomendacao"":""Realizar manutenção corretiva na estrutura dos veículos (gaiolas/baús) e serviços de funilaria/pintura"",""texto_constatacao_nao"":""A estrutura dos veículos apresenta pontos de corrosão, danos na gaiola/baú ou avarias gerais"",""texto_constatacao_sim"":""A estrutura geral dos veículos encontra-se preservada e em boas condições""},{""id"":""d6dda078-a8b3-4888-bd31-9f2ed9455796"",""ativo"":true,""ordem"":23,""gera_nc"":true,""pergunta"":""A coleta é realizada de modo a evitar a queda de materiais nas vias públicas?"",""texto_nc"":""30"",""is_sample"":false,""created_at"":""2026-02-24T12:55:25.183853+00:00"",""created_by"":null,""prazo_dias"":30,""created_date"":""2026-02-24T12:55:25.183853+00:00"",""updated_date"":""2026-02-24T12:55:25.183853+00:00"",""created_by_id"":null,""artigo_portaria"":""Art. 20, inciso III da Portaria AGEMS nº 317/25"",""tipo_unidade_id"":""731e5638-ee60-4a08-82be-b5e7c1eddfd8"",""texto_determinacao"":"""",""texto_recomendacao"":""Adotar medidas para conter os resíduos nos veículos, evitando a queda de materiais nas vias públicas"",""texto_constatacao_nao"":""Foi constatada a queda de materiais recicláveis nas vias públicas durante a coleta"",""texto_constatacao_sim"":""A coleta é realizada adequadamente sem queda de materiais nas vias""},{""id"":""d08d9ad1-9505-49f3-841c-aad050fb3280"",""ativo"":true,""ordem"":24,""gera_nc"":true,""pergunta"":""A coleta seletiva é realizada de forma segregada, sem mistura com resíduos comuns?"",""texto_nc"":""30"",""is_sample"":false,""created_at"":""2026-02-24T12:55:25.249696+00:00"",""created_by"":null,""prazo_dias"":30,""created_date"":""2026-02-24T12:55:25.249696+00:00"",""updated_date"":""2026-02-24T12:55:25.249696+00:00"",""created_by_id"":null,""artigo_portaria"":""Art. 11, inciso V da Portaria AGEMS nº 317/25"",""tipo_unidade_id"":""731e5638-ee60-4a08-82be-b5e7c1eddfd8"",""texto_determinacao"":"""",""texto_recomendacao"":""Garantir a segregação dos resíduos durante a coleta e transporte, preservando a qualidade dos recicláveis"",""texto_constatacao_nao"":""Observou-se a mistura de resíduos recicláveis com resíduos comuns/orgânicos durante a coleta ou transporte"",""texto_constatacao_sim"":""A coleta mantém a integridade dos materiais recicláveis, sem mistura com rejeitos/orgânicos""},{""id"":""af33b9a6-de41-4202-a4c5-e06514f901db"",""ativo"":true,""ordem"":25,""gera_nc"":true,""pergunta"":""A frequência da coleta seletiva atende ao estabelecido no Plano Operacional?"",""texto_nc"":""30"",""is_sample"":false,""created_at"":""2026-02-24T12:55:25.313459+00:00"",""created_by"":null,""prazo_dias"":30,""created_date"":""2026-02-24T12:55:25.313459+00:00"",""updated_date"":""2026-02-24T12:55:25.313459+00:00"",""created_by_id"":null,""artigo_portaria"":""Art. 19, inciso I da Portaria AGEMS nº 317/25"",""tipo_unidade_id"":""731e5638-ee60-4a08-82be-b5e7c1eddfd8"",""texto_determinacao"":"""",""texto_recomendacao"":""Regularizar a frequência da coleta seletiva conforme o Plano Operacional e divulgação à população"",""texto_constatacao_nao"":""A frequência da coleta seletiva é irregular ou diverge do estabelecido no Plano Operacional"",""texto_constatacao_sim"":""A frequência da coleta seletiva atende ao planejamento estabelecido""},{""id"":""e2d3d21f-a6ae-4a7c-bf1b-6b29df99e7e0"",""ativo"":true,""ordem"":26,""gera_nc"":true,""pergunta"":""A abrangência da coleta seletiva contempla a totalidade da área urbana?"",""texto_nc"":""60"",""is_sample"":false,""created_at"":""2026-02-24T12:55:25.381905+00:00"",""created_by"":null,""prazo_dias"":30,""created_date"":""2026-02-24T12:55:25.381905+00:00"",""updated_date"":""2026-02-24T12:55:25.381905+00:00"",""created_by_id"":null,""artigo_portaria"":""Art. 9º, inciso I da Portaria AGEMS nº 317/25"",""tipo_unidade_id"":""731e5638-ee60-4a08-82be-b5e7c1eddfd8"",""texto_determinacao"":"""",""texto_recomendacao"":""Expandir a abrangência da coleta seletiva para cobrir 100% da área urbana da sede municipal"",""texto_constatacao_nao"":""A coleta seletiva não abrange toda a área urbana, deixando setores desassistidos"",""texto_constatacao_sim"":""A coleta seletiva abrange 100% da área urbana da sede municipal""},{""id"":""84178ef4-dd1d-4608-8ad8-a99a13c1bc3b"",""ativo"":true,""ordem"":27,""gera_nc"":true,""pergunta"":""Os distritos são atendidos pela coleta seletiva?"",""texto_nc"":""90"",""is_sample"":false,""created_at"":""2026-02-24T12:55:25.444141+00:00"",""created_by"":null,""prazo_dias"":30,""created_date"":""2026-02-24T12:55:25.444141+00:00"",""updated_date"":""2026-02-24T12:55:25.444141+00:00"",""created_by_id"":null,""artigo_portaria"":""Art. 9º, inciso I da Portaria AGEMS nº 317/25"",""tipo_unidade_id"":""731e5638-ee60-4a08-82be-b5e7c1eddfd8"",""texto_determinacao"":"""",""texto_recomendacao"":""Estender o serviço de coleta seletiva para atender as comunidades dos distritos"",""texto_constatacao_nao"":""Os distritos não são atendidos pelo serviço de coleta seletiva"",""texto_constatacao_sim"":""A coleta seletiva atende também os distritos do município""},{""id"":""41506c98-2064-49cb-853e-22a00b5b871b"",""ativo"":true,""ordem"":28,""gera_nc"":true,""pergunta"":""O município realiza a entrega de sacos específicos (ráfia/verde) para a população?"",""texto_nc"":""30"",""is_sample"":false,""created_at"":""2026-02-24T12:55:25.509338+00:00"",""created_by"":null,""prazo_dias"":30,""created_date"":""2026-02-24T12:55:25.509338+00:00"",""updated_date"":""2026-02-24T12:55:25.509338+00:00"",""created_by_id"":null,""artigo_portaria"":"""",""tipo_unidade_id"":""731e5638-ee60-4a08-82be-b5e7c1eddfd8"",""texto_determinacao"":"""",""texto_recomendacao"":"""",""texto_constatacao_nao"":"""",""texto_constatacao_sim"":""O município realiza a entrega de sacos específicos (ráfia/verde) para acondicionamento de recicláveis""},{""id"":""e404be63-5d43-41ab-9105-951f706e9403"",""ativo"":true,""ordem"":29,""gera_nc"":true,""pergunta"":""Há distribuição de panfletos ou material informativo impresso?"",""texto_nc"":""30"",""is_sample"":false,""created_at"":""2026-02-24T12:55:25.592238+00:00"",""created_by"":null,""prazo_dias"":30,""created_date"":""2026-02-24T12:55:25.592238+00:00"",""updated_date"":""2026-02-24T12:55:25.592238+00:00"",""created_by_id"":null,""artigo_portaria"":"""",""tipo_unidade_id"":""731e5638-ee60-4a08-82be-b5e7c1eddfd8"",""texto_determinacao"":"""",""texto_recomendacao"":"""",""texto_constatacao_nao"":"""",""texto_constatacao_sim"":""Há distribuição de panfletos ou material informativo impresso sobre a coleta seletiva""},{""id"":""8f71d9b5-5ddb-4e7b-bf76-18c423d85cba"",""ativo"":true,""ordem"":30,""gera_nc"":true,""pergunta"":""Utiliza-se carro de som ou mídias digitais para divulgação?"",""texto_nc"":""30"",""is_sample"":false,""created_at"":""2026-02-24T12:55:25.657414+00:00"",""created_by"":null,""prazo_dias"":30,""created_date"":""2026-02-24T12:55:25.657414+00:00"",""updated_date"":""2026-02-24T12:55:25.657414+00:00"",""created_by_id"":null,""artigo_portaria"":"""",""tipo_unidade_id"":""731e5638-ee60-4a08-82be-b5e7c1eddfd8"",""texto_determinacao"":"""",""texto_recomendacao"":"""",""texto_constatacao_nao"":"""",""texto_constatacao_sim"":""Utiliza-se carro de som ou mídias digitais para divulgação da coleta seletiva""},{""id"":""3624e952-4fe1-46eb-a574-f688b54404fb"",""ativo"":true,""ordem"":31,""gera_nc"":true,""pergunta"":""São realizadas palestras ou oficinas em escolas e comunidades?"",""texto_nc"":""30"",""is_sample"":false,""created_at"":""2026-02-24T12:55:25.721629+00:00"",""created_by"":null,""prazo_dias"":30,""created_date"":""2026-02-24T12:55:25.721629+00:00"",""updated_date"":""2026-02-24T12:55:25.721629+00:00"",""created_by_id"":null,""artigo_portaria"":"""",""tipo_unidade_id"":""731e5638-ee60-4a08-82be-b5e7c1eddfd8"",""texto_determinacao"":"""",""texto_recomendacao"":"""",""texto_constatacao_nao"":"""",""texto_constatacao_sim"":""São realizadas palestras ou oficinas de educação ambiental em escolas e comunidades""},{""id"":""43cc70e8-e8ac-45a7-8310-f21be4d8ed5a"",""ativo"":true,""ordem"":32,""gera_nc"":true,""pergunta"":""As ações de educação ambiental são contínuas e suficientes?"",""texto_nc"":""60"",""is_sample"":false,""created_at"":""2026-02-24T12:55:25.787317+00:00"",""created_by"":null,""prazo_dias"":30,""created_date"":""2026-02-24T12:55:25.787317+00:00"",""updated_date"":""2026-02-24T12:55:25.787317+00:00"",""created_by_id"":null,""artigo_portaria"":""Art. 10, inciso X da Portaria AGEMS nº 317/25"",""tipo_unidade_id"":""731e5638-ee60-4a08-82be-b5e7c1eddfd8"",""texto_determinacao"":"""",""texto_recomendacao"":""Implementar e fortalecer ações contínuas de educação ambiental e campanhas de incentivo à separação na fonte"",""texto_constatacao_nao"":""As ações de educação ambiental são insuficientes ou inexistentes, prejudicando a adesão à coleta seletiva"",""texto_constatacao_sim"":""As ações de educação ambiental são contínuas e abrangentes, estimulando a adesão da população""},{""id"":""447a84b9-6684-40db-a21b-59e1453fd883"",""ativo"":true,""ordem"":33,""gera_nc"":true,""pergunta"":""Existem Pontos de Entrega Voluntária (PEVs) ou Locais de Entrega Voluntária (LEVs) implantados?"",""texto_nc"":""60"",""is_sample"":false,""created_at"":""2026-02-24T12:55:25.850331+00:00"",""created_by"":null,""prazo_dias"":30,""created_date"":""2026-02-24T12:55:25.850331+00:00"",""updated_date"":""2026-02-24T12:55:25.850331+00:00"",""created_by_id"":null,""artigo_portaria"":""Art. 9º, inciso II da Portaria AGEMS nº 317/25"",""tipo_unidade_id"":""731e5638-ee60-4a08-82be-b5e7c1eddfd8"",""texto_determinacao"":"""",""texto_recomendacao"":""Implementar Pontos de Entrega Voluntária (PEVs) em locais estratégicos para ampliar a captação de recicláveis"",""texto_constatacao_nao"":""Não existem PEVs/LEVs implantados no município"",""texto_constatacao_sim"":""Existem PEVs/LEVs implantados para recebimento de recicláveis""},{""id"":""5a5314ca-3154-42b5-b9ab-34b12de9c9eb"",""ativo"":true,""ordem"":34,""gera_nc"":true,""pergunta"":""Os PEVs/LEVs encontram-se limpos e em bom estado de conservação?"",""texto_nc"":""30"",""is_sample"":false,""created_at"":""2026-02-24T12:55:25.918021+00:00"",""created_by"":null,""prazo_dias"":30,""created_date"":""2026-02-24T12:55:25.918021+00:00"",""updated_date"":""2026-02-24T12:55:25.918021+00:00"",""created_by_id"":null,""artigo_portaria"":""Art. 11, inciso XV da Portaria AGEMS nº 317/25"",""tipo_unidade_id"":""731e5638-ee60-4a08-82be-b5e7c1eddfd8"",""texto_determinacao"":"""",""texto_recomendacao"":""Realizar limpeza e manutenção periódica dos PEVs/LEVs e de seu entorno"",""texto_constatacao_nao"":""Os PEVs/LEVs encontram-se sujos, depredados ou com acúmulo de resíduos no entorno"",""texto_constatacao_sim"":""Os PEVs/LEVs encontram-se limpos e conservados""},{""id"":""b34f6161-ad69-4b95-b376-ecb0973f72b6"",""ativo"":true,""ordem"":35,""gera_nc"":true,""pergunta"":""Os resíduos são destinados à UTR Municipal (triagem por Associação/Cooperativa)?"",""texto_nc"":""30"",""is_sample"":false,""created_at"":""2026-02-24T12:55:25.983469+00:00"",""created_by"":null,""prazo_dias"":30,""created_date"":""2026-02-24T12:55:25.983469+00:00"",""updated_date"":""2026-02-24T12:55:25.983469+00:00"",""created_by_id"":null,""artigo_portaria"":"""",""tipo_unidade_id"":""731e5638-ee60-4a08-82be-b5e7c1eddfd8"",""texto_determinacao"":"""",""texto_recomendacao"":"""",""texto_constatacao_nao"":"""",""texto_constatacao_sim"":""Os resíduos são destinados à UTR Municipal, com triagem realizada por Associação/Cooperativa""},{""id"":""1b5a5a9f-1cfa-4fc0-9e09-d0b005267a0a"",""ativo"":true,""ordem"":36,""gera_nc"":true,""pergunta"":""Os resíduos são destinados à UTR Privada (triagem por Associação/Cooperativa)?"",""texto_nc"":""30"",""is_sample"":false,""created_at"":""2026-02-24T12:55:26.052129+00:00"",""created_by"":null,""prazo_dias"":30,""created_date"":""2026-02-24T12:55:26.052129+00:00"",""updated_date"":""2026-02-24T12:55:26.052129+00:00"",""created_by_id"":null,""artigo_portaria"":"""",""tipo_unidade_id"":""731e5638-ee60-4a08-82be-b5e7c1eddfd8"",""texto_determinacao"":"""",""texto_recomendacao"":"""",""texto_constatacao_nao"":"""",""texto_constatacao_sim"":""Os resíduos são destinados à UTR Privada, com triagem realizada por Associação/Cooperativa""},{""id"":""64a26680-482e-4567-b576-8c6622f56485"",""ativo"":true,""ordem"":37,""gera_nc"":true,""pergunta"":""Os resíduos são destinados à UTR Privada (triagem pelo Prestador de Serviços)?"",""texto_nc"":""30"",""is_sample"":false,""created_at"":""2026-02-24T12:55:26.118403+00:00"",""created_by"":null,""prazo_dias"":30,""created_date"":""2026-02-24T12:55:26.118403+00:00"",""updated_date"":""2026-02-24T12:55:26.118403+00:00"",""created_by_id"":null,""artigo_portaria"":"""",""tipo_unidade_id"":""731e5638-ee60-4a08-82be-b5e7c1eddfd8"",""texto_determinacao"":"""",""texto_recomendacao"":"""",""texto_constatacao_nao"":"""",""texto_constatacao_sim"":""Os resíduos são destinados à UTR Privada, com triagem realizada pelo próprio Prestador de Serviços""},{""id"":""04b8bdd8-c0f5-43b9-b5fa-36a1923615dc"",""ativo"":true,""ordem"":1,""gera_nc"":true,""pergunta"":""O serviço é executado de forma direta (Prefeitura)?"",""texto_nc"":""30"",""is_sample"":false,""created_at"":""2026-02-24T12:55:31.629724+00:00"",""created_by"":null,""prazo_dias"":30,""created_date"":""2026-02-24T12:55:31.629724+00:00"",""updated_date"":""2026-02-24T12:55:31.629724+00:00"",""created_by_id"":null,""artigo_portaria"":"""",""tipo_unidade_id"":""1e5dead6-7adb-4c55-837a-267af0453f1c"",""texto_determinacao"":"""",""texto_recomendacao"":"""",""texto_constatacao_nao"":"""",""texto_constatacao_sim"":""O serviço é executado de forma direta pela Prefeitura Municipal""},{""id"":""f337da5d-ed89-49b0-8002-bb2cd294b374"",""ativo"":true,""ordem"":2,""gera_nc"":true,""pergunta"":""O serviço é executado de forma indireta (Terceirizada)?"",""texto_nc"":""30"",""is_sample"":false,""created_at"":""2026-02-24T12:55:31.693171+00:00"",""created_by"":null,""prazo_dias"":30,""created_date"":""2026-02-24T12:55:31.693171+00:00"",""updated_date"":""2026-02-24T12:55:31.693171+00:00"",""created_by_id"":null,""artigo_portaria"":"""",""tipo_unidade_id"":""1e5dead6-7adb-4c55-837a-267af0453f1c"",""texto_determinacao"":"""",""texto_recomendacao"":"""",""texto_constatacao_nao"":"""",""texto_constatacao_sim"":""O serviço é executado de forma indireta por empresa contratada""},{""id"":""2e77adcb-022f-4f50-9b57-36de6889ef39"",""ativo"":true,""ordem"":3,""gera_nc"":true,""pergunta"":""O serviço é executado de forma mista?"",""texto_nc"":""30"",""is_sample"":false,""created_at"":""2026-02-24T12:55:31.757201+00:00"",""created_by"":null,""prazo_dias"":30,""created_date"":""2026-02-24T12:55:31.757201+00:00"",""updated_date"":""2026-02-24T12:55:31.757201+00:00"",""created_by_id"":null,""artigo_portaria"":"""",""tipo_unidade_id"":""1e5dead6-7adb-4c55-837a-267af0453f1c"",""texto_determinacao"":"""",""texto_recomendacao"":"""",""texto_constatacao_nao"":"""",""texto_constatacao_sim"":""O serviço é executado de forma mista (Prefeitura e Terceirizada)""},{""id"":""cadfe4c8-12f6-4756-9485-c6427ff9eced"",""ativo"":true,""ordem"":4,""gera_nc"":true,""pergunta"":""Existe Plano Operacional aprovado para os serviços de limpeza urbana?"",""texto_nc"":""30"",""is_sample"":false,""created_at"":""2026-02-24T12:55:31.822889+00:00"",""created_by"":null,""prazo_dias"":30,""created_date"":""2026-02-24T12:55:31.822889+00:00"",""updated_date"":""2026-02-24T12:55:31.822889+00:00"",""created_by_id"":null,""artigo_portaria"":""Art. 42 da Portaria AGEMS nº 317/25"",""tipo_unidade_id"":""1e5dead6-7adb-4c55-837a-267af0453f1c"",""texto_determinacao"":"""",""texto_recomendacao"":""Elaborar e apresentar o Plano Operacional contendo cronograma, dimensionamento e metas dos serviços"",""texto_constatacao_nao"":""Não há Plano Operacional formalizado para os serviços de limpeza urbana"",""texto_constatacao_sim"":""Há Plano Operacional detalhando a execução dos serviços de limpeza urbana""},{""id"":""7cfbbf28-c79b-4c17-aa04-b8baac22dc02"",""ativo"":true,""ordem"":5,""gera_nc"":true,""pergunta"":""Existe o serviço de varrição de vias e logradouros?"",""texto_nc"":""30"",""is_sample"":false,""created_at"":""2026-02-24T12:55:31.906454+00:00"",""created_by"":null,""prazo_dias"":30,""created_date"":""2026-02-24T12:55:31.906454+00:00"",""updated_date"":""2026-02-24T12:55:31.906454+00:00"",""created_by_id"":null,""artigo_portaria"":""Art. 32, inciso XXXII da Portaria AGEMS nº 317/25"",""tipo_unidade_id"":""1e5dead6-7adb-4c55-837a-267af0453f1c"",""texto_determinacao"":"""",""texto_recomendacao"":""Implantar o serviço de varrição de vias públicas conforme definição legal"",""texto_constatacao_nao"":""Não há serviço de varrição de vias implantado"",""texto_constatacao_sim"":""O serviço de varrição de vias é executado no município""},{""id"":""68ef2d14-80c3-470c-8401-84a590749b67"",""ativo"":true,""ordem"":6,""gera_nc"":true,""pergunta"":""A frequência da varrição é adequada e cumprida regularmente?"",""texto_nc"":""30"",""is_sample"":false,""created_at"":""2026-02-24T12:55:31.971039+00:00"",""created_by"":null,""prazo_dias"":30,""created_date"":""2026-02-24T12:55:31.971039+00:00"",""updated_date"":""2026-02-24T12:55:31.971039+00:00"",""created_by_id"":null,""artigo_portaria"":""Art. 11, inciso I da Portaria AGEMS nº 317/25"",""tipo_unidade_id"":""1e5dead6-7adb-4c55-837a-267af0453f1c"",""texto_determinacao"":"""",""texto_recomendacao"":""Adequar a frequência de varrição para garantir a qualidade e eficiência do serviço"",""texto_constatacao_nao"":""A frequência de varrição é insuficiente ou irregular, resultando em vias sujas"",""texto_constatacao_sim"":""A varrição é realizada regularmente mantendo as vias limpas""},{""id"":""c9214681-8f20-437d-88f8-aa2116388460"",""ativo"":true,""ordem"":7,""gera_nc"":true,""pergunta"":""Existe o serviço de capina e roçada mecanizada/manual?"",""texto_nc"":""30"",""is_sample"":false,""created_at"":""2026-02-24T12:55:32.036439+00:00"",""created_by"":null,""prazo_dias"":30,""created_date"":""2026-02-24T12:55:32.036439+00:00"",""updated_date"":""2026-02-24T12:55:32.036439+00:00"",""created_by_id"":null,""artigo_portaria"":""Art. 32, inciso XXXII da Portaria AGEMS nº 317/25"",""tipo_unidade_id"":""1e5dead6-7adb-4c55-837a-267af0453f1c"",""texto_determinacao"":"""",""texto_recomendacao"":""Executar os serviços de capina e roçada para manutenção do asseio urbano"",""texto_constatacao_nao"":""Não há execução de serviços de capina e roçada"",""texto_constatacao_sim"":""Os serviços de capina e roçada são executados no município""},{""id"":""40fff296-c985-402d-9511-c0de5ae840e4"",""ativo"":true,""ordem"":8,""gera_nc"":true,""pergunta"":""A frequência de capina/roçada é adequada (evita mato alto)?"",""texto_nc"":""30"",""is_sample"":false,""created_at"":""2026-02-24T12:55:32.109802+00:00"",""created_by"":null,""prazo_dias"":30,""created_date"":""2026-02-24T12:55:32.109802+00:00"",""updated_date"":""2026-02-24T12:55:32.109802+00:00"",""created_by_id"":null,""artigo_portaria"":""Art. 11, inciso I da Portaria AGEMS nº 317/25"",""tipo_unidade_id"":""1e5dead6-7adb-4c55-837a-267af0453f1c"",""texto_determinacao"":"""",""texto_recomendacao"":""Intensificar a frequência de capina e roçada para garantir o padrão de qualidade exigido"",""texto_constatacao_nao"":""A frequência é insuficiente, verificando-se mato alto em diversas vias e logradouros"",""texto_constatacao_sim"":""A periodicidade de capina/roçada é suficiente, mantendo as vias limpas""},{""id"":""08361c56-57a0-450a-ae2b-4b4f65e32d2e"",""ativo"":true,""ordem"":9,""gera_nc"":true,""pergunta"":""Existe o serviço de poda e manejo da arborização urbana?"",""texto_nc"":""30"",""is_sample"":false,""created_at"":""2026-02-24T12:55:32.173847+00:00"",""created_by"":null,""prazo_dias"":30,""created_date"":""2026-02-24T12:55:32.173847+00:00"",""updated_date"":""2026-02-24T12:55:32.173847+00:00"",""created_by_id"":null,""artigo_portaria"":""Art. 32, inciso XXXII da Portaria AGEMS nº 317/25"",""tipo_unidade_id"":""1e5dead6-7adb-4c55-837a-267af0453f1c"",""texto_determinacao"":"""",""texto_recomendacao"":""Executar o manejo e poda da arborização urbana conforme necessidade e normas ambientais"",""texto_constatacao_nao"":""Não há serviço de poda, gerando riscos e interferências na fiação/trânsito"",""texto_constatacao_sim"":""O município executa o serviço de poda e manejo de árvores em vias públicas""},{""id"":""359cbf70-5edd-4ea2-81de-6d11a1c15431"",""ativo"":true,""ordem"":10,""gera_nc"":true,""pergunta"":""A execução das podas é realizada com a frequência adequada?"",""texto_nc"":""30"",""is_sample"":false,""created_at"":""2026-02-24T12:55:32.239681+00:00"",""created_by"":null,""prazo_dias"":30,""created_date"":""2026-02-24T12:55:32.239681+00:00"",""updated_date"":""2026-02-24T12:55:32.239681+00:00"",""created_by_id"":null,""artigo_portaria"":""Art. 11, inciso I da Portaria AGEMS nº 317/25"",""tipo_unidade_id"":""1e5dead6-7adb-4c55-837a-267af0453f1c"",""texto_determinacao"":"""",""texto_recomendacao"":""Adequar o cronograma de podas para garantir a segurança e a continuidade do serviço"",""texto_constatacao_nao"":""A frequência de podas é insuficiente, havendo árvores com galhos perigosos ou atrapalhando a via"",""texto_constatacao_sim"":""As podas são realizadas regularmente, mantendo a arborização controlada""},{""id"":""87c62b14-3499-4a19-813e-f325d6a9dd12"",""ativo"":true,""ordem"":11,""gera_nc"":true,""pergunta"":""Existe o serviço de pintura de guias e mobiliário urbano?"",""texto_nc"":""30"",""is_sample"":false,""created_at"":""2026-02-24T12:55:32.309564+00:00"",""created_by"":null,""prazo_dias"":30,""created_date"":""2026-02-24T12:55:32.309564+00:00"",""updated_date"":""2026-02-24T12:55:32.309564+00:00"",""created_by_id"":null,""artigo_portaria"":""Art. 32, inciso XXXII da Portaria AGEMS nº 317/25"",""tipo_unidade_id"":""1e5dead6-7adb-4c55-837a-267af0453f1c"",""texto_determinacao"":"""",""texto_recomendacao"":""Realizar a manutenção e pintura de guias e mobiliário urbano para garantir o asseio"",""texto_constatacao_nao"":""Não é realizada a pintura de guias ou conservação do mobiliário"",""texto_constatacao_sim"":""É realizada a caiação/pintura de guias e conservação do mobiliário urbano""},{""id"":""3dcf4d0f-fe4b-497c-824a-b6347640f406"",""ativo"":true,""ordem"":12,""gera_nc"":true,""pergunta"":""A manutenção/pintura é feita com frequência adequada?"",""texto_nc"":""30"",""is_sample"":false,""created_at"":""2026-02-24T12:55:32.375439+00:00"",""created_by"":null,""prazo_dias"":30,""created_date"":""2026-02-24T12:55:32.375439+00:00"",""updated_date"":""2026-02-24T12:55:32.375439+00:00"",""created_by_id"":null,""artigo_portaria"":""Art. 11, inciso I da Portaria AGEMS nº 317/25"",""tipo_unidade_id"":""1e5dead6-7adb-4c55-837a-267af0453f1c"",""texto_determinacao"":"""",""texto_recomendacao"":""Regularizar a frequência de manutenção e pintura do mobiliário urbano"",""texto_constatacao_nao"":""O mobiliário e guias apresentam aspecto de abandono por falta de manutenção frequente"",""texto_constatacao_sim"":""O asseio e pintura das guias/mobiliário são mantidos regularmente""},{""id"":""9498a7f2-1fef-4a8f-a6d9-515cbf141e39"",""ativo"":true,""ordem"":13,""gera_nc"":true,""pergunta"":""Existe o serviço de limpeza de bueiros e bocas de lobo?"",""texto_nc"":""30"",""is_sample"":false,""created_at"":""2026-02-24T12:55:32.439945+00:00"",""created_by"":null,""prazo_dias"":30,""created_date"":""2026-02-24T12:55:32.439945+00:00"",""updated_date"":""2026-02-24T12:55:32.439945+00:00"",""created_by_id"":null,""artigo_portaria"":""Art. 38 da Portaria AGEMS nº 317/25"",""tipo_unidade_id"":""1e5dead6-7adb-4c55-837a-267af0453f1c"",""texto_determinacao"":"""",""texto_recomendacao"":""Implantar rotina de limpeza dos dispositivos de drenagem"",""texto_constatacao_nao"":""Não há serviço de limpeza de bueiros"",""texto_constatacao_sim"":""Há serviço de limpeza de bueiros e dispositivos de drenagem""},{""id"":""327a8e3a-4ac0-4312-9453-a119c8eaa186"",""ativo"":true,""ordem"":14,""gera_nc"":true,""pergunta"":""A limpeza dos bueiros é realizada com frequência adequada?"",""texto_nc"":""30"",""is_sample"":false,""created_at"":""2026-02-24T12:55:32.505305+00:00"",""created_by"":null,""prazo_dias"":30,""created_date"":""2026-02-24T12:55:32.505305+00:00"",""updated_date"":""2026-02-24T12:55:32.505305+00:00"",""created_by_id"":null,""artigo_portaria"":""Art. 11, inciso I da Portaria AGEMS nº 317/25"",""tipo_unidade_id"":""1e5dead6-7adb-4c55-837a-267af0453f1c"",""texto_determinacao"":"""",""texto_recomendacao"":""Intensificar a frequência de limpeza dos dispositivos de drenagem para evitar obstruções"",""texto_constatacao_nao"":""Identificou-se bueiros e bocas de lobo obstruídos ou sujos por falta de limpeza regular"",""texto_constatacao_sim"":""Os bueiros encontram-se limpos e desobstruídos""},{""id"":""9871736d-9452-4db8-a5f8-58d3eb1ba1c1"",""ativo"":true,""ordem"":15,""gera_nc"":true,""pergunta"":""Existe o serviço de limpeza de córregos urbanos?"",""texto_nc"":""30"",""is_sample"":false,""created_at"":""2026-02-24T12:55:32.572929+00:00"",""created_by"":null,""prazo_dias"":30,""created_date"":""2026-02-24T12:55:32.572929+00:00"",""updated_date"":""2026-02-24T12:55:32.572929+00:00"",""created_by_id"":null,""artigo_portaria"":""Art. 32, inciso XXXII da Portaria AGEMS nº 317/25"",""tipo_unidade_id"":""1e5dead6-7adb-4c55-837a-267af0453f1c"",""texto_determinacao"":"""",""texto_recomendacao"":""Realizar a limpeza e manutenção dos córregos urbanos e suas margens"",""texto_constatacao_nao"":""Não é realizada a limpeza de córregos"",""texto_constatacao_sim"":""É realizada a limpeza de córregos urbanos e canais""},{""id"":""cee31268-0fd1-4b29-8e6b-3efd08a3c452"",""ativo"":true,""ordem"":16,""gera_nc"":true,""pergunta"":""A limpeza dos córregos é frequente e evita acúmulos?"",""texto_nc"":""30"",""is_sample"":false,""created_at"":""2026-02-24T12:55:32.637869+00:00"",""created_by"":null,""prazo_dias"":30,""created_date"":""2026-02-24T12:55:32.637869+00:00"",""updated_date"":""2026-02-24T12:55:32.637869+00:00"",""created_by_id"":null,""artigo_portaria"":""Art. 11, inciso I da Portaria AGEMS nº 317/25"",""tipo_unidade_id"":""1e5dead6-7adb-4c55-837a-267af0453f1c"",""texto_determinacao"":"""",""texto_recomendacao"":""Regularizar a frequência de limpeza dos córregos urbanos para evitar alagamentos e vetores"",""texto_constatacao_nao"":""Verificou-se acúmulo de resíduos e mato nos córregos por falta de limpeza frequente"",""texto_constatacao_sim"":""Os córregos são mantidos limpos e com fluxo livre""},{""id"":""9c943bf5-d177-4666-b476-f4c2d4ea5a4f"",""ativo"":true,""ordem"":17,""gera_nc"":true,""pergunta"":""Existe o serviço de lavagem de vias e áreas públicas?"",""texto_nc"":""30"",""is_sample"":false,""created_at"":""2026-02-24T12:55:32.704947+00:00"",""created_by"":null,""prazo_dias"":30,""created_date"":""2026-02-24T12:55:32.704947+00:00"",""updated_date"":""2026-02-24T12:55:32.704947+00:00"",""created_by_id"":null,""artigo_portaria"":""Art. 32, inciso XXXII da Portaria AGEMS nº 317/25"",""tipo_unidade_id"":""1e5dead6-7adb-4c55-837a-267af0453f1c"",""texto_determinacao"":"""",""texto_recomendacao"":""Estabelecer serviço de lavagem de áreas públicas críticas e locais de feiras"",""texto_constatacao_nao"":""Não é realizada a lavagem de vias ou áreas públicas"",""texto_constatacao_sim"":""Há serviço de lavagem de vias, feiras livres e áreas de grande circulação""},{""id"":""bd87df9a-c5b4-494a-a5cd-1a54c661d2d0"",""ativo"":true,""ordem"":18,""gera_nc"":true,""pergunta"":""A lavagem é realizada com frequência adequada (especialmente em feiras)?"",""texto_nc"":""30"",""is_sample"":false,""created_at"":""2026-02-24T12:55:32.774434+00:00"",""created_by"":null,""prazo_dias"":30,""created_date"":""2026-02-24T12:55:32.774434+00:00"",""updated_date"":""2026-02-24T12:55:32.774434+00:00"",""created_by_id"":null,""artigo_portaria"":""Art. 11, inciso I da Portaria AGEMS nº 317/25"",""tipo_unidade_id"":""1e5dead6-7adb-4c55-837a-267af0453f1c"",""texto_determinacao"":"""",""texto_recomendacao"":""Adequar a frequência de lavagem de vias e áreas de feiras para garantir condições de higiene"",""texto_constatacao_nao"":""A frequência de lavagem é insuficiente, gerando odores e sujeira impregnada"",""texto_constatacao_sim"":""A lavagem ocorre com frequência adequada, garantindo a higiene""},{""id"":""6b4ea357-dc17-48ee-b73d-e59bac6195a0"",""ativo"":true,""ordem"":19,""gera_nc"":true,""pergunta"":""Existe o serviço de limpeza de praças e áreas de lazer?"",""texto_nc"":""30"",""is_sample"":false,""created_at"":""2026-02-24T12:55:32.841348+00:00"",""created_by"":null,""prazo_dias"":30,""created_date"":""2026-02-24T12:55:32.841348+00:00"",""updated_date"":""2026-02-24T12:55:32.841348+00:00"",""created_by_id"":null,""artigo_portaria"":""Art. 32, inciso XXXII da Portaria AGEMS nº 317/25"",""tipo_unidade_id"":""1e5dead6-7adb-4c55-837a-267af0453f1c"",""texto_determinacao"":"""",""texto_recomendacao"":""Implantar rotina de limpeza e conservação das praças e áreas de lazer"",""texto_constatacao_nao"":""Não há serviço de limpeza específico para praças e áreas de lazer"",""texto_constatacao_sim"":""Há rotina de limpeza e conservação de praças e parques municipais""},{""id"":""f117424e-165d-4c31-9adb-1c45d8be1001"",""ativo"":true,""ordem"":2,""gera_nc"":true,""pergunta"":""O serviço é executado por Cooperativa/Associação de Catadores?"",""texto_nc"":""30"",""is_sample"":false,""created_at"":""2026-02-24T12:55:39.819068+00:00"",""created_by"":null,""prazo_dias"":30,""created_date"":""2026-02-24T12:55:39.819068+00:00"",""updated_date"":""2026-02-24T12:55:39.819068+00:00"",""created_by_id"":null,""artigo_portaria"":"""",""tipo_unidade_id"":""71393bbc-a546-4a3e-9f7b-472e2553afe3"",""texto_determinacao"":"""",""texto_recomendacao"":"""",""texto_constatacao_nao"":"""",""texto_constatacao_sim"":""O serviço é executado por Cooperativa ou Associação de Catadores""},{""id"":""96c1b7f2-a442-4eb4-aa85-af764039560f"",""ativo"":true,""ordem"":20,""gera_nc"":true,""pergunta"":""As praças e áreas de lazer são mantidas limpas regularmente?"",""texto_nc"":""30"",""is_sample"":false,""created_at"":""2026-02-24T12:55:32.915426+00:00"",""created_by"":null,""prazo_dias"":30,""created_date"":""2026-02-24T12:55:32.915426+00:00"",""updated_date"":""2026-02-24T12:55:32.915426+00:00"",""created_by_id"":null,""artigo_portaria"":""Art. 11, inciso I da Portaria AGEMS nº 317/25"",""tipo_unidade_id"":""1e5dead6-7adb-4c55-837a-267af0453f1c"",""texto_determinacao"":"""",""texto_recomendacao"":""Garantir a regularidade na limpeza das praças para assegurar a qualidade do espaço público"",""texto_constatacao_nao"":""As praças e áreas de lazer encontram-se sujas ou sem manutenção regular"",""texto_constatacao_sim"":""As praças encontram-se limpas e conservadas""},{""id"":""368c04a7-e373-46ff-bb7f-db73e427df91"",""ativo"":true,""ordem"":21,""gera_nc"":true,""pergunta"":""É realizada a limpeza imediata pós-eventos/feiras?"",""texto_nc"":""30"",""is_sample"":false,""created_at"":""2026-02-24T12:55:32.979834+00:00"",""created_by"":null,""prazo_dias"":30,""created_date"":""2026-02-24T12:55:32.979834+00:00"",""updated_date"":""2026-02-24T12:55:32.979834+00:00"",""created_by_id"":null,""artigo_portaria"":""Art. 37 da Portaria AGEMS nº 317/25"",""tipo_unidade_id"":""1e5dead6-7adb-4c55-837a-267af0453f1c"",""texto_determinacao"":"""",""texto_recomendacao"":""Executar a limpeza dos logradouros imediatamente após o encerramento de eventos e feiras"",""texto_constatacao_nao"":""Verificou-se acúmulo de resíduos nas vias após a realização de eventos"",""texto_constatacao_sim"":""Há limpeza imediata de logradouros após a realização de feiras e eventos""},{""id"":""767fcfe1-9d5b-4a1c-adee-0837b285bbae"",""ativo"":true,""ordem"":22,""gera_nc"":true,""pergunta"":""Existe serviço de remoção de animais mortos em vias públicas?"",""texto_nc"":""30"",""is_sample"":false,""created_at"":""2026-02-24T12:55:33.049868+00:00"",""created_by"":null,""prazo_dias"":30,""created_date"":""2026-02-24T12:55:33.049868+00:00"",""updated_date"":""2026-02-24T12:55:33.049868+00:00"",""created_by_id"":null,""artigo_portaria"":""Art. 8º da Portaria AGEMS nº 317/25"",""tipo_unidade_id"":""1e5dead6-7adb-4c55-837a-267af0453f1c"",""texto_determinacao"":"""",""texto_recomendacao"":""Implantar serviço de remoção e destinação adequada de animais mortos em vias públicas"",""texto_constatacao_nao"":""Não há serviço estruturado para remoção de animais mortos das vias"",""texto_constatacao_sim"":""O município dispõe de serviço para remoção e destinação de animais mortos""},{""id"":""c42d0671-fb7f-405c-9939-aa08dd0e05f7"",""ativo"":true,""ordem"":23,""gera_nc"":true,""pergunta"":""Existe serviço de limpeza corretiva de pontos de descarte irregular?"",""texto_nc"":""30"",""is_sample"":false,""created_at"":""2026-02-24T12:55:33.119984+00:00"",""created_by"":null,""prazo_dias"":30,""created_date"":""2026-02-24T12:55:33.119984+00:00"",""updated_date"":""2026-02-24T12:55:33.119984+00:00"",""created_by_id"":null,""artigo_portaria"":""Art. 4º, inciso XIII da Portaria AGEMS nº 317/25"",""tipo_unidade_id"":""1e5dead6-7adb-4c55-837a-267af0453f1c"",""texto_determinacao"":"""",""texto_recomendacao"":""Realizar a limpeza corretiva e monitoramento dos pontos de descarte irregular"",""texto_constatacao_nao"":""Não há limpeza de pontos viciados de lixo, havendo acúmulo crônico nas vias"",""texto_constatacao_sim"":""O município remove resíduos acumulados irregularmente (bota-fora) nas vias""},{""id"":""fe52fb02-55ba-482f-bfbe-41c56f43097f"",""ativo"":true,""ordem"":24,""gera_nc"":true,""pergunta"":""Existe legislação e fiscalização sobre limpeza de terrenos privados?"",""texto_nc"":""30"",""is_sample"":false,""created_at"":""2026-02-24T12:55:33.187914+00:00"",""created_by"":null,""prazo_dias"":30,""created_date"":""2026-02-24T12:55:33.187914+00:00"",""updated_date"":""2026-02-24T12:55:33.187914+00:00"",""created_by_id"":null,""artigo_portaria"":""Art. 10, inciso VI da Portaria AGEMS nº 317/25"",""tipo_unidade_id"":""1e5dead6-7adb-4c55-837a-267af0453f1c"",""texto_determinacao"":"""",""texto_recomendacao"":""Intensificar a fiscalização sobre a limpeza de terrenos baldios e aplicar as sanções previstas"",""texto_constatacao_nao"":""Não há fiscalização efetiva sobre a limpeza de terrenos baldios privados"",""texto_constatacao_sim"":""O município fiscaliza e notifica proprietários de terrenos baldios sujos""},{""id"":""fcc5df82-5e12-4803-adc4-67e4529fa91b"",""ativo"":true,""ordem"":25,""gera_nc"":true,""pergunta"":""A coleta dos resíduos da varrição ocorre no prazo correto (máximo 1 dia)?"",""texto_nc"":""30"",""is_sample"":false,""created_at"":""2026-02-24T12:55:33.254319+00:00"",""created_by"":null,""prazo_dias"":30,""created_date"":""2026-02-24T12:55:33.254319+00:00"",""updated_date"":""2026-02-24T12:55:33.254319+00:00"",""created_by_id"":null,""artigo_portaria"":""Art. 37 da Portaria AGEMS nº 317/25"",""tipo_unidade_id"":""1e5dead6-7adb-4c55-837a-267af0453f1c"",""texto_determinacao"":"""",""texto_recomendacao"":""Realizar a coleta dos resíduos de varrição no mesmo dia ou no máximo em 1 dia após o serviço"",""texto_constatacao_nao"":""Os resíduos de varrição permanecem acumulados nas vias por mais de 1 dia"",""texto_constatacao_sim"":""A coleta dos resíduos de varrição ocorre em prazo compatível (não excede 1 dia)""},{""id"":""74951ace-1b8f-45b0-98c4-8a50b6ef75c4"",""ativo"":true,""ordem"":26,""gera_nc"":true,""pergunta"":""Os resíduos de bueiros são segregados e retirados imediatamente?"",""texto_nc"":""30"",""is_sample"":false,""created_at"":""2026-02-24T12:55:33.320302+00:00"",""created_by"":null,""prazo_dias"":30,""created_date"":""2026-02-24T12:55:33.320302+00:00"",""updated_date"":""2026-02-24T12:55:33.320302+00:00"",""created_by_id"":null,""artigo_portaria"":""Art. 38 da Portaria AGEMS nº 317/25"",""tipo_unidade_id"":""1e5dead6-7adb-4c55-837a-267af0453f1c"",""texto_determinacao"":"""",""texto_recomendacao"":""Assegurar a coleta imediata e destinação ambientalmente adequada dos resíduos retirados dos bueiros"",""texto_constatacao_nao"":""Os resíduos de bueiros são deixados na via ou destinados inadequadamente"",""texto_constatacao_sim"":""Os resíduos da limpeza de bueiros são retirados e destinados corretamente""},{""id"":""96d5f941-9c50-4c19-bab0-b289c8e3edec"",""ativo"":true,""ordem"":27,""gera_nc"":true,""pergunta"":""A quantidade de colaboradores é suficiente para a demanda?"",""texto_nc"":""30"",""is_sample"":false,""created_at"":""2026-02-24T12:55:33.389883+00:00"",""created_by"":null,""prazo_dias"":30,""created_date"":""2026-02-24T12:55:33.389883+00:00"",""updated_date"":""2026-02-24T12:55:33.389883+00:00"",""created_by_id"":null,""artigo_portaria"":""Art. 11, inciso I da Portaria AGEMS nº 317/25"",""tipo_unidade_id"":""1e5dead6-7adb-4c55-837a-267af0453f1c"",""texto_determinacao"":"""",""texto_recomendacao"":""Adequar o quadro de pessoal para garantir a execução plena dos serviços de limpeza urbana"",""texto_constatacao_nao"":""A quantidade de colaboradores é insuficiente, comprometendo a qualidade do serviço"",""texto_constatacao_sim"":""A equipe de limpeza urbana é suficiente para atender a demanda da cidade""},{""id"":""e890d2b6-470c-4583-a98b-252d212b2ab2"",""ativo"":true,""ordem"":28,""gera_nc"":true,""pergunta"":""Os equipamentos e ferramentas são suficientes e adequados?"",""texto_nc"":""30"",""is_sample"":false,""created_at"":""2026-02-24T12:55:33.455154+00:00"",""created_by"":null,""prazo_dias"":30,""created_date"":""2026-02-24T12:55:33.455154+00:00"",""updated_date"":""2026-02-24T12:55:33.455154+00:00"",""created_by_id"":null,""artigo_portaria"":""Art. 11, inciso VI da Portaria AGEMS nº 317/25"",""tipo_unidade_id"":""1e5dead6-7adb-4c55-837a-267af0453f1c"",""texto_determinacao"":"""",""texto_recomendacao"":""Disponibilizar equipamentos e ferramentas em quantidade e qualidade adequadas"",""texto_constatacao_nao"":""Faltam equipamentos ou ferramentas adequadas para a execução dos serviços"",""texto_constatacao_sim"":""Os equipamentos e ferramentas são suficientes e estão em boas condições""},{""id"":""75d80326-2423-44b5-b10a-8fed793b36c9"",""ativo"":true,""ordem"":29,""gera_nc"":true,""pergunta"":""Os trabalhadores utilizam EPIs adequados?"",""texto_nc"":""30"",""is_sample"":false,""created_at"":""2026-02-24T12:55:33.523706+00:00"",""created_by"":null,""prazo_dias"":30,""created_date"":""2026-02-24T12:55:33.523706+00:00"",""updated_date"":""2026-02-24T12:55:33.523706+00:00"",""created_by_id"":null,""artigo_portaria"":""Art. 40 da Portaria AGEMS nº 317/25"",""tipo_unidade_id"":""1e5dead6-7adb-4c55-837a-267af0453f1c"",""texto_determinacao"":"""",""texto_recomendacao"":""Fornecer e fiscalizar o uso obrigatório de EPIs por todos os colaboradores da limpeza urbana"",""texto_constatacao_nao"":""Identificou-se trabalhadores sem os EPIs obrigatórios para a atividade"",""texto_constatacao_sim"":""Os trabalhadores utilizam EPIs adequados (uniforme, luvas, botas, coletes)""},{""id"":""7844f876-c30d-45d7-894b-7f1d5fb48f79"",""ativo"":true,""ordem"":30,""gera_nc"":true,""pergunta"":""A destinação final dos resíduos de limpeza urbana é licenciada?"",""texto_nc"":""30"",""is_sample"":false,""created_at"":""2026-02-24T12:55:33.601702+00:00"",""created_by"":null,""prazo_dias"":30,""created_date"":""2026-02-24T12:55:33.601702+00:00"",""updated_date"":""2026-02-24T12:55:33.601702+00:00"",""created_by_id"":null,""artigo_portaria"":""Art. 41 da Portaria AGEMS nº 317/25"",""tipo_unidade_id"":""1e5dead6-7adb-4c55-837a-267af0453f1c"",""texto_determinacao"":"""",""texto_recomendacao"":""Encaminhar imediatamente todos os resíduos de limpeza urbana para unidades devidamente licenciadas"",""texto_constatacao_nao"":""Verificou-se a disposição de resíduos de limpeza urbana em áreas não licenciadas"",""texto_constatacao_sim"":""Todo resíduo da limpeza urbana é destinado a aterro/unidade licenciada""},{""id"":""260825d0-158f-478b-a8d3-a7d82d084a00"",""ativo"":true,""ordem"":31,""gera_nc"":true,""pergunta"":""Os resíduos de podas/áreas verdes têm destinação licenciada?"",""texto_nc"":""30"",""is_sample"":false,""created_at"":""2026-02-24T12:55:33.779486+00:00"",""created_by"":null,""prazo_dias"":30,""created_date"":""2026-02-24T12:55:33.779486+00:00"",""updated_date"":""2026-02-24T12:55:33.779486+00:00"",""created_by_id"":null,""artigo_portaria"":""Art. 39 da Portaria AGEMS nº 317/25"",""tipo_unidade_id"":""1e5dead6-7adb-4c55-837a-267af0453f1c"",""texto_determinacao"":"""",""texto_recomendacao"":""Encaminhar os resíduos de manutenção de áreas verdes exclusivamente para unidades licenciadas"",""texto_constatacao_nao"":""Os resíduos de podas são dispostos em locais sem licença (lixões/bota-fora)"",""texto_constatacao_sim"":""Os resíduos verdes são encaminhados para locais licenciados""},{""id"":""1a9efbaa-6276-4c60-b2c1-f430ea447c96"",""ativo"":true,""ordem"":32,""gera_nc"":true,""pergunta"":""Existem Ecopontos implantados para entrega voluntária?"",""texto_nc"":""30"",""is_sample"":false,""created_at"":""2026-02-24T12:55:33.852247+00:00"",""created_by"":null,""prazo_dias"":30,""created_date"":""2026-02-24T12:55:33.852247+00:00"",""updated_date"":""2026-02-24T12:55:33.852247+00:00"",""created_by_id"":null,""artigo_portaria"":""Art. 9º, inciso III da Portaria AGEMS nº 317/25"",""tipo_unidade_id"":""1e5dead6-7adb-4c55-837a-267af0453f1c"",""texto_determinacao"":"""",""texto_recomendacao"":""Implantar Ecopontos para o recebimento de RCC, volumosos e resíduos verdes"",""texto_constatacao_nao"":""Não existem Ecopontos, favorecendo o descarte irregular em vias públicas"",""texto_constatacao_sim"":""Existem Ecopontos distribuídos na área urbana para recebimento de pequenos volumes""},{""id"":""19249001-baf7-4d65-8ca2-de1030716978"",""ativo"":true,""ordem"":33,""gera_nc"":true,""pergunta"":""O município oferta serviço de coleta de volumosos?"",""texto_nc"":""30"",""is_sample"":false,""created_at"":""2026-02-24T12:55:33.927202+00:00"",""created_by"":null,""prazo_dias"":30,""created_date"":""2026-02-24T12:55:33.927202+00:00"",""updated_date"":""2026-02-24T12:55:33.927202+00:00"",""created_by_id"":null,""artigo_portaria"":""Art. 37 da Portaria AGEMS nº 317/25"",""tipo_unidade_id"":""1e5dead6-7adb-4c55-837a-267af0453f1c"",""texto_determinacao"":"""",""texto_recomendacao"":""Implantar serviço de coleta de volumosos para evitar descarte irregular"",""texto_constatacao_nao"":""Não há serviço de coleta de volumosos, gerando acúmulo em vias públicas"",""texto_constatacao_sim"":""Existe serviço regular ou agendado de coleta de volumosos""},{""id"":""55c85b97-9fe3-4309-8dc6-25e238b77b83"",""ativo"":true,""ordem"":34,""gera_nc"":true,""pergunta"":""Há disposição adequada de pneumáticos inservíveis (área coberta)?"",""texto_nc"":""30"",""is_sample"":false,""created_at"":""2026-02-24T12:55:33.991698+00:00"",""created_by"":null,""prazo_dias"":30,""created_date"":""2026-02-24T12:55:33.991698+00:00"",""updated_date"":""2026-02-24T12:55:33.991698+00:00"",""created_by_id"":null,""artigo_portaria"":""Art. 11, inciso VI da Portaria AGEMS nº 317/25"",""tipo_unidade_id"":""1e5dead6-7adb-4c55-837a-267af0453f1c"",""texto_determinacao"":"""",""texto_recomendacao"":""Armazenar pneumáticos exclusivamente em área coberta e protegida, evitando vetores"",""texto_constatacao_nao"":""Identificou-se pneus a céu aberto ou em galpão sem proteção lateral"",""texto_constatacao_sim"":""Os pneumáticos são armazenados em área coberta, com piso impermeável""},{""id"":""c421a82a-1355-4fbd-a42c-642f065cfd41"",""ativo"":true,""ordem"":35,""gera_nc"":true,""pergunta"":""É realizada umectação das vias de acesso às áreas de disposição?"",""texto_nc"":""30"",""is_sample"":false,""created_at"":""2026-02-24T12:55:34.05424+00:00"",""created_by"":null,""prazo_dias"":30,""created_date"":""2026-02-24T12:55:34.05424+00:00"",""updated_date"":""2026-02-24T12:55:34.05424+00:00"",""created_by_id"":null,""artigo_portaria"":""Art. 11, inciso VI da Portaria AGEMS nº 317/25"",""tipo_unidade_id"":""1e5dead6-7adb-4c55-837a-267af0453f1c"",""texto_determinacao"":"""",""texto_recomendacao"":""Estabelecer rotina de umectação das vias de acesso às áreas de disposição final para controle de emissões de poeira"",""texto_constatacao_nao"":""Não há umectação, gerando excesso de poeira nas vias de acesso e áreas operacionais"",""texto_constatacao_sim"":""Há rotina de umectação (caminhão-pipa) nas vias de terra para controle de poeira""},{""id"":""5aabffcd-2410-44fa-b502-c94479931caf"",""ativo"":true,""ordem"":36,""gera_nc"":true,""pergunta"":""São realizadas ações de educação ambiental sobre limpeza urbana?"",""texto_nc"":""30"",""is_sample"":false,""created_at"":""2026-02-24T12:55:34.137471+00:00"",""created_by"":null,""prazo_dias"":30,""created_date"":""2026-02-24T12:55:34.137471+00:00"",""updated_date"":""2026-02-24T12:55:34.137471+00:00"",""created_by_id"":null,""artigo_portaria"":""Art. 11, inciso XVI da Portaria AGEMS nº 317/25"",""tipo_unidade_id"":""1e5dead6-7adb-4c55-837a-267af0453f1c"",""texto_determinacao"":"""",""texto_recomendacao"":""Desenvolver ações continuadas de educação ambiental sobre direitos e deveres na limpeza urbana"",""texto_constatacao_nao"":""Não há registro de ações de educação ambiental voltadas à limpeza urbana"",""texto_constatacao_sim"":""O prestador/município executa ações de educação ambiental junto à população""},{""id"":""c2f68dd6-7406-486d-8077-e724fbe6c24c"",""ativo"":true,""ordem"":1,""gera_nc"":true,""pergunta"":""O serviço é executado de forma direta (Servidores Públicos)?"",""texto_nc"":""30"",""is_sample"":false,""created_at"":""2026-02-24T12:55:39.504715+00:00"",""created_by"":null,""prazo_dias"":30,""created_date"":""2026-02-24T12:55:39.504715+00:00"",""updated_date"":""2026-02-24T12:55:39.504715+00:00"",""created_by_id"":null,""artigo_portaria"":"""",""tipo_unidade_id"":""71393bbc-a546-4a3e-9f7b-472e2553afe3"",""texto_determinacao"":"""",""texto_recomendacao"":"""",""texto_constatacao_nao"":"""",""texto_constatacao_sim"":""O serviço é executado de forma direta por servidores públicos""},{""id"":""44b82cd5-640b-46cd-a233-4882723bc086"",""ativo"":true,""ordem"":3,""gera_nc"":true,""pergunta"":""O serviço é executado por empresa privada terceirizada?"",""texto_nc"":""30"",""is_sample"":false,""created_at"":""2026-02-24T12:55:39.889146+00:00"",""created_by"":null,""prazo_dias"":30,""created_date"":""2026-02-24T12:55:39.889146+00:00"",""updated_date"":""2026-02-24T12:55:39.889146+00:00"",""created_by_id"":null,""artigo_portaria"":"""",""tipo_unidade_id"":""71393bbc-a546-4a3e-9f7b-472e2553afe3"",""texto_determinacao"":"""",""texto_recomendacao"":"""",""texto_constatacao_nao"":"""",""texto_constatacao_sim"":""O serviço é executado por empresa privada terceirizada""},{""id"":""249d3885-8107-4974-abb1-7440adffc36b"",""ativo"":true,""ordem"":4,""gera_nc"":true,""pergunta"":""Há contrato ou termo de colaboração vigente para repasse de recursos?"",""texto_nc"":""30"",""is_sample"":false,""created_at"":""2026-02-24T12:55:39.950909+00:00"",""created_by"":null,""prazo_dias"":30,""created_date"":""2026-02-24T12:55:39.950909+00:00"",""updated_date"":""2026-02-24T12:55:39.950909+00:00"",""created_by_id"":null,""artigo_portaria"":"""",""tipo_unidade_id"":""71393bbc-a546-4a3e-9f7b-472e2553afe3"",""texto_determinacao"":"""",""texto_recomendacao"":"""",""texto_constatacao_nao"":"""",""texto_constatacao_sim"":""Há instrumento jurídico vigente garantindo o repasse de recursos para a operação""},{""id"":""49cf41e7-98cc-4667-a8e7-ec92bf90791b"",""ativo"":true,""ordem"":5,""gera_nc"":true,""pergunta"":""A unidade possui Licença Ambiental de Operação (LO) vigente?"",""texto_nc"":""30"",""is_sample"":false,""created_at"":""2026-02-24T12:55:40.016557+00:00"",""created_by"":null,""prazo_dias"":30,""created_date"":""2026-02-24T12:55:40.016557+00:00"",""updated_date"":""2026-02-24T12:55:40.016557+00:00"",""created_by_id"":null,""artigo_portaria"":""Art. 22 da Portaria AGEMS nº 317/25"",""tipo_unidade_id"":""71393bbc-a546-4a3e-9f7b-472e2553afe3"",""texto_determinacao"":"""",""texto_recomendacao"":""Regularizar o licenciamento ambiental da unidade junto ao órgão competente"",""texto_constatacao_nao"":""A Unidade de Triagem opera sem Licença Ambiental ou com licença vencida"",""texto_constatacao_sim"":""A Unidade de Triagem possui Licença Ambiental de Operação vigente""},{""id"":""ea78e781-9efe-4f33-8400-e420c7c58095"",""ativo"":true,""ordem"":6,""gera_nc"":true,""pergunta"":""O perímetro da unidade está cercado e possui controle de acesso?"",""texto_nc"":""30"",""is_sample"":false,""created_at"":""2026-02-24T12:55:40.087538+00:00"",""created_by"":null,""prazo_dias"":30,""created_date"":""2026-02-24T12:55:40.087538+00:00"",""updated_date"":""2026-02-24T12:55:40.087538+00:00"",""created_by_id"":null,""artigo_portaria"":""Art. 24, inciso II da Portaria AGEMS nº 317/25"",""tipo_unidade_id"":""71393bbc-a546-4a3e-9f7b-472e2553afe3"",""texto_determinacao"":"""",""texto_recomendacao"":""Instalar ou recuperar o cercamento da unidade para garantir o controle de vetores e a segurança do local"",""texto_constatacao_nao"":""A unidade não possui cercamento adequado ou controle de acesso, permitindo entrada de pessoas não autorizadas e animais"",""texto_constatacao_sim"":""A unidade encontra-se cercada e com controle de acesso efetivo""},{""id"":""8ec7d310-4d5c-4ade-b4b3-85b8d7891b0f"",""ativo"":true,""ordem"":7,""gera_nc"":true,""pergunta"":""Há placa de identificação visível na entrada?"",""texto_nc"":""30"",""is_sample"":false,""created_at"":""2026-02-24T12:55:40.153935+00:00"",""created_by"":null,""prazo_dias"":30,""created_date"":""2026-02-24T12:55:40.153935+00:00"",""updated_date"":""2026-02-24T12:55:40.153935+00:00"",""created_by_id"":null,""artigo_portaria"":""Art. 11, inciso VI da Portaria AGEMS nº 317/25"",""tipo_unidade_id"":""71393bbc-a546-4a3e-9f7b-472e2553afe3"",""texto_determinacao"":"""",""texto_recomendacao"":""Instalar placa de identificação na entrada da unidade"",""texto_constatacao_nao"":""Não existe placa de identificação na entrada da unidade"",""texto_constatacao_sim"":""A unidade possui placa de identificação visível na entrada""},{""id"":""8e48aee7-2b36-4157-be43-d7aa088e8a8d"",""ativo"":true,""ordem"":8,""gera_nc"":true,""pergunta"":""A cobertura do galpão oferece proteção adequada contra intempéries?"",""texto_nc"":""30"",""is_sample"":false,""created_at"":""2026-02-24T12:55:40.218073+00:00"",""created_by"":null,""prazo_dias"":30,""created_date"":""2026-02-24T12:55:40.218073+00:00"",""updated_date"":""2026-02-24T12:55:40.218073+00:00"",""created_by_id"":null,""artigo_portaria"":""Art. 24, inciso II da Portaria AGEMS nº 317/25"",""tipo_unidade_id"":""71393bbc-a546-4a3e-9f7b-472e2553afe3"",""texto_determinacao"":"""",""texto_recomendacao"":""Realizar reparos na cobertura do galpão para garantir proteção contra intempéries"",""texto_constatacao_nao"":""A cobertura do galpão apresenta goteiras ou danos, permitindo a entrada de água pluvial"",""texto_constatacao_sim"":""A cobertura do galpão encontra-se íntegra, protegendo contra intempéries""},{""id"":""e76c3068-bae3-4bce-8dd7-044d88062e21"",""ativo"":true,""ordem"":9,""gera_nc"":true,""pergunta"":""O piso do galpão está em boas condições (impermeabilizado/nível)?"",""texto_nc"":""30"",""is_sample"":false,""created_at"":""2026-02-24T12:55:40.282327+00:00"",""created_by"":null,""prazo_dias"":30,""created_date"":""2026-02-24T12:55:40.282327+00:00"",""updated_date"":""2026-02-24T12:55:40.282327+00:00"",""created_by_id"":null,""artigo_portaria"":""Art. 24, inciso II da Portaria AGEMS nº 317/25"",""tipo_unidade_id"":""71393bbc-a546-4a3e-9f7b-472e2553afe3"",""texto_determinacao"":"""",""texto_recomendacao"":""Recuperar o piso do galpão para garantir condições seguras de circulação e facilidade de limpeza"",""texto_constatacao_nao"":""O piso do galpão apresenta buracos, desníveis ou falta de impermeabilização, dificultando a limpeza"",""texto_constatacao_sim"":""O piso do galpão encontra-se em boas condições, nivelado e impermeabilizado""},{""id"":""bfcfd76d-5710-44fc-af66-9bebd0e74d74"",""ativo"":true,""ordem"":10,""gera_nc"":true,""pergunta"":""O galpão possui ventilação adequada?"",""texto_nc"":""30"",""is_sample"":false,""created_at"":""2026-02-24T12:55:40.351108+00:00"",""created_by"":null,""prazo_dias"":30,""created_date"":""2026-02-24T12:55:40.351108+00:00"",""updated_date"":""2026-02-24T12:55:40.351108+00:00"",""created_by_id"":null,""artigo_portaria"":""Art. 24, inciso II da Portaria AGEMS nº 317/25"",""tipo_unidade_id"":""71393bbc-a546-4a3e-9f7b-472e2553afe3"",""texto_determinacao"":"""",""texto_recomendacao"":""Adequar o sistema de ventilação do galpão para garantir condições salubres de trabalho"",""texto_constatacao_nao"":""O galpão apresenta ventilação insuficiente, gerando calor excessivo e acúmulo de odores"",""texto_constatacao_sim"":""O galpão possui sistema de ventilação adequado, garantindo conforto térmico e renovação do ar""},{""id"":""855da113-7585-4ffb-a66e-984a457096ac"",""ativo"":true,""ordem"":11,""gera_nc"":true,""pergunta"":""O galpão possui iluminação adequada?"",""texto_nc"":""30"",""is_sample"":false,""created_at"":""2026-02-24T12:55:40.41921+00:00"",""created_by"":null,""prazo_dias"":30,""created_date"":""2026-02-24T12:55:40.41921+00:00"",""updated_date"":""2026-02-24T12:55:40.41921+00:00"",""created_by_id"":null,""artigo_portaria"":""Art. 24, inciso II da Portaria AGEMS nº 317/25"",""tipo_unidade_id"":""71393bbc-a546-4a3e-9f7b-472e2553afe3"",""texto_determinacao"":"""",""texto_recomendacao"":""Melhorar o sistema de iluminação do galpão para garantir a segurança e eficiência na triagem"",""texto_constatacao_nao"":""A iluminação do galpão é insuficiente, prejudicando a visualização na triagem e a segurança"",""texto_constatacao_sim"":""O galpão possui iluminação (natural/artificial) adequada para as atividades""},{""id"":""8819b833-4825-4f1b-8bfc-f806bbd31588"",""ativo"":true,""ordem"":12,""gera_nc"":true,""pergunta"":""O espaço físico é compatível com o volume de resíduos recebidos?"",""texto_nc"":""30"",""is_sample"":false,""created_at"":""2026-02-24T12:55:40.488414+00:00"",""created_by"":null,""prazo_dias"":30,""created_date"":""2026-02-24T12:55:40.488414+00:00"",""updated_date"":""2026-02-24T12:55:40.488414+00:00"",""created_by_id"":null,""artigo_portaria"":""Art. 28 da Portaria AGEMS nº 317/25"",""tipo_unidade_id"":""71393bbc-a546-4a3e-9f7b-472e2553afe3"",""texto_determinacao"":"""",""texto_recomendacao"":""Ampliar ou adequar o espaço físico da unidade para comportar o volume de resíduos recebidos"",""texto_constatacao_nao"":""O espaço físico é insuficiente para a demanda, gerando acúmulo desordenado de materiais"",""texto_constatacao_sim"":""O espaço físico é adequado e compatível com a demanda""},{""id"":""835fea2c-3a10-4ded-af7d-7a16562c8f8b"",""ativo"":true,""ordem"":13,""gera_nc"":true,""pergunta"":""A unidade possui abastecimento de água potável?"",""texto_nc"":""30"",""is_sample"":false,""created_at"":""2026-02-24T12:55:40.556146+00:00"",""created_by"":null,""prazo_dias"":30,""created_date"":""2026-02-24T12:55:40.556146+00:00"",""updated_date"":""2026-02-24T12:55:40.556146+00:00"",""created_by_id"":null,""artigo_portaria"":""Art. 23 da Portaria AGEMS nº 317/25"",""tipo_unidade_id"":""71393bbc-a546-4a3e-9f7b-472e2553afe3"",""texto_determinacao"":"""",""texto_recomendacao"":""Providenciar o abastecimento regular de água potável para os trabalhadores da unidade"",""texto_constatacao_nao"":""Não há sistema de abastecimento de água potável ou a água disponível é imprópria para consumo"",""texto_constatacao_sim"":""A unidade possui abastecimento de água potável para consumo humano""},{""id"":""7e778faa-475e-4611-8b77-c004f4d6f1ff"",""ativo"":true,""ordem"":14,""gera_nc"":true,""pergunta"":""A unidade possui instalações sanitárias (banheiros) adequadas?"",""texto_nc"":""30"",""is_sample"":false,""created_at"":""2026-02-24T12:55:40.621447+00:00"",""created_by"":null,""prazo_dias"":30,""created_date"":""2026-02-24T12:55:40.621447+00:00"",""updated_date"":""2026-02-24T12:55:40.621447+00:00"",""created_by_id"":null,""artigo_portaria"":""Art. 24, inciso I da Portaria AGEMS nº 317/25"",""tipo_unidade_id"":""71393bbc-a546-4a3e-9f7b-472e2553afe3"",""texto_determinacao"":"""",""texto_recomendacao"":""Reformar ou construir instalações sanitárias adequadas para uso dos trabalhadores"",""texto_constatacao_nao"":""As instalações sanitárias encontram-se em condições precárias, sujas ou insuficientes"",""texto_constatacao_sim"":""A unidade possui banheiros em boas condições de uso e higiene""},{""id"":""a75d738c-f03f-4629-a1ed-973b4f9850f9"",""ativo"":true,""ordem"":15,""gera_nc"":true,""pergunta"":""A unidade possui refeitório adequado?"",""texto_nc"":""30"",""is_sample"":false,""created_at"":""2026-02-24T12:55:40.686598+00:00"",""created_by"":null,""prazo_dias"":30,""created_date"":""2026-02-24T12:55:40.686598+00:00"",""updated_date"":""2026-02-24T12:55:40.686598+00:00"",""created_by_id"":null,""artigo_portaria"":""Art. 23 da Portaria AGEMS nº 317/25"",""tipo_unidade_id"":""71393bbc-a546-4a3e-9f7b-472e2553afe3"",""texto_determinacao"":"""",""texto_recomendacao"":""Implantar ou adequar o refeitório garantindo condições dignas de alimentação e higiene aos trabalhadores"",""texto_constatacao_nao"":""Não há refeitório ou este encontra-se em condições inadequadas de higiene e conservação"",""texto_constatacao_sim"":""A unidade dispõe de refeitório adequado e limpo para os trabalhadores""},{""id"":""236f05cf-e0f0-48e2-83ad-b9a340ba3e27"",""ativo"":true,""ordem"":16,""gera_nc"":true,""pergunta"":""A unidade possui vestiários adequados?"",""texto_nc"":""30"",""is_sample"":false,""created_at"":""2026-02-24T12:55:40.752666+00:00"",""created_by"":null,""prazo_dias"":30,""created_date"":""2026-02-24T12:55:40.752666+00:00"",""updated_date"":""2026-02-24T12:55:40.752666+00:00"",""created_by_id"":null,""artigo_portaria"":""Art. 23 da Portaria AGEMS nº 317/25"",""tipo_unidade_id"":""71393bbc-a546-4a3e-9f7b-472e2553afe3"",""texto_determinacao"":"""",""texto_recomendacao"":""Implantar ou adequar os vestiários para garantir a privacidade e higiene dos trabalhadores"",""texto_constatacao_nao"":""Não há vestiários ou estes são insuficientes/inadequados para os trabalhadores"",""texto_constatacao_sim"":""A unidade dispõe de vestiários adequados para troca de roupa e guarda de pertences""},{""id"":""62cca298-b60f-4584-9c0a-d2bf7f5be774"",""ativo"":true,""ordem"":17,""gera_nc"":true,""pergunta"":""As prensas hidráulicas estão em pleno funcionamento?"",""texto_nc"":""30"",""is_sample"":false,""created_at"":""2026-02-24T12:55:40.821108+00:00"",""created_by"":null,""prazo_dias"":30,""created_date"":""2026-02-24T12:55:40.821108+00:00"",""updated_date"":""2026-02-24T12:55:40.821108+00:00"",""created_by_id"":null,""artigo_portaria"":""Art. 24, inciso IV da Portaria AGEMS nº 317/25"",""tipo_unidade_id"":""71393bbc-a546-4a3e-9f7b-472e2553afe3"",""texto_determinacao"":"""",""texto_recomendacao"":""Realizar manutenção corretiva imediata nas prensas hidráulicas"",""texto_constatacao_nao"":""As prensas hidráulicas estão inoperantes, com defeitos ou falta de manutenção"",""texto_constatacao_sim"":""As prensas hidráulicas encontram-se em pleno funcionamento e com manutenção em dia""},{""id"":""b25d5092-868f-4c56-a9e7-60cd069d447a"",""ativo"":true,""ordem"":18,""gera_nc"":true,""pergunta"":""A quantidade de prensas é suficiente para a demanda?"",""texto_nc"":""30"",""is_sample"":false,""created_at"":""2026-02-24T12:55:40.891906+00:00"",""created_by"":null,""prazo_dias"":30,""created_date"":""2026-02-24T12:55:40.891906+00:00"",""updated_date"":""2026-02-24T12:55:40.891906+00:00"",""created_by_id"":null,""artigo_portaria"":""Art. 28 da Portaria AGEMS nº 317/25"",""tipo_unidade_id"":""71393bbc-a546-4a3e-9f7b-472e2553afe3"",""texto_determinacao"":"""",""texto_recomendacao"":""Adquirir novas prensas para atender a demanda de enfardamento e evitar gargalos na operação"",""texto_constatacao_nao"":""A quantidade de prensas é insuficiente, gerando acúmulo de material não enfardado"",""texto_constatacao_sim"":""A quantidade de prensas é suficiente para processar todo o material triado""},{""id"":""cb83da80-2af8-46cc-8531-754d45edbf9d"",""ativo"":true,""ordem"":19,""gera_nc"":true,""pergunta"":""As esteiras ou mesas de triagem estão em boas condições?"",""texto_nc"":""30"",""is_sample"":false,""created_at"":""2026-02-24T12:55:40.961705+00:00"",""created_by"":null,""prazo_dias"":30,""created_date"":""2026-02-24T12:55:40.961705+00:00"",""updated_date"":""2026-02-24T12:55:40.961705+00:00"",""created_by_id"":null,""artigo_portaria"":""Art. 24 da Portaria AGEMS nº 317/25"",""tipo_unidade_id"":""71393bbc-a546-4a3e-9f7b-472e2553afe3"",""texto_determinacao"":"""",""texto_recomendacao"":""Adequar ou recuperar as esteiras/mesas de triagem para garantir eficiência e condições ergonômicas"",""texto_constatacao_nao"":""As esteiras ou mesas de triagem estão danificadas, inadequadas ergonomicamente ou inoperantes"",""texto_constatacao_sim"":""As esteiras/mesas de triagem encontram-se em boas condições de funcionamento e ergonomia""},{""id"":""034f068b-1e75-40b4-915b-d69911b506dd"",""ativo"":true,""ordem"":20,""gera_nc"":true,""pergunta"":""A unidade possui balança para pesagem dos materiais?"",""texto_nc"":""30"",""is_sample"":false,""created_at"":""2026-02-24T12:55:41.030266+00:00"",""created_by"":null,""prazo_dias"":30,""created_date"":""2026-02-24T12:55:41.030266+00:00"",""updated_date"":""2026-02-24T12:55:41.030266+00:00"",""created_by_id"":null,""artigo_portaria"":""Art. 25 da Portaria AGEMS nº 317/25"",""tipo_unidade_id"":""71393bbc-a546-4a3e-9f7b-472e2553afe3"",""texto_determinacao"":"""",""texto_recomendacao"":""Instalar balança para garantir a mensuração mássica dos resíduos"",""texto_constatacao_nao"":""A unidade não possui balança ou o equipamento encontra-se inoperante"",""texto_constatacao_sim"":""A unidade possui balança operante para pesagem dos materiais""},{""id"":""f770a101-5481-40c0-947f-faa2f8879b38"",""ativo"":true,""ordem"":21,""gera_nc"":true,""pergunta"":""Há organização e limpeza das áreas de trabalho e externa?"",""texto_nc"":""30"",""is_sample"":false,""created_at"":""2026-02-24T12:55:41.0975+00:00"",""created_by"":null,""prazo_dias"":30,""created_date"":""2026-02-24T12:55:41.0975+00:00"",""updated_date"":""2026-02-24T12:55:41.0975+00:00"",""created_by_id"":null,""artigo_portaria"":""Art. 24, inciso IV da Portaria AGEMS nº 317/25"",""tipo_unidade_id"":""71393bbc-a546-4a3e-9f7b-472e2553afe3"",""texto_determinacao"":"""",""texto_recomendacao"":""Promover a organização, limpeza regular e manutenção dos espaços de trabalho e máquinas"",""texto_constatacao_nao"":""A unidade não apresenta boa organização, com disposição inadequada de rejeitos, máquinas ou sujeira acumulada"",""texto_constatacao_sim"":""As áreas de trabalho e externa encontram-se organizadas e limpas""},{""id"":""501c5c52-8bc2-4f41-9d64-93eb42e05888"",""ativo"":true,""ordem"":22,""gera_nc"":true,""pergunta"":""Os trabalhadores utilizam EPIs adequados corretamente?"",""texto_nc"":""30"",""is_sample"":false,""created_at"":""2026-02-24T12:55:41.169+00:00"",""created_by"":null,""prazo_dias"":30,""created_date"":""2026-02-24T12:55:41.169+00:00"",""updated_date"":""2026-02-24T12:55:41.169+00:00"",""created_by_id"":null,""artigo_portaria"":""Art. 24, § 2º da Portaria AGEMS nº 317/25"",""tipo_unidade_id"":""71393bbc-a546-4a3e-9f7b-472e2553afe3"",""texto_determinacao"":"""",""texto_recomendacao"":""Fornecer e exigir o uso obrigatório de EPIs por todos os trabalhadores"",""texto_constatacao_nao"":""Identificou-se a não utilização ou uso incorreto de EPIs pelos colaboradores"",""texto_constatacao_sim"":""Os trabalhadores utilizam EPIs adequados corretamente""},{""id"":""e952ef5d-2b31-48e6-977f-e34eda8967c9"",""ativo"":true,""ordem"":23,""gera_nc"":true,""pergunta"":""Há sistema de prevenção e combate a incêndio instalado?"",""texto_nc"":""30"",""is_sample"":false,""created_at"":""2026-02-24T12:55:41.232872+00:00"",""created_by"":null,""prazo_dias"":30,""created_date"":""2026-02-24T12:55:41.232872+00:00"",""updated_date"":""2026-02-24T12:55:41.232872+00:00"",""created_by_id"":null,""artigo_portaria"":""Art. 24, inciso III da Portaria AGEMS nº 317/25"",""tipo_unidade_id"":""71393bbc-a546-4a3e-9f7b-472e2553afe3"",""texto_determinacao"":"""",""texto_recomendacao"":""Instalar sistema de prevenção e combate a incêndios conforme normas técnicas"",""texto_constatacao_nao"":""Não possui sistema de prevenção e combate a incêndio instalado ou operante"",""texto_constatacao_sim"":""A unidade possui sistema de prevenção e combate a incêndio operante""},{""id"":""8393a292-f15e-4685-9030-6f73b1d97622"",""ativo"":true,""ordem"":24,""gera_nc"":true,""pergunta"":""Os rejeitos são destinados regularmente para aterro sanitário?"",""texto_nc"":""30"",""is_sample"":false,""created_at"":""2026-02-24T12:55:41.308933+00:00"",""created_by"":null,""prazo_dias"":30,""created_date"":""2026-02-24T12:55:41.308933+00:00"",""updated_date"":""2026-02-24T12:55:41.308933+00:00"",""created_by_id"":null,""artigo_portaria"":""Art. 26, Parágrafo único da Portaria AGEMS nº 317/25"",""tipo_unidade_id"":""71393bbc-a546-4a3e-9f7b-472e2553afe3"",""texto_determinacao"":"""",""texto_recomendacao"":""Garantir a retirada periódica dos rejeitos e sua destinação final ambientalmente adequada para evitar acúmulo"",""texto_constatacao_nao"":""Há acúmulo excessivo de rejeitos na unidade ou destinação inadequada"",""texto_constatacao_sim"":""Os rejeitos são destinados regularmente para aterro sanitário licenciado""},{""id"":""aa07701c-8a35-487e-8cea-70493869bc37"",""ativo"":true,""ordem"":25,""gera_nc"":true,""pergunta"":""O destino dos materiais comercializados é registrado (Notas Fiscais)?"",""texto_nc"":""30"",""is_sample"":false,""created_at"":""2026-02-24T12:55:41.383012+00:00"",""created_by"":null,""prazo_dias"":30,""created_date"":""2026-02-24T12:55:41.383012+00:00"",""updated_date"":""2026-02-24T12:55:41.383012+00:00"",""created_by_id"":null,""artigo_portaria"":""Art. 25 da Portaria AGEMS nº 317/25"",""tipo_unidade_id"":""71393bbc-a546-4a3e-9f7b-472e2553afe3"",""texto_determinacao"":"""",""texto_recomendacao"":""Implementar o registro da origem e destino dos materiais, regularizando a emissão de notas fiscais"",""texto_constatacao_nao"":""Não há registro formal do destino dos materiais (falta de Notas Fiscais)"",""texto_constatacao_sim"":""Há registro de origem e destino dos materiais (Notas Fiscais)""},{""id"":""b2051abb-2285-4a73-8002-7124dc12329a"",""ativo"":true,""ordem"":26,""gera_nc"":true,""pergunta"":""A unidade possui controle de ponto/frequência dos trabalhadores?"",""texto_nc"":""30"",""is_sample"":false,""created_at"":""2026-02-24T12:55:41.455847+00:00"",""created_by"":null,""prazo_dias"":30,""created_date"":""2026-02-24T12:55:41.455847+00:00"",""updated_date"":""2026-02-24T12:55:41.455847+00:00"",""created_by_id"":null,""artigo_portaria"":""Art. 23 da Portaria AGEMS 317/25"",""tipo_unidade_id"":""71393bbc-a546-4a3e-9f7b-472e2553afe3"",""texto_determinacao"":"""",""texto_recomendacao"":""Implantar sistema de registro de frequência (eletrônico ou manual) para controle da jornada de trabalho da equipe"",""texto_constatacao_nao"":""A unidade não possui controle de ponto/frequência dos trabalhadores"",""texto_constatacao_sim"":""A unidade possui controle de ponto/frequência dos trabalhadores""},{""id"":""b53c0148-2506-481e-a839-bca049c3f23e"",""ativo"":true,""ordem"":1,""gera_nc"":true,""pergunta"":""O serviço é executado de forma direta?"",""texto_nc"":""30"",""is_sample"":false,""created_at"":""2026-02-24T12:55:46.184653+00:00"",""created_by"":null,""prazo_dias"":30,""created_date"":""2026-02-24T12:55:46.184653+00:00"",""updated_date"":""2026-02-24T12:55:46.184653+00:00"",""created_by_id"":null,""artigo_portaria"":"""",""tipo_unidade_id"":""28d57159-a5f8-46ca-bfe8-edf59ebae0a3"",""texto_determinacao"":"""",""texto_recomendacao"":"""",""texto_constatacao_nao"":"""",""texto_constatacao_sim"":""O serviço é executado de forma direta""},{""id"":""72446cb8-d9a3-456e-b28f-1ba90611486d"",""ativo"":true,""ordem"":2,""gera_nc"":true,""pergunta"":""O serviço é executado de forma indireta?"",""texto_nc"":""30"",""is_sample"":false,""created_at"":""2026-02-24T12:55:46.247926+00:00"",""created_by"":null,""prazo_dias"":30,""created_date"":""2026-02-24T12:55:46.247926+00:00"",""updated_date"":""2026-02-24T12:55:46.247926+00:00"",""created_by_id"":null,""artigo_portaria"":"""",""tipo_unidade_id"":""28d57159-a5f8-46ca-bfe8-edf59ebae0a3"",""texto_determinacao"":"""",""texto_recomendacao"":"""",""texto_constatacao_nao"":"""",""texto_constatacao_sim"":""O serviço é executado de forma indireta""},{""id"":""77f86b87-35b3-43e9-97dc-e8431b1a52d1"",""ativo"":true,""ordem"":3,""gera_nc"":true,""pergunta"":""O serviço é executado de forma mista?"",""texto_nc"":""30"",""is_sample"":false,""created_at"":""2026-02-24T12:55:46.319336+00:00"",""created_by"":null,""prazo_dias"":30,""created_date"":""2026-02-24T12:55:46.319336+00:00"",""updated_date"":""2026-02-24T12:55:46.319336+00:00"",""created_by_id"":null,""artigo_portaria"":"""",""tipo_unidade_id"":""28d57159-a5f8-46ca-bfe8-edf59ebae0a3"",""texto_determinacao"":"""",""texto_recomendacao"":"""",""texto_constatacao_nao"":"""",""texto_constatacao_sim"":""O serviço é executado de forma mista""},{""id"":""08d51c06-12dd-42f7-9131-26771c689a60"",""ativo"":true,""ordem"":4,""gera_nc"":true,""pergunta"":""A unidade encontra-se em obras ou fase de reforma?"",""texto_nc"":""30"",""is_sample"":false,""created_at"":""2026-02-24T12:55:46.389749+00:00"",""created_by"":null,""prazo_dias"":30,""created_date"":""2026-02-24T12:55:46.389749+00:00"",""updated_date"":""2026-02-24T12:55:46.389749+00:00"",""created_by_id"":null,""artigo_portaria"":"""",""tipo_unidade_id"":""28d57159-a5f8-46ca-bfe8-edf59ebae0a3"",""texto_determinacao"":"""",""texto_recomendacao"":"""",""texto_constatacao_nao"":"""",""texto_constatacao_sim"":""A unidade de transbordo encontra-se em obras ou fase de acabamento""},{""id"":""372116ac-8a78-4e33-8a30-0e7491770d01"",""ativo"":true,""ordem"":5,""gera_nc"":true,""pergunta"":""A unidade possui Licença Ambiental de Operação (LO) vigente?"",""texto_nc"":""30"",""is_sample"":false,""created_at"":""2026-02-24T12:55:46.452098+00:00"",""created_by"":null,""prazo_dias"":30,""created_date"":""2026-02-24T12:55:46.452098+00:00"",""updated_date"":""2026-02-24T12:55:46.452098+00:00"",""created_by_id"":null,""artigo_portaria"":""Art. 32 da Portaria AGEMS nº 317/25"",""tipo_unidade_id"":""28d57159-a5f8-46ca-bfe8-edf59ebae0a3"",""texto_determinacao"":"""",""texto_recomendacao"":""Regularizar a unidade junto ao órgão ambiental competente e obter a Licença de Operação conforme a legislação vigente"",""texto_constatacao_nao"":""A unidade de transbordo não dispõe de licença ambiental de operação"",""texto_constatacao_sim"":""A Estação de Transbordo possui Licença Ambiental de Operação vigente""},{""id"":""cc19a416-806d-45a7-ae13-4b5df23130ef"",""ativo"":true,""ordem"":6,""gera_nc"":true,""pergunta"":""A operação de transbordo é segregada de áreas de disposição inadequada (vazadouros)?"",""texto_nc"":""30"",""is_sample"":false,""created_at"":""2026-02-24T12:55:46.513653+00:00"",""created_by"":null,""prazo_dias"":30,""created_date"":""2026-02-24T12:55:46.513653+00:00"",""updated_date"":""2026-02-24T12:55:46.513653+00:00"",""created_by_id"":null,""artigo_portaria"":""Art. 11, inciso VI da Portaria AGEMS nº 317/25"",""tipo_unidade_id"":""28d57159-a5f8-46ca-bfe8-edf59ebae0a3"",""texto_determinacao"":"""",""texto_recomendacao"":""Segregar a operação de transbordo da área do vazadouro a céu aberto e executar plano de encerramento da área adjacente"",""texto_constatacao_nao"":""A operação é realizada em área adjacente ao vazadouro a céu aberto"",""texto_constatacao_sim"":""A operação é segregada e exclusiva para transbordo""},{""id"":""4034eb5a-f290-41f7-a29a-4ebecf6ee946"",""ativo"":true,""ordem"":7,""gera_nc"":true,""pergunta"":""Todos os resíduos coletados são transbordados (transbordo total)?"",""texto_nc"":""30"",""is_sample"":false,""created_at"":""2026-02-24T12:55:46.5763+00:00"",""created_by"":null,""prazo_dias"":30,""created_date"":""2026-02-24T12:55:46.5763+00:00"",""updated_date"":""2026-02-24T12:55:46.5763+00:00"",""created_by_id"":null,""artigo_portaria"":""Art. 8º da Portaria AGEMS nº 317/25"",""tipo_unidade_id"":""28d57159-a5f8-46ca-bfe8-edf59ebae0a3"",""texto_determinacao"":"""",""texto_recomendacao"":""Garantir a destinação final ambientalmente adequada para 100% dos rejeitos coletados"",""texto_constatacao_nao"":""O transbordo é realizado de forma parcial, permanecendo resíduos na área"",""texto_constatacao_sim"":""Todos os resíduos coletados são transbordados para o destino final adequado""},{""id"":""a46a23d1-92c7-45cb-aa6f-24c163cf13fa"",""ativo"":true,""ordem"":8,""gera_nc"":true,""pergunta"":""Os resíduos são acondicionados exclusivamente em contêineres (sem contato com o solo)?"",""texto_nc"":""30"",""is_sample"":false,""created_at"":""2026-02-24T12:55:46.637416+00:00"",""created_by"":null,""prazo_dias"":30,""created_date"":""2026-02-24T12:55:46.637416+00:00"",""updated_date"":""2026-02-24T12:55:46.637416+00:00"",""created_by_id"":null,""artigo_portaria"":""Art. 33 da Portaria AGEMS nº 317/25"",""tipo_unidade_id"":""28d57159-a5f8-46ca-bfe8-edf59ebae0a3"",""texto_determinacao"":"""",""texto_recomendacao"":""Providenciar imediata remoção dos resíduos do solo e implementar medidas para que sejam acondicionados exclusivamente nos contêineres"",""texto_constatacao_nao"":""Os resíduos são dispostos diretamente no solo, caracterizando disposição irregular"",""texto_constatacao_sim"":""Os resíduos são dispostos exclusivamente em contêineres adequados""},{""id"":""ffd249a7-129e-4136-936d-0d8bae6ce3d1"",""ativo"":true,""ordem"":9,""gera_nc"":true,""pergunta"":""A infraestrutura da unidade é adequada (evitando características de lixão controlado)?"",""texto_nc"":""30"",""is_sample"":false,""created_at"":""2026-02-24T12:55:46.700174+00:00"",""created_by"":null,""prazo_dias"":30,""created_date"":""2026-02-24T12:55:46.700174+00:00"",""updated_date"":""2026-02-24T12:55:46.700174+00:00"",""created_by_id"":null,""artigo_portaria"":""Art. 32 da Portaria AGEMS nº 317/25"",""tipo_unidade_id"":""28d57159-a5f8-46ca-bfe8-edf59ebae0a3"",""texto_determinacao"":"""",""texto_recomendacao"":""Adequar a infraestrutura da unidade e eliminar a disposição direta no solo para descaracterizar a condição de lixão controlado"",""texto_constatacao_nao"":""A operação da unidade apresenta características de lixão controlado, pela disposição direta de resíduos no solo e ausência de infraestrutura adequada de transbordo"",""texto_constatacao_sim"":""A unidade possui infraestrutura adequada para a operação de transbordo""},{""id"":""1dd9b07d-9e2c-483d-80ba-37b4a8b985e7"",""ativo"":true,""ordem"":10,""gera_nc"":true,""pergunta"":""A frequência de transporte dos resíduos evita o acúmulo excessivo na unidade?"",""texto_nc"":""30"",""is_sample"":false,""created_at"":""2026-02-24T12:55:46.766753+00:00"",""created_by"":null,""prazo_dias"":30,""created_date"":""2026-02-24T12:55:46.766753+00:00"",""updated_date"":""2026-02-24T12:55:46.766753+00:00"",""created_by_id"":null,""artigo_portaria"":""Art. 26, Parágrafo único da Portaria AGEMS nº 317/25"",""tipo_unidade_id"":""28d57159-a5f8-46ca-bfe8-edf59ebae0a3"",""texto_determinacao"":"""",""texto_recomendacao"":""Definir e cumprir cronograma fixo de coleta e transporte dos resíduos, com periodicidade adequada para evitar acúmulo"",""texto_constatacao_nao"":""A coleta e transporte ocorrem sem periodicidade definida ou insuficiente, gerando acúmulo excessivo e riscos sanitários"",""texto_constatacao_sim"":""A transferência dos resíduos ocorre com periodicidade adequada, sem acúmulo""},{""id"":""2386a3d8-15a6-432a-bbce-63293a3612d3"",""ativo"":true,""ordem"":11,""gera_nc"":true,""pergunta"":""Os contêineres utilizados estão em boas condições de conservação?"",""texto_nc"":""30"",""is_sample"":false,""created_at"":""2026-02-24T12:55:46.829157+00:00"",""created_by"":null,""prazo_dias"":30,""created_date"":""2026-02-24T12:55:46.829157+00:00"",""updated_date"":""2026-02-24T12:55:46.829157+00:00"",""created_by_id"":null,""artigo_portaria"":""Art. 32 da Portaria AGEMS nº 317/25"",""tipo_unidade_id"":""28d57159-a5f8-46ca-bfe8-edf59ebae0a3"",""texto_determinacao"":"""",""texto_recomendacao"":""Substituir e/ou recuperar os contêineres deteriorados, garantindo estanqueidade e manutenção preventiva"",""texto_constatacao_nao"":""Os contêineres apresentam corrosão e sinais de desgaste, estando inaptos a operação adequada"",""texto_constatacao_sim"":""Os contêineres encontram-se em boas condições de conservação e estanqueidade""},{""id"":""10e8bb55-fb55-452a-9cb0-a69e4fdfa324"",""ativo"":true,""ordem"":18,""gera_nc"":true,""pergunta"":""O meio filtrante apresenta-se íntegro e sem rachaduras?"",""texto_nc"":"""",""is_sample"":false,""created_at"":""2026-03-19T13:38:51.523967+00:00"",""created_by"":null,""prazo_dias"":30,""created_date"":""2026-03-19T13:38:51.523967+00:00"",""updated_date"":""2026-03-19T13:38:51.523967+00:00"",""created_by_id"":null,""artigo_portaria"":""art. 114 da Portaria AGEMs nº 320/2025"",""tipo_unidade_id"":""4543d007-efe7-4abc-beda-ff46725ecdd9"",""texto_determinacao"":"""",""texto_recomendacao"":""implantar procedimento operacional padrão para o correto funcionamento do Meio Filtrante"",""texto_constatacao_nao"":""O meio filtrante apresenta rachaduras"",""texto_constatacao_sim"":""O meio filtrante não apresenta rachaduras""},{""id"":""b5e43125-ef69-473a-a9fc-fab8dd90ca27"",""ativo"":true,""ordem"":2,""gera_nc"":true,""pergunta"":""A unidade possui cercamento (alambrado/muros) garantindo a segurança?"",""texto_nc"":""30"",""is_sample"":false,""created_at"":""2026-03-19T13:32:46.832291+00:00"",""created_by"":null,""prazo_dias"":30,""created_date"":""2026-03-19T13:32:46.832291+00:00"",""updated_date"":""2026-03-19T13:32:46.832291+00:00"",""created_by_id"":null,""artigo_portaria"":""art. 24, inciso VII da Portaria AGEMS nº 321/25"",""tipo_unidade_id"":""dd963fa0-6f52-4509-9ddf-9206665cd706"",""texto_determinacao"":""apresentar registros fotográficos de que foi instalado cercamento com Alambrado, Muros ou materiais equivalentes"",""texto_recomendacao"":"""",""texto_constatacao_nao"":""A unidade não possui cercamento adequado"",""texto_constatacao_sim"":""A unidade possui cercamento adequado""},{""id"":""19189681-5a0b-4915-ad18-f1b5da7761b9"",""ativo"":true,""ordem"":12,""gera_nc"":true,""pergunta"":""Há controle de acesso de pessoas não autorizadas e animais (cercamento)?"",""texto_nc"":""30"",""is_sample"":false,""created_at"":""2026-02-24T12:55:46.893309+00:00"",""created_by"":null,""prazo_dias"":30,""created_date"":""2026-02-24T12:55:46.893309+00:00"",""updated_date"":""2026-02-24T12:55:46.893309+00:00"",""created_by_id"":null,""artigo_portaria"":""Art. 32 da Portaria AGEMS nº 317/25"",""tipo_unidade_id"":""28d57159-a5f8-46ca-bfe8-edf59ebae0a3"",""texto_determinacao"":"""",""texto_recomendacao"":""Recompor o cercamento perimetral com portões para impedir circulação indevida de pessoas e animais"",""texto_constatacao_nao"":""Não há controle efetivo de cercamento, com livre circulação de pessoas e animais na área operacional"",""texto_constatacao_sim"":""O perímetro da estação está totalmente cercado, impedindo a entrada de animais e pessoas não autorizadas""},{""id"":""b90fe48a-927f-44e7-b55c-9520847697e7"",""ativo"":true,""ordem"":13,""gera_nc"":true,""pergunta"":""Existe guarita ou portaria para controle de entrada e saída?"",""texto_nc"":""30"",""is_sample"":false,""created_at"":""2026-02-24T12:55:46.958859+00:00"",""created_by"":null,""prazo_dias"":30,""created_date"":""2026-02-24T12:55:46.958859+00:00"",""updated_date"":""2026-02-24T12:55:46.958859+00:00"",""created_by_id"":null,""artigo_portaria"":""Art. 32 da Portaria AGEMS nº 317/25"",""tipo_unidade_id"":""28d57159-a5f8-46ca-bfe8-edf59ebae0a3"",""texto_determinacao"":"""",""texto_recomendacao"":""Implantar guarita e sistema de controle de acesso para garantir a segurança patrimonial e a restrição de entrada"",""texto_constatacao_nao"":""Não há guarita ou sistema de controle de acesso para garantir a segurança patrimonial"",""texto_constatacao_sim"":""A unidade possui guarita/portaria para controle de acesso""},{""id"":""b31f9b23-dcf8-473d-a3df-dd1ac89fb496"",""ativo"":true,""ordem"":14,""gera_nc"":true,""pergunta"":""A unidade possui placa de identificação visível?"",""texto_nc"":""30"",""is_sample"":false,""created_at"":""2026-02-24T12:55:47.027047+00:00"",""created_by"":null,""prazo_dias"":30,""created_date"":""2026-02-24T12:55:47.027047+00:00"",""updated_date"":""2026-02-24T12:55:47.027047+00:00"",""created_by_id"":null,""artigo_portaria"":""Art. 32 da Portaria AGEMS nº 317/25"",""tipo_unidade_id"":""28d57159-a5f8-46ca-bfe8-edf59ebae0a3"",""texto_determinacao"":"""",""texto_recomendacao"":""Instalar placa de identificação visível no acesso, contendo endereço, contatos e horários de funcionamento"",""texto_constatacao_nao"":""Não há sinalização visível de identificação, regras de acesso e horários de funcionamento"",""texto_constatacao_sim"":""Há placa de identificação visível com os dados do prestador e horários""},{""id"":""9f6150a7-1851-4866-a5b0-9164e9310ef4"",""ativo"":true,""ordem"":15,""gera_nc"":true,""pergunta"":""Existe barreira vegetal no perímetro da unidade?"",""texto_nc"":""30"",""is_sample"":false,""created_at"":""2026-02-24T12:55:47.090416+00:00"",""created_by"":null,""prazo_dias"":30,""created_date"":""2026-02-24T12:55:47.090416+00:00"",""updated_date"":""2026-02-24T12:55:47.090416+00:00"",""created_by_id"":null,""artigo_portaria"":""Art. 32 da Portaria AGEMS nº 317/25"",""tipo_unidade_id"":""28d57159-a5f8-46ca-bfe8-edf59ebae0a3"",""texto_determinacao"":"""",""texto_recomendacao"":""Implantar barreira vegetal em todo o perímetro, constituída por espécies que dificultam a vazão de odores e ruídos"",""texto_constatacao_nao"":""Não possui barreira vegetal no entorno para mitigação de odores e ruídos"",""texto_constatacao_sim"":""A unidade possui barreira vegetal adequada em seu perímetro""},{""id"":""788bc9cf-fc76-448f-bc79-2b957d1bc3f6"",""ativo"":true,""ordem"":16,""gera_nc"":true,""pergunta"":""A unidade dispõe de balança ou sistema de mensuração de massa?"",""texto_nc"":""30"",""is_sample"":false,""created_at"":""2026-02-24T12:55:47.167639+00:00"",""created_by"":null,""prazo_dias"":30,""created_date"":""2026-02-24T12:55:47.167639+00:00"",""updated_date"":""2026-02-24T12:55:47.167639+00:00"",""created_by_id"":null,""artigo_portaria"":""Art. 31 da Portaria AGEMS nº 317/25"",""tipo_unidade_id"":""28d57159-a5f8-46ca-bfe8-edf59ebae0a3"",""texto_determinacao"":"""",""texto_recomendacao"":""Assegurar a mensuração da quantidade mássica de todas as cargas, com registro automatizado das informações"",""texto_constatacao_nao"":""Não dispõe de condições operacionais e administrativas de mensurar a quantidade mássica de rejeitos que entram nas instalações"",""texto_constatacao_sim"":""Dispõe de condições operacionais para mensurar a quantidade mássica de resíduos""},{""id"":""0b83edc1-ecd6-449b-a98e-751fedb78096"",""ativo"":true,""ordem"":17,""gera_nc"":true,""pergunta"":""O piso das áreas operacionais (manobra e descarga) é impermeabilizado?"",""texto_nc"":""30"",""is_sample"":false,""created_at"":""2026-02-24T12:55:47.241559+00:00"",""created_by"":null,""prazo_dias"":30,""created_date"":""2026-02-24T12:55:47.241559+00:00"",""updated_date"":""2026-02-24T12:55:47.241559+00:00"",""created_by_id"":null,""artigo_portaria"":""Art. 32 da Portaria AGEMS nº 317/25"",""tipo_unidade_id"":""28d57159-a5f8-46ca-bfe8-edf59ebae0a3"",""texto_determinacao"":"""",""texto_recomendacao"":""Impermeabilizar o piso das áreas operacionais de manobra e descarga"",""texto_constatacao_nao"":""O piso nas áreas operacionais não é impermeabilizado, gerando risco de contaminação do solo"",""texto_constatacao_sim"":""O piso nas áreas operacionais é impermeabilizado, prevenindo contaminação""},{""id"":""7209154e-2bd7-4b17-ba21-04481ec17e09"",""ativo"":true,""ordem"":18,""gera_nc"":true,""pergunta"":""Existe sistema de drenagem de líquidos percolados (chorume)?"",""texto_nc"":""30"",""is_sample"":false,""created_at"":""2026-02-24T12:55:47.306534+00:00"",""created_by"":null,""prazo_dias"":30,""created_date"":""2026-02-24T12:55:47.306534+00:00"",""updated_date"":""2026-02-24T12:55:47.306534+00:00"",""created_by_id"":null,""artigo_portaria"":""Art. 32 da Portaria AGEMS nº 317/25"",""tipo_unidade_id"":""28d57159-a5f8-46ca-bfe8-edf59ebae0a3"",""texto_determinacao"":"""",""texto_recomendacao"":""Implantar redes de drenagem de chorume com tanque de acumulação vedado, impedindo contaminação do solo"",""texto_constatacao_nao"":""Não há estruturas de coleta de líquidos percolados (chorume) nas áreas operacionais"",""texto_constatacao_sim"":""Há rede de drenagem de chorume direcionada para tratamento/acumulação""},{""id"":""959f191e-978b-4977-b9ce-49e74339019b"",""ativo"":true,""ordem"":19,""gera_nc"":true,""pergunta"":""Existe sistema de drenagem de águas pluviais?"",""texto_nc"":""30"",""is_sample"":false,""created_at"":""2026-02-24T12:55:47.370162+00:00"",""created_by"":null,""prazo_dias"":30,""created_date"":""2026-02-24T12:55:47.370162+00:00"",""updated_date"":""2026-02-24T12:55:47.370162+00:00"",""created_by_id"":null,""artigo_portaria"":""Art. 32 da Portaria AGEMS nº 317/25"",""tipo_unidade_id"":""28d57159-a5f8-46ca-bfe8-edf59ebae0a3"",""texto_determinacao"":"""",""texto_recomendacao"":""Instalar sistema de drenagem de águas pluviais para evitar alagamentos e carreamento de resíduos"",""texto_constatacao_nao"":""Não há estruturas de drenagem pluvial, permitindo acúmulo de água na área operacional"",""texto_constatacao_sim"":""A unidade possui sistema de drenagem de águas pluviais adequado""},{""id"":""b4612e2e-45ab-4593-86c1-8ae8f23bb99b"",""ativo"":true,""ordem"":20,""gera_nc"":true,""pergunta"":""Há estrutura de cobertura para os contêineres/área de transbordo?"",""texto_nc"":""30"",""is_sample"":false,""created_at"":""2026-02-24T12:55:47.433014+00:00"",""created_by"":null,""prazo_dias"":30,""created_date"":""2026-02-24T12:55:47.433014+00:00"",""updated_date"":""2026-02-24T12:55:47.433014+00:00"",""created_by_id"":null,""artigo_portaria"":""Art. 32 da Portaria AGEMS nº 317/25"",""tipo_unidade_id"":""28d57159-a5f8-46ca-bfe8-edf59ebae0a3"",""texto_determinacao"":"""",""texto_recomendacao"":""Instalar cobertura adequada para os contêineres e área de operação"",""texto_constatacao_nao"":""Não há estrutura de cobertura para os contêineres, expondo os resíduos às intempéries"",""texto_constatacao_sim"":""Existe estrutura de cobertura adequada para a área de transbordo""},{""id"":""1ab6b882-c26f-40a7-b5b3-f68bab1be949"",""ativo"":true,""ordem"":21,""gera_nc"":true,""pergunta"":""Há estrutura de rampa adequada para o transbordo?"",""texto_nc"":""30"",""is_sample"":false,""created_at"":""2026-02-24T12:55:47.495504+00:00"",""created_by"":null,""prazo_dias"":30,""created_date"":""2026-02-24T12:55:47.495504+00:00"",""updated_date"":""2026-02-24T12:55:47.495504+00:00"",""created_by_id"":null,""artigo_portaria"":""Art. 32 da Portaria AGEMS nº 317/25"",""tipo_unidade_id"":""28d57159-a5f8-46ca-bfe8-edf59ebae0a3"",""texto_determinacao"":"""",""texto_recomendacao"":""Instalar ou recuperar a estrutura de rampa para garantir a eficiência e segurança da operação de transbordo"",""texto_constatacao_nao"":""Não há estrutura de rampa adequada para os contêineres ou esta apresenta patologias"",""texto_constatacao_sim"":""A unidade dispõe de rampa adequada para a operação de transbordo""},{""id"":""d61df9b9-2a55-4ef3-b70e-323b1ae97f90"",""ativo"":true,""ordem"":22,""gera_nc"":true,""pergunta"":""A unidade possui iluminação artificial para operações noturnas?"",""texto_nc"":""30"",""is_sample"":false,""created_at"":""2026-02-24T12:55:47.561445+00:00"",""created_by"":null,""prazo_dias"":30,""created_date"":""2026-02-24T12:55:47.561445+00:00"",""updated_date"":""2026-02-24T12:55:47.561445+00:00"",""created_by_id"":null,""artigo_portaria"":""Art. 32 da Portaria AGEMS nº 317/25"",""tipo_unidade_id"":""28d57159-a5f8-46ca-bfe8-edf59ebae0a3"",""texto_determinacao"":"""",""texto_recomendacao"":""Providenciar iluminação adequada das vias e edificações para permitir operações noturnas e segurança"",""texto_constatacao_nao"":""Não possui iluminação para segurança dos trabalhos noturnos"",""texto_constatacao_sim"":""Possui iluminação adequada para segurança e trabalhos noturnos""},{""id"":""088db427-2241-4509-82be-d8698fa2a7f6"",""ativo"":true,""ordem"":23,""gera_nc"":true,""pergunta"":""Possui prédio administrativo e instalações de apoio (sanitários/vestiários)?"",""texto_nc"":""30"",""is_sample"":false,""created_at"":""2026-02-24T12:55:47.632919+00:00"",""created_by"":null,""prazo_dias"":30,""created_date"":""2026-02-24T12:55:47.632919+00:00"",""updated_date"":""2026-02-24T12:55:47.632919+00:00"",""created_by_id"":null,""artigo_portaria"":""Art. 32 da Portaria AGEMS nº 317/25"",""tipo_unidade_id"":""28d57159-a5f8-46ca-bfe8-edf59ebae0a3"",""texto_determinacao"":"""",""texto_recomendacao"":""Construir ou reformar prédio administrativo com refeitório, sanitários e vestiários adequados"",""texto_constatacao_nao"":""Não possui prédio administrativo ou este encontra-se em situação precária, sem condições de uso"",""texto_constatacao_sim"":""A unidade possui prédio administrativo e instalações de apoio adequados""},{""id"":""856d37e3-b977-4944-b471-317bf732db84"",""ativo"":true,""ordem"":24,""gera_nc"":true,""pergunta"":""As vias de acesso e internas oferecem boas condições de tráfego?"",""texto_nc"":""30"",""is_sample"":false,""created_at"":""2026-02-24T12:55:47.71013+00:00"",""created_by"":null,""prazo_dias"":30,""created_date"":""2026-02-24T12:55:47.71013+00:00"",""updated_date"":""2026-02-24T12:55:47.71013+00:00"",""created_by_id"":null,""artigo_portaria"":""Art. 32 da Portaria AGEMS nº 317/25"",""tipo_unidade_id"":""28d57159-a5f8-46ca-bfe8-edf59ebae0a3"",""texto_determinacao"":"""",""texto_recomendacao"":""Pavimentar ou melhorar as vias internas e instalar sinalização de fluxo de veículos"",""texto_constatacao_nao"":""As vias de acesso ou internas encontram-se em más condições ou sem sinalização de fluxo"",""texto_constatacao_sim"":""As vias são pavimentadas ou possuem condições aceitáveis de tráfego""},{""id"":""f4d1c2f6-caf4-49cd-a0db-67557aa03f43"",""ativo"":true,""ordem"":25,""gera_nc"":true,""pergunta"":""Há sistema de prevenção e combate a incêndio instalado?"",""texto_nc"":""30"",""is_sample"":false,""created_at"":""2026-02-24T12:55:47.785741+00:00"",""created_by"":null,""prazo_dias"":30,""created_date"":""2026-02-24T12:55:47.785741+00:00"",""updated_date"":""2026-02-24T12:55:47.785741+00:00"",""created_by_id"":null,""artigo_portaria"":""Art. 32 da Portaria AGEMS nº 317/25"",""tipo_unidade_id"":""28d57159-a5f8-46ca-bfe8-edf59ebae0a3"",""texto_determinacao"":"""",""texto_recomendacao"":""Implantar sistema de prevenção e combate a incêndios conforme normas técnicas e exigências do Corpo de Bombeiros"",""texto_constatacao_nao"":""Não possui sistema de prevenção e combate a incêndio"",""texto_constatacao_sim"":""A unidade possui sistema de prevenção e combate a incêndio conforme normas""},{""id"":""0a3aa1e8-555f-4b23-96b0-ea79bde26e9b"",""ativo"":true,""ordem"":26,""gera_nc"":true,""pergunta"":""A operação é livre de triagem/catação informal?"",""texto_nc"":""30"",""is_sample"":false,""created_at"":""2026-02-24T12:55:47.85543+00:00"",""created_by"":null,""prazo_dias"":30,""created_date"":""2026-02-24T12:55:47.85543+00:00"",""updated_date"":""2026-02-24T12:55:47.85543+00:00"",""created_by_id"":null,""artigo_portaria"":""Art. 24, § 1º da Portaria AGEMS nº 317/25"",""tipo_unidade_id"":""28d57159-a5f8-46ca-bfe8-edf59ebae0a3"",""texto_determinacao"":"""",""texto_recomendacao"":""Proibir a catação informal na área operacional e articular a inclusão em triagem formal licenciada"",""texto_constatacao_nao"":""Há execução de atividades de catação/triagem de resíduos por catadores informais na área operacional"",""texto_constatacao_sim"":""A área operacional é livre de atividades de catação informal""},{""id"":""eb5a848b-b73b-463d-a500-337353b1a8d5"",""ativo"":true,""ordem"":27,""gera_nc"":true,""pergunta"":""O entorno imediato da unidade é livre de ocupações irregulares?"",""texto_nc"":""30"",""is_sample"":false,""created_at"":""2026-02-24T12:55:47.930024+00:00"",""created_by"":null,""prazo_dias"":30,""created_date"":""2026-02-24T12:55:47.930024+00:00"",""updated_date"":""2026-02-24T12:55:47.930024+00:00"",""created_by_id"":null,""artigo_portaria"":""Art. 36, inciso IV da Portaria AGEMS nº 317/25"",""tipo_unidade_id"":""28d57159-a5f8-46ca-bfe8-edf59ebae0a3"",""texto_determinacao"":"""",""texto_recomendacao"":""Articular com órgãos competentes a realocação das moradias do entorno, estabelecendo faixa de proteção sanitária"",""texto_constatacao_nao"":""Foram identificadas moradias improvisadas no entorno imediato, gerando riscos sanitários"",""texto_constatacao_sim"":""O entorno da unidade encontra-se livre de ocupações irregulares""},{""id"":""8c38207b-829a-4087-bc65-34ae128f10b8"",""ativo"":true,""ordem"":19,""gera_nc"":true,""pergunta"":""O meio filtrante está livre de 'bolas de lodo'?"",""texto_nc"":"""",""is_sample"":false,""created_at"":""2026-03-19T13:38:51.523967+00:00"",""created_by"":null,""prazo_dias"":30,""created_date"":""2026-03-19T13:38:51.523967+00:00"",""updated_date"":""2026-03-19T13:38:51.523967+00:00"",""created_by_id"":null,""artigo_portaria"":""art. 114 da Portaria AGEMs nº 320/2025"",""tipo_unidade_id"":""4543d007-efe7-4abc-beda-ff46725ecdd9"",""texto_determinacao"":"""",""texto_recomendacao"":""implantar procedimento operacional padrão para o correto funcionamento do Meio Filtrante"",""texto_constatacao_nao"":""O meio filtrante apresenta bolas de lodo"",""texto_constatacao_sim"":""O meio filtrante está livre de bolas de lodo""},{""id"":""ca7db6ce-854e-4e04-8985-c23e5c79d153"",""ativo"":true,""ordem"":28,""gera_nc"":true,""pergunta"":""A unidade está livre de resíduos não permitidos (pneus, RCC, volumosos)?"",""texto_nc"":""30"",""is_sample"":false,""created_at"":""2026-02-24T12:55:48.015268+00:00"",""created_by"":null,""prazo_dias"":30,""created_date"":""2026-02-24T12:55:48.015268+00:00"",""updated_date"":""2026-02-24T12:55:48.015268+00:00"",""created_by_id"":null,""artigo_portaria"":""Art. 32 da Portaria AGEMS nº 317/25"",""tipo_unidade_id"":""28d57159-a5f8-46ca-bfe8-edf59ebae0a3"",""texto_determinacao"":"""",""texto_recomendacao"":""Promover a retirada dos resíduos não permitidos e controlar o recebimento de cargas na entrada da unidade"",""texto_constatacao_nao"":""Identificou-se a disposição inadequada de pneumáticos inservíveis, RCC ou volumosos na área"",""texto_constatacao_sim"":""A unidade recebe apenas os resíduos permitidos em sua licença""},{""id"":""6d8e1307-bbe4-4423-98cd-90d67346fbd9"",""ativo"":true,""ordem"":9,""gera_nc"":true,""pergunta"":""O medidor (Calha Parshall ou eletromagnético) está operacional e com leitura atualizada?"",""texto_nc"":""30"",""is_sample"":false,""created_at"":""2026-03-19T13:32:33.533564+00:00"",""created_by"":null,""prazo_dias"":30,""created_date"":""2026-03-19T13:32:33.533564+00:00"",""updated_date"":""2026-03-19T13:32:33.533564+00:00"",""created_by_id"":null,""artigo_portaria"":""art. 26, inciso VII da Portaria AGEMS nº 321/25"",""tipo_unidade_id"":""3b62db96-dedc-4886-b591-f73ccff0a686"",""texto_determinacao"":""apresentar registros fotográficos e documentos que comprovem que o medidor de vazão está operando de forma adequada, com leitura atualizada e que houve manutenção adequada"",""texto_recomendacao"":"""",""texto_constatacao_nao"":""O medidor de vazão não está operando de forma adequada ou não apresenta leitura atualizada"",""texto_constatacao_sim"":""O medidor de vazão está operacional e com leitura atualizada""},{""id"":""dbdcc7b3-827c-44fe-a701-f9f20bb13d52"",""ativo"":true,""ordem"":10,""gera_nc"":true,""pergunta"":""O perímetro da ETE está livre de exalação de odores fortes?"",""texto_nc"":""30"",""is_sample"":false,""created_at"":""2026-03-19T13:32:33.533564+00:00"",""created_by"":null,""prazo_dias"":30,""created_date"":""2026-03-19T13:32:33.533564+00:00"",""updated_date"":""2026-03-19T13:32:33.533564+00:00"",""created_by_id"":null,""artigo_portaria"":""art. 26, inciso VII da Portaria AGEMS nº 321/25"",""tipo_unidade_id"":""3b62db96-dedc-4886-b591-f73ccff0a686"",""texto_determinacao"":""apresentar Plano de ação e justificar cada item do Plano a fim de mitigar os odores originados pela EEE"",""texto_recomendacao"":"""",""texto_constatacao_nao"":""Há evidências de exalação excessiva de odores ou reclamações da vizinhança"",""texto_constatacao_sim"":""Não há evidências de exalação excessiva de odores ou reclamações da vizinhança""},{""id"":""ffd37343-3332-45fd-b0ed-12474ec9dbc1"",""ativo"":true,""ordem"":11,""gera_nc"":true,""pergunta"":""Existem barreiras vegetais ou sistemas de neutralização?"",""texto_nc"":""30"",""is_sample"":false,""created_at"":""2026-03-19T13:32:33.533564+00:00"",""created_by"":null,""prazo_dias"":30,""created_date"":""2026-03-19T13:32:33.533564+00:00"",""updated_date"":""2026-03-19T13:32:33.533564+00:00"",""created_by_id"":null,""artigo_portaria"":""art. 26, inciso VII da Portaria AGEMS nº 321/25"",""tipo_unidade_id"":""3b62db96-dedc-4886-b591-f73ccff0a686"",""texto_determinacao"":""apresentar Cronograma para implantação da barreira vegetal como sistema de neutralização de odores, conforme licença ambiental de operação da unidade"",""texto_recomendacao"":"""",""texto_constatacao_nao"":""Não há barreiras vegetais (cobertura arbórea) para o sistema de neutralização de odores"",""texto_constatacao_sim"":""Há barreiras vegetais (cobertura arbórea) para o sistema de neutralização de odores""},{""id"":""529d2a73-92a1-4717-8527-391a41341c69"",""ativo"":true,""ordem"":12,""gera_nc"":true,""pergunta"":""O material do gradeamento é armazenado adequadamente (caçambas cobertas) até a destinação?"",""texto_nc"":""30"",""is_sample"":false,""created_at"":""2026-03-19T13:32:33.533564+00:00"",""created_by"":null,""prazo_dias"":30,""created_date"":""2026-03-19T13:32:33.533564+00:00"",""updated_date"":""2026-03-19T13:32:33.533564+00:00"",""created_by_id"":null,""artigo_portaria"":""art. 26, inciso VII da Portaria AGEMS nº 321/25"",""tipo_unidade_id"":""3b62db96-dedc-4886-b591-f73ccff0a686"",""texto_determinacao"":""apresentar Plano de Ação para armazenar os rejeitos do gradeamento de forma adequada"",""texto_recomendacao"":"""",""texto_constatacao_nao"":""O material do gradeamento não é armazenado de maneira adequada"",""texto_constatacao_sim"":""O material do gradeamento é armazenado de forma ambientalmente adequada""},{""id"":""58734587-5aab-4e17-b9c0-1678889502e4"",""ativo"":true,""ordem"":13,""gera_nc"":true,""pergunta"":""O lodo seco é armazenado adequadamente (caçambas cobertas/locais apropriados) até a destinação?"",""texto_nc"":""30"",""is_sample"":false,""created_at"":""2026-03-19T13:32:33.533564+00:00"",""created_by"":null,""prazo_dias"":30,""created_date"":""2026-03-19T13:32:33.533564+00:00"",""updated_date"":""2026-03-19T13:32:33.533564+00:00"",""created_by_id"":null,""artigo_portaria"":""art. 26, inciso VII da Portaria AGEMS nº 321/25"",""tipo_unidade_id"":""3b62db96-dedc-4886-b591-f73ccff0a686"",""texto_determinacao"":""apresentar Plano de Ação para armazenar o lodo seco de forma adequada"",""texto_recomendacao"":"""",""texto_constatacao_nao"":""O lodo seco não é armazenado de maneira adequada"",""texto_constatacao_sim"":""O lodo seco é armazenado de forma ambientalmente adequada""},{""id"":""693eb833-cda6-4f2a-a001-67037e92e7e5"",""ativo"":true,""ordem"":14,""gera_nc"":true,""pergunta"":""Há presença e uso de EPIs específicos para risco biológico e gases (H2S)?"",""texto_nc"":""30"",""is_sample"":false,""created_at"":""2026-03-19T13:32:33.533564+00:00"",""created_by"":null,""prazo_dias"":30,""created_date"":""2026-03-19T13:32:33.533564+00:00"",""updated_date"":""2026-03-19T13:32:33.533564+00:00"",""created_by_id"":null,""artigo_portaria"":""art. 24, inciso VI da Portaria AGEMS nº 321/25"",""tipo_unidade_id"":""3b62db96-dedc-4886-b591-f73ccff0a686"",""texto_determinacao"":""apresentar registros fotográficos ou documentos que comprovem que foi implementado o uso de EPIs ou EPCs pela equipe operacional"",""texto_recomendacao"":"""",""texto_constatacao_nao"":""Não há presença e uso de EPIs específicos para risco biológico e gases (H2S)"",""texto_constatacao_sim"":""Há presença e uso de EPIs específicos para risco biológico e gases (H2S)""},{""id"":""dbc1cdba-f12e-4852-b2a2-97b36f375b18"",""ativo"":true,""ordem"":15,""gera_nc"":true,""pergunta"":""O efluente final apresenta aspecto visual adequado (sem sólidos visíveis ou óleos)?"",""texto_nc"":""30"",""is_sample"":false,""created_at"":""2026-03-19T13:32:33.533564+00:00"",""created_by"":null,""prazo_dias"":30,""created_date"":""2026-03-19T13:32:33.533564+00:00"",""updated_date"":""2026-03-19T13:32:33.533564+00:00"",""created_by_id"":null,""artigo_portaria"":""art. 26, inciso VII da Portaria AGEMS nº 321/25"",""tipo_unidade_id"":""3b62db96-dedc-4886-b591-f73ccff0a686"",""texto_determinacao"":""apresentar Plano de Ação e justificar cada escolha do Plano a fim de evitar a presença de sólidos ou óleos visíveis na saída da ETE (efluente tratado)"",""texto_recomendacao"":"""",""texto_constatacao_nao"":""O efluente final não apresenta um aspecto visual adequado"",""texto_constatacao_sim"":""O efluente final apresenta aspecto visual adequado""},{""id"":""6403fc4e-238a-4c92-88c5-515e3d0b3bbb"",""ativo"":true,""ordem"":16,""gera_nc"":true,""pergunta"":""Os leitos de secagem ou centrífugas estão em operação?"",""texto_nc"":""30"",""is_sample"":false,""created_at"":""2026-03-19T13:32:33.533564+00:00"",""created_by"":null,""prazo_dias"":30,""created_date"":""2026-03-19T13:32:33.533564+00:00"",""updated_date"":""2026-03-19T13:32:33.533564+00:00"",""created_by_id"":null,""artigo_portaria"":""art. 26, inciso VII da Portaria AGEMS nº 321/25"",""tipo_unidade_id"":""3b62db96-dedc-4886-b591-f73ccff0a686"",""texto_determinacao"":""apresentar registros fotográficos que comprovem que os leitos de secagem estão operando de forma adequada"",""texto_recomendacao"":"""",""texto_constatacao_nao"":""Os leitos de secagem (ou centrífuga) não estão em operação"",""texto_constatacao_sim"":""Os leitos de secagem (ou centrífugas) estão em operação de forma adequada""},{""id"":""b79d84c5-6a3b-47c1-90e8-bef59df4e2cb"",""ativo"":true,""ordem"":17,""gera_nc"":true,""pergunta"":""O local está livre de acúmulo excessivo de lodo seco aguardando descarte?"",""texto_nc"":""30"",""is_sample"":false,""created_at"":""2026-03-19T13:32:33.533564+00:00"",""created_by"":null,""prazo_dias"":30,""created_date"":""2026-03-19T13:32:33.533564+00:00"",""updated_date"":""2026-03-19T13:32:33.533564+00:00"",""created_by_id"":null,""artigo_portaria"":""art. 24, inciso VI da Portaria AGEMS nº 321/25"",""tipo_unidade_id"":""3b62db96-dedc-4886-b591-f73ccff0a686"",""texto_determinacao"":""apresentar cronograma mensal de retirada de lodo da ETE por empresa especializada"",""texto_recomendacao"":"""",""texto_constatacao_nao"":""Há acúmulo excessivo de lodo seco aguardando descarte"",""texto_constatacao_sim"":""Não há acúmulo excessivo de lodo seco aguardando descarte""},{""id"":""2ee817c5-fa99-4fc0-ab2b-f6be04250acf"",""ativo"":true,""ordem"":18,""gera_nc"":true,""pergunta"":""O reator UASB está estanque, livre de vazamentos ou infiltrações?"",""texto_nc"":""30"",""is_sample"":false,""created_at"":""2026-03-19T13:32:33.533564+00:00"",""created_by"":null,""prazo_dias"":30,""created_date"":""2026-03-19T13:32:33.533564+00:00"",""updated_date"":""2026-03-19T13:32:33.533564+00:00"",""created_by_id"":null,""artigo_portaria"":""art. 26, inciso VII da Portaria AGEMS nº 321/25"",""tipo_unidade_id"":""3b62db96-dedc-4886-b591-f73ccff0a686"",""texto_determinacao"":""apresentar Plano de Ação das ações a serem realizadas no reator UASB que garantam a estanqueidade e a operacionalidade do sistema de tratamento de esgoto do município"",""texto_recomendacao"":"""",""texto_constatacao_nao"":""O reator UASB possui vazamento ou infiltração"",""texto_constatacao_sim"":""O reator UASB não possui vazamento ou infiltração""},{""id"":""e6ace1fa-35d0-4d10-932f-dabb5e114701"",""ativo"":true,""ordem"":19,""gera_nc"":true,""pergunta"":""Os vertedouros centrais estão em bom estado de conservação e limpeza?"",""texto_nc"":""30"",""is_sample"":false,""created_at"":""2026-03-19T13:32:33.533564+00:00"",""created_by"":null,""prazo_dias"":30,""created_date"":""2026-03-19T13:32:33.533564+00:00"",""updated_date"":""2026-03-19T13:32:33.533564+00:00"",""created_by_id"":null,""artigo_portaria"":""art. 24, inciso VII da Portaria AGEMS nº 321/25"",""tipo_unidade_id"":""3b62db96-dedc-4886-b591-f73ccff0a686"",""texto_determinacao"":""apresentar registros fotográficos de limpeza do reator bem como implantar Procedimento Operacional Padrão para as manutenções preventivas obrigatórias"",""texto_recomendacao"":"""",""texto_constatacao_nao"":""Os vertedouros centrais do reator UASB estão obstruídos, necessitando de manutenção"",""texto_constatacao_sim"":""Os vertedouros centrais do reator UASB estão em bom estado de conservação e limpeza""},{""id"":""75574e30-6c8c-4234-b325-8b5c58894cc6"",""ativo"":true,""ordem"":20,""gera_nc"":true,""pergunta"":""A superfície do reator está livre de acúmulo excessivo de escuma?"",""texto_nc"":""30"",""is_sample"":false,""created_at"":""2026-03-19T13:32:33.533564+00:00"",""created_by"":null,""prazo_dias"":30,""created_date"":""2026-03-19T13:32:33.533564+00:00"",""updated_date"":""2026-03-19T13:32:33.533564+00:00"",""created_by_id"":null,""artigo_portaria"":""art. 24, inciso VII da Portaria AGEMS nº 321/25"",""tipo_unidade_id"":""3b62db96-dedc-4886-b591-f73ccff0a686"",""texto_determinacao"":""apresentar registros fotográficos de limpeza e retirada do excesso de escuma do reator UASB"",""texto_recomendacao"":"""",""texto_constatacao_nao"":""Há acúmulo excessivo de escuma"",""texto_constatacao_sim"":""Não há acúmulo excessivo de escuma""},{""id"":""1b2c848d-1d52-40f5-aaa1-486eb509375b"",""ativo"":true,""ordem"":21,""gera_nc"":true,""pergunta"":""As tampas do reator UASB estão estanques (livres de vazamento de gás ou efluente)?"",""texto_nc"":""30"",""is_sample"":false,""created_at"":""2026-03-19T13:32:33.533564+00:00"",""created_by"":null,""prazo_dias"":30,""created_date"":""2026-03-19T13:32:33.533564+00:00"",""updated_date"":""2026-03-19T13:32:33.533564+00:00"",""created_by_id"":null,""artigo_portaria"":""art. 24, inciso VII da Portaria AGEMS nº 321/25"",""tipo_unidade_id"":""3b62db96-dedc-4886-b591-f73ccff0a686"",""texto_determinacao"":""apresentar registros fotográficos e ordem de serviço ou documento similar de que foi realizado manutenção no sistema, eliminando extravasamentos ou vazamentos de gás"",""texto_recomendacao"":"""",""texto_constatacao_nao"":""Há vazamento aparente de gás ou de efluentes pelas tampas"",""texto_constatacao_sim"":""Não há vazamento aparente de gás ou de efluentes pelas tampas""},{""id"":""75e106eb-daaf-470b-b17c-0c1e6dbb883e"",""ativo"":true,""ordem"":22,""gera_nc"":true,""pergunta"":""O biogás está sendo queimado com o queimador aceso, principalmente em horários de pico?"",""texto_nc"":""30"",""is_sample"":false,""created_at"":""2026-03-19T13:32:33.533564+00:00"",""created_by"":null,""prazo_dias"":30,""created_date"":""2026-03-19T13:32:33.533564+00:00"",""updated_date"":""2026-03-19T13:32:33.533564+00:00"",""created_by_id"":null,""artigo_portaria"":""art. 24, inciso VII da Portaria AGEMS nº 321/25"",""tipo_unidade_id"":""3b62db96-dedc-4886-b591-f73ccff0a686"",""texto_determinacao"":""apresentar Plano de Ação para manutenção do queimador do Sistema de Coleta de Gases, favorecendo a eliminação dos gases do interior do reator UASB"",""texto_recomendacao"":"""",""texto_constatacao_nao"":""O biogás não está sendo queimado através do queimador e não opera de forma adequada"",""texto_constatacao_sim"":""O biogás é queimado através do queimador, tanto em horários de pico como em baixos volumes""},{""id"":""c183ae93-e9b5-4427-bf7e-b51f262f5653"",""ativo"":true,""ordem"":13,""gera_nc"":true,""pergunta"":""O lodo seco é armazenado adequadamente (caçambas cobertas/locais apropriados) até a destinação?"",""texto_nc"":"""",""is_sample"":false,""created_at"":""2026-03-19T13:38:55.948485+00:00"",""created_by"":null,""prazo_dias"":30,""created_date"":""2026-03-19T13:38:55.948485+00:00"",""updated_date"":""2026-03-19T13:38:55.948485+00:00"",""created_by_id"":null,""artigo_portaria"":""art. 119, §2º da Portaria AGEMS nº 320/2025"",""tipo_unidade_id"":""4796e2cc-ebef-47fa-b53a-1f470e1e70a7"",""texto_determinacao"":"""",""texto_recomendacao"":""armazenar e dispor o resíduo sólido do tratamento de forma ambientalmente adequada"",""texto_constatacao_nao"":""O lodo seco não é armazenado de maneira adequada"",""texto_constatacao_sim"":""O lodo seco é armazenado de forma ambientalmente adequada""},{""id"":""ab52af2f-ef75-4cc5-8eb1-c9af45fe6d6f"",""ativo"":true,""ordem"":23,""gera_nc"":true,""pergunta"":""Os braços distribuidores ou bicos aspersores estão girando/aplicando o esgoto de forma uniforme sobre o meio filtrante?"",""texto_nc"":""30"",""is_sample"":false,""created_at"":""2026-03-19T13:32:33.533564+00:00"",""created_by"":null,""prazo_dias"":30,""created_date"":""2026-03-19T13:32:33.533564+00:00"",""updated_date"":""2026-03-19T13:32:33.533564+00:00"",""created_by_id"":null,""artigo_portaria"":""art. 26, inciso VII da Portaria AGEMS nº 321/25"",""tipo_unidade_id"":""3b62db96-dedc-4886-b591-f73ccff0a686"",""texto_determinacao"":""apresentar Plano de Ação com etapas que visem a manutenção do Filtro Biológico Percolador; ao final do Plano, comprovar com registros fotográficos que os braços distribuidores estão firando de forma adequada e aplicando o efluente de forma uniforme sobre o meio filtrante"",""texto_recomendacao"":"""",""texto_constatacao_nao"":""Os braços distribuidores do Filtro FBP não operam de forma adequada e não aplicam o efluente de forma uniforme sobre o meio filtrante"",""texto_constatacao_sim"":""Os braços distribuidores do Filtro FBP estão girando de forma adequada e aplicando oe fluente de forma uniforme sobre o meio filtrante""},{""id"":""c9c0c387-e679-4013-a65e-97dbc2494767"",""ativo"":true,""ordem"":24,""gera_nc"":true,""pergunta"":""O FBP está estanque, livre de vazamentos ou infiltrações?"",""texto_nc"":""30"",""is_sample"":false,""created_at"":""2026-03-19T13:32:33.533564+00:00"",""created_by"":null,""prazo_dias"":30,""created_date"":""2026-03-19T13:32:33.533564+00:00"",""updated_date"":""2026-03-19T13:32:33.533564+00:00"",""created_by_id"":null,""artigo_portaria"":""art. 26, inciso VII da Portaria AGEMS nº 321/25"",""tipo_unidade_id"":""3b62db96-dedc-4886-b591-f73ccff0a686"",""texto_determinacao"":""apresentar Plano de Ação com etapas que visem a estanqueidade do FBP, garantindo com que ele opere de forma adequada; ao final do Plano comprovar com registros fotográficos que o FBP não possui vazamento ou infiltração e está operando de forma adequada"",""texto_recomendacao"":"""",""texto_constatacao_nao"":""O FBP possui vazamento ou infiltração"",""texto_constatacao_sim"":""O FBP não possui vazamento ou infiltração""},{""id"":""45b461e4-65f8-47d2-9c55-9f51477badd8"",""ativo"":true,""ordem"":25,""gera_nc"":true,""pergunta"":""A passagem da água sobre os vertedores do decantador está uniforme?"",""texto_nc"":""30"",""is_sample"":false,""created_at"":""2026-03-19T13:32:33.533564+00:00"",""created_by"":null,""prazo_dias"":30,""created_date"":""2026-03-19T13:32:33.533564+00:00"",""updated_date"":""2026-03-19T13:32:33.533564+00:00"",""created_by_id"":null,""artigo_portaria"":""art. 24, inciso VII da Portaria AGEMS nº 321/25"",""tipo_unidade_id"":""3b62db96-dedc-4886-b591-f73ccff0a686"",""texto_determinacao"":""apresentar registros fotográficos que comprove que a passagem do efluente sobre os vertedores do decantador está uniforme, sem a presença de sólidos visíveis"",""texto_recomendacao"":"""",""texto_constatacao_nao"":""A passagem do efluente sobre os vertedores do decantador não está uniforme ou de forma adequada"",""texto_constatacao_sim"":""A passagem do efluente sobre os vertedores do decantador está uniforme e de forma adequada""},{""id"":""aedb406f-5905-42fb-a832-699572ab1e4f"",""ativo"":true,""ordem"":26,""gera_nc"":true,""pergunta"":""O efluente de saída do decantador está livre de arraste de sólidos (lodo)?"",""texto_nc"":""30"",""is_sample"":false,""created_at"":""2026-03-19T13:32:33.533564+00:00"",""created_by"":null,""prazo_dias"":30,""created_date"":""2026-03-19T13:32:33.533564+00:00"",""updated_date"":""2026-03-19T13:32:33.533564+00:00"",""created_by_id"":null,""artigo_portaria"":""art. 24, inciso VII da Portaria AGEMS nº 321/25"",""tipo_unidade_id"":""3b62db96-dedc-4886-b591-f73ccff0a686"",""texto_determinacao"":""apresentar registros fotográficos que comprove que não há arraste de sólidos visíveis para o corpo receptor após a saída do decantador"",""texto_recomendacao"":"""",""texto_constatacao_nao"":""Há arraste de sólidos visíveis"",""texto_constatacao_sim"":""Não há arraste de sólidos visíveis""},{""id"":""bc146af1-0889-453a-b142-7aa9a4572bf2"",""ativo"":true,""ordem"":27,""gera_nc"":true,""pergunta"":""O Decantador Secundário (DS) está estanque, livre de vazamentos ou infiltrações?"",""texto_nc"":""30"",""is_sample"":false,""created_at"":""2026-03-19T13:32:33.533564+00:00"",""created_by"":null,""prazo_dias"":30,""created_date"":""2026-03-19T13:32:33.533564+00:00"",""updated_date"":""2026-03-19T13:32:33.533564+00:00"",""created_by_id"":null,""artigo_portaria"":""art. 26, inciso VII da Portaria AGEMS nº 321/25"",""tipo_unidade_id"":""3b62db96-dedc-4886-b591-f73ccff0a686"",""texto_determinacao"":""apresentar Plano de Ação com etapas que visem a estanqueidade do Decantador Secundário, garantindo com que ele opere de forma adequada; ao final do Plano, comprovar com registros fotográficos que o DS não possui vazamento ou infiltração e está operando de forma adequada"",""texto_recomendacao"":"""",""texto_constatacao_nao"":""O decantador possui vazamento ou infiltração"",""texto_constatacao_sim"":""O decantador não possui vazamento ou infiltração""},{""id"":""54f92f28-1931-4579-af7f-f3a06bf0b480"",""ativo"":true,""ordem"":28,""gera_nc"":true,""pergunta"":""Os taludes externos das lagoas  estão roçados?"",""texto_nc"":""30"",""is_sample"":false,""created_at"":""2026-03-19T13:32:33.533564+00:00"",""created_by"":null,""prazo_dias"":30,""created_date"":""2026-03-19T13:32:33.533564+00:00"",""updated_date"":""2026-03-19T13:32:33.533564+00:00"",""created_by_id"":null,""artigo_portaria"":""art. 24, inciso VII da Portaria AGEMS nº 321/25"",""tipo_unidade_id"":""3b62db96-dedc-4886-b591-f73ccff0a686"",""texto_determinacao"":""apresentar registros fotográficos que comprovem a retirada do excesso de vegetação dos taludes externos das lagoas"",""texto_recomendacao"":"""",""texto_constatacao_nao"":""Os taludes externos das lagoas não estão roçados, mantendo um excesso de vegetação e prejudicando a operação adequada do sistema"",""texto_constatacao_sim"":""Os taludes externos das lagoas estão roçados de forma adequada""},{""id"":""da91bc0c-adcf-435b-b3c2-9315d767ebd4"",""ativo"":true,""ordem"":29,""gera_nc"":true,""pergunta"":""As lagoas estão livres de vegetação aquática (macrófitas) excessiva?"",""texto_nc"":""30"",""is_sample"":false,""created_at"":""2026-03-19T13:32:33.533564+00:00"",""created_by"":null,""prazo_dias"":30,""created_date"":""2026-03-19T13:32:33.533564+00:00"",""updated_date"":""2026-03-19T13:32:33.533564+00:00"",""created_by_id"":null,""artigo_portaria"":""art. 24, inciso VII da Portaria AGEMS nº 321/25"",""tipo_unidade_id"":""3b62db96-dedc-4886-b591-f73ccff0a686"",""texto_determinacao"":""apresentar registros fotográficos que comprovem a retirada da vegetação aquática ou dos sobrenadantes nas lagoas"",""texto_recomendacao"":"""",""texto_constatacao_nao"":""Há presença de vegetação aquática excessiva"",""texto_constatacao_sim"":""Não há presença de vegetação aquática excessiva""},{""id"":""8e6ac4a0-04ae-467d-9e1b-d9227c974116"",""ativo"":true,""ordem"":30,""gera_nc"":true,""pergunta"":""A lagoa facultativa apresenta coloração verde (indício de algas e boa oxigenação)?"",""texto_nc"":""30"",""is_sample"":false,""created_at"":""2026-03-19T13:32:33.533564+00:00"",""created_by"":null,""prazo_dias"":30,""created_date"":""2026-03-19T13:32:33.533564+00:00"",""updated_date"":""2026-03-19T13:32:33.533564+00:00"",""created_by_id"":null,""artigo_portaria"":""art. 24, inciso VII da Portaria AGEMS nº 321/25"",""tipo_unidade_id"":""3b62db96-dedc-4886-b591-f73ccff0a686"",""texto_determinacao"":""apresentar Plano de Ação com etapas que visem monitoramento contínuo da lagoa e a predominância de condições adequadas; ao final do Plano, comprovar com registros fotogáficos e relatório técnico que a lagoa está saudável"",""texto_recomendacao"":"""",""texto_constatacao_nao"":""A lagoa facultativa não apresenta coloração adequada, indicando necessidade de boa oxigenação"",""texto_constatacao_sim"":""A lagoa facultativa apresenta coloração verde, indício de algas e boa oxigenação""},{""id"":""3b816d4c-5c85-4db5-bbc5-e7bb6903a6ae"",""ativo"":true,""ordem"":31,""gera_nc"":true,""pergunta"":""Os diques de terra estão íntegros, livres de infiltração ou erosão?"",""texto_nc"":""30"",""is_sample"":false,""created_at"":""2026-03-19T13:32:33.533564+00:00"",""created_by"":null,""prazo_dias"":30,""created_date"":""2026-03-19T13:32:33.533564+00:00"",""updated_date"":""2026-03-19T13:32:33.533564+00:00"",""created_by_id"":null,""artigo_portaria"":""art. 26, inciso VII da Portaria AGEMS nº 321/25"",""tipo_unidade_id"":""3b62db96-dedc-4886-b591-f73ccff0a686"",""texto_determinacao"":""apresentar Plano de Ação com etapas que visem a segurança da estrutura e estanqueidade do sistema; ao final do Plano, comprovar com registros fotográficos e relatório técnico que houve mitigação dos riscos nos diques de terra"",""texto_recomendacao"":"""",""texto_constatacao_nao"":""Há sinais de infiltração ou erosão nos diques"",""texto_constatacao_sim"":""Não há sinais de infiltração ou erosão nos diques""},{""id"":""d0765292-12d4-41cb-b5df-e7d316c2140b"",""ativo"":true,""ordem"":1,""gera_nc"":true,""pergunta"":""A unidade possui identificação externa (ID) adequada?"",""texto_nc"":"""",""is_sample"":false,""created_at"":""2026-03-19T13:39:09.952579+00:00"",""created_by"":null,""prazo_dias"":30,""created_date"":""2026-03-19T13:39:09.952579+00:00"",""updated_date"":""2026-03-19T13:39:09.952579+00:00"",""created_by_id"":null,""artigo_portaria"":""art. 112, inciso I da Portaria AGEMS nº 320/2025"",""tipo_unidade_id"":""8199a469-bdd0-4474-a001-363de36184de"",""texto_determinacao"":"""",""texto_recomendacao"":""Implantar identificação externa adequada"",""texto_constatacao_nao"":""A unidade não possui identificação externa adequada"",""texto_constatacao_sim"":""A unidade possui identificação externa adequada""},{""id"":""8d4987be-9981-4257-b20f-3680c80f23e2"",""ativo"":true,""ordem"":32,""gera_nc"":true,""pergunta"":""Os sopradores de ar do Reator de Biofilme em Leito Móvel (MBBR) estão funcionando?"",""texto_nc"":""30"",""is_sample"":false,""created_at"":""2026-03-19T13:32:33.533564+00:00"",""created_by"":null,""prazo_dias"":30,""created_date"":""2026-03-19T13:32:33.533564+00:00"",""updated_date"":""2026-03-19T13:32:33.533564+00:00"",""created_by_id"":null,""artigo_portaria"":""art. 24, inciso VII da Portaria AGEMS nº 321/25"",""tipo_unidade_id"":""3b62db96-dedc-4886-b591-f73ccff0a686"",""texto_determinacao"":""apresentar justificativa técnica, documentos comprobatórios ou Plano de Ação (se for o caso) para comprovar que as manutenções preventivas/corretivas foram realizadas nos sopradores de ar"",""texto_recomendacao"":"""",""texto_constatacao_nao"":""Os sopradores de ar do MBBR não funcionam de forma adequada"",""texto_constatacao_sim"":""Os sopradores de ar do MBBR estão funcionando de forma adequada""},{""id"":""1d7b7df9-3367-4c9a-822b-22bfdf8b038d"",""ativo"":true,""ordem"":33,""gera_nc"":true,""pergunta"":""A agitação no tanque de aeração do Sistema MBBR está vigorosa e uniforme?"",""texto_nc"":""30"",""is_sample"":false,""created_at"":""2026-03-19T13:32:33.533564+00:00"",""created_by"":null,""prazo_dias"":30,""created_date"":""2026-03-19T13:32:33.533564+00:00"",""updated_date"":""2026-03-19T13:32:33.533564+00:00"",""created_by_id"":null,""artigo_portaria"":""art. 24, inciso VII da Portaria AGEMS nº 321/25"",""tipo_unidade_id"":""3b62db96-dedc-4886-b591-f73ccff0a686"",""texto_determinacao"":""apresentar justificativa técnica e Plano de Ação, se for o caso, para comprovar que a agitação no tanque de aeração do Sistema MBBR ocorre de forma vigorosa e de maneira adequada"",""texto_recomendacao"":"""",""texto_constatacao_nao"":""A agitação no tanque de aeração do Sistema MBBR não está vigorosa, não ocorrendo de maneira adequada"",""texto_constatacao_sim"":""A agitação no tanque de aeração do Sistema MBBR está vigorosa e ocorre de maneira adequada""},{""id"":""a0691571-bb89-4e8b-8fa5-facf01a92549"",""ativo"":true,""ordem"":34,""gera_nc"":true,""pergunta"":""As mídias plásticas (Kaldnes) do MBBR estão circulando de forma adequada (sem acúmulo em cantos)?"",""texto_nc"":""30"",""is_sample"":false,""created_at"":""2026-03-19T13:32:33.533564+00:00"",""created_by"":null,""prazo_dias"":30,""created_date"":""2026-03-19T13:32:33.533564+00:00"",""updated_date"":""2026-03-19T13:32:33.533564+00:00"",""created_by_id"":null,""artigo_portaria"":""art. 26, inciso VII da Portaria AGEMS nº 321/25"",""tipo_unidade_id"":""3b62db96-dedc-4886-b591-f73ccff0a686"",""texto_determinacao"":""apresentar justificativa técnica e Plano de Ação, se for o caso, para comprovar que as mídias plásticas (Kaldnes) estão circulando de forma adequada na operação do Sistema de MBBR"",""texto_recomendacao"":"""",""texto_constatacao_nao"":""Os Kaldnes não estão circulando de forma adequada, estando acumulados em um canto, indicado falha no difusor"",""texto_constatacao_sim"":""Os Kaldnes estão circulando de forma adequada para a operação do Sistema de MBBR""},{""id"":""cf207643-a781-498b-944f-a4d461ff13f5"",""ativo"":true,""ordem"":4,""gera_nc"":true,""pergunta"":""Os equipamentos utilizados para monitoramento diário estão calibrados?"",""texto_nc"":""30"",""is_sample"":false,""created_at"":""2026-03-19T13:32:37.991448+00:00"",""created_by"":null,""prazo_dias"":30,""created_date"":""2026-03-19T13:32:37.991448+00:00"",""updated_date"":""2026-03-19T13:32:37.991448+00:00"",""created_by_id"":null,""artigo_portaria"":""art. 24, inciso VII da Portaria AGEMS nº 321/25"",""tipo_unidade_id"":""0b4872d1-3efc-47b1-b26d-b7de680c5d21"",""texto_determinacao"":""apresentar justificativa técnica, documentos comprobatórios ou Plano de Ação (se for o caso) para comprovar que a calibração dos equipamentos foram realizadas de forma adequada"",""texto_recomendacao"":"""",""texto_constatacao_nao"":""Os equipamentos utilizados para monitoramento diário não estão calibrados"",""texto_constatacao_sim"":""Os equipamentos utilizados para monitoramento diário estão calibrados""},{""id"":""761a83e1-2b10-4a74-ab99-176c1fc9dedf"",""ativo"":true,""ordem"":35,""gera_nc"":true,""pergunta"":""Os sopradores possuem proteção acústica para não incomodar a vizinhança?"",""texto_nc"":""30"",""is_sample"":false,""created_at"":""2026-03-19T13:32:33.533564+00:00"",""created_by"":null,""prazo_dias"":30,""created_date"":""2026-03-19T13:32:33.533564+00:00"",""updated_date"":""2026-03-19T13:32:33.533564+00:00"",""created_by_id"":null,""artigo_portaria"":""art. 24, inciso VI da Portaria AGEMS nº 321/25"",""tipo_unidade_id"":""3b62db96-dedc-4886-b591-f73ccff0a686"",""texto_determinacao"":""apresentar registros fotográficos de que foram implantados proteção acústica nos sopradores de ar do Sistema de MBBR, minimizando impactos negativos do Sistema com a vizinhança"",""texto_recomendacao"":"""",""texto_constatacao_nao"":""Os sopradores de ar do Sistema de MBBR não possuem proteção acústica, podendo incomodar a vizinhança"",""texto_constatacao_sim"":""Os sopradores de ar do Sistema de MBBR possuem proteção acústica e operam de forma adequada""},{""id"":""d0c26908-85ba-452e-bc2d-fe56a388d4ba"",""ativo"":true,""ordem"":20,""gera_nc"":true,""pergunta"":""A lavagem dos filtros é feita seguindo critérios técnicos?"",""texto_nc"":"""",""is_sample"":false,""created_at"":""2026-03-19T13:38:51.523967+00:00"",""created_by"":null,""prazo_dias"":30,""created_date"":""2026-03-19T13:38:51.523967+00:00"",""updated_date"":""2026-03-19T13:38:51.523967+00:00"",""created_by_id"":null,""artigo_portaria"":""art. 119, §3º da Portaria AGEMs nº 320/2025"",""tipo_unidade_id"":""4543d007-efe7-4abc-beda-ff46725ecdd9"",""texto_determinacao"":"""",""texto_recomendacao"":""implantar procedimento operacional padrão para o correto funcionamento do Filtro"",""texto_constatacao_nao"":""A lavagem dos filtros não obede critérios operacionais e é realizada conforme determinação da equipe técnica"",""texto_constatacao_sim"":""A lavagem dos filtros obedece critérios operacionais e segue Instrução Normativa própria da Concessionária""},{""id"":""544af401-ce06-46be-941e-4632d1cd04a0"",""ativo"":true,""ordem"":21,""gera_nc"":true,""pergunta"":""Os cilindros/tanques estão pesados/monitorados?"",""texto_nc"":"""",""is_sample"":false,""created_at"":""2026-03-19T13:38:51.523967+00:00"",""created_by"":null,""prazo_dias"":30,""created_date"":""2026-03-19T13:38:51.523967+00:00"",""updated_date"":""2026-03-19T13:38:51.523967+00:00"",""created_by_id"":null,""artigo_portaria"":""art. 117 da Portaria AGEMs nº 320/2025"",""tipo_unidade_id"":""4543d007-efe7-4abc-beda-ff46725ecdd9"",""texto_determinacao"":"""",""texto_recomendacao"":""implantar procedimento operacional padrão para o correto funcionamento da Unidade de Tratamento"",""texto_constatacao_nao"":""Os cilindros de produtos químicos não são pesados ou não são monitorados."",""texto_constatacao_sim"":""Os cilindros de produtos químicos são pesados e monitorados""},{""id"":""5970a950-2aef-48d4-aadd-feb87951eb1a"",""ativo"":true,""ordem"":22,""gera_nc"":true,""pergunta"":""Há sistema de reserva (backup) em caso de falha?"",""texto_nc"":"""",""is_sample"":false,""created_at"":""2026-03-19T13:38:51.523967+00:00"",""created_by"":null,""prazo_dias"":30,""created_date"":""2026-03-19T13:38:51.523967+00:00"",""updated_date"":""2026-03-19T13:38:51.523967+00:00"",""created_by_id"":null,""artigo_portaria"":""art. 117 da Portaria AGEMs nº 320/2025"",""tipo_unidade_id"":""4543d007-efe7-4abc-beda-ff46725ecdd9"",""texto_determinacao"":"""",""texto_recomendacao"":""implantar procedimento operacional padrão para o correto funcionamento da Unidade de Tratamento"",""texto_constatacao_nao"":""Não há sistema de backup em caso de falha dos equipamentos eletrônicos"",""texto_constatacao_sim"":""Há sistema de reserva ou backup em caso de falha dos equipamentos eletrônicos""},{""id"":""625b4790-6238-4779-ba20-fe07ddf4a7c5"",""ativo"":true,""ordem"":23,""gera_nc"":true,""pergunta"":""O reservatório de contato garante o tempo mínimo para a desinfecção antes da distribuição?"",""texto_nc"":"""",""is_sample"":false,""created_at"":""2026-03-19T13:38:51.523967+00:00"",""created_by"":null,""prazo_dias"":30,""created_date"":""2026-03-19T13:38:51.523967+00:00"",""updated_date"":""2026-03-19T13:38:51.523967+00:00"",""created_by_id"":null,""artigo_portaria"":""art. 114 da Portaria AGEMs nº 320/2025"",""tipo_unidade_id"":""4543d007-efe7-4abc-beda-ff46725ecdd9"",""texto_determinacao"":"""",""texto_recomendacao"":""implantar procedimento operacional padrão para o correto funcionamento da Unidade de Tratamento"",""texto_constatacao_nao"":""O reservatório de contato não garante o tempo mínimo para a desinfecção antes da distribuição"",""texto_constatacao_sim"":""O reservatório de contato garante o tempo mínimo para a desinfecção antes da distribuição""},{""id"":""6e9d3824-ecd6-4937-8ff6-07e3e0ad994b"",""ativo"":true,""ordem"":24,""gera_nc"":true,""pergunta"":""O operador realiza as análises físicas (Turbidez e Cor) com a frequência exigida?"",""texto_nc"":"""",""is_sample"":false,""created_at"":""2026-03-19T13:38:51.523967+00:00"",""created_by"":null,""prazo_dias"":30,""created_date"":""2026-03-19T13:38:51.523967+00:00"",""updated_date"":""2026-03-19T13:38:51.523967+00:00"",""created_by_id"":null,""artigo_portaria"":""art. 111 da Portaria AGEMs nº 320/2025"",""tipo_unidade_id"":""4543d007-efe7-4abc-beda-ff46725ecdd9"",""texto_determinacao"":"""",""texto_recomendacao"":""implantar procedimento operacional padrão para o correto funcionamento da Unidade de Tratamento"",""texto_constatacao_nao"":""O operador não realiza análises físicas periódicas"",""texto_constatacao_sim"":""O operador realiza análises físicas periódicas""},{""id"":""8d651fd4-9bb2-4cc3-851d-a86e07a36219"",""ativo"":true,""ordem"":25,""gera_nc"":true,""pergunta"":""O operador realiza as análises químicas (pH e Cloro) com a frequência exigida?"",""texto_nc"":"""",""is_sample"":false,""created_at"":""2026-03-19T13:38:51.523967+00:00"",""created_by"":null,""prazo_dias"":30,""created_date"":""2026-03-19T13:38:51.523967+00:00"",""updated_date"":""2026-03-19T13:38:51.523967+00:00"",""created_by_id"":null,""artigo_portaria"":""art. 111 da Portaria AGEMs nº 320/2025"",""tipo_unidade_id"":""4543d007-efe7-4abc-beda-ff46725ecdd9"",""texto_determinacao"":"""",""texto_recomendacao"":""implantar procedimento operacional padrão para o correto funcionamento da Unidade de Tratamento"",""texto_constatacao_nao"":""O operador não realiza análises químicas periódicas"",""texto_constatacao_sim"":""O operador realiza análises químicas periódicas""},{""id"":""a50166b5-5c0d-437a-ae0d-87cde2b566c0"",""ativo"":true,""ordem"":26,""gera_nc"":true,""pergunta"":""Os registros estão no livro de bordo?"",""texto_nc"":"""",""is_sample"":false,""created_at"":""2026-03-19T13:38:51.523967+00:00"",""created_by"":null,""prazo_dias"":30,""created_date"":""2026-03-19T13:38:51.523967+00:00"",""updated_date"":""2026-03-19T13:38:51.523967+00:00"",""created_by_id"":null,""artigo_portaria"":""art. 111 da Portaria AGEMs nº 320/2025"",""tipo_unidade_id"":""4543d007-efe7-4abc-beda-ff46725ecdd9"",""texto_determinacao"":"""",""texto_recomendacao"":""implantar procedimento operacional padrão para o correto funcionamento da Unidade de Tratamento"",""texto_constatacao_nao"":""Os registros não estão no livro de bordo da ETA"",""texto_constatacao_sim"":""Todos os registros estão no livro de bordo da ETA""},{""id"":""1b7a8cd0-67c8-49b7-b823-06a8c24744a6"",""ativo"":true,""ordem"":27,""gera_nc"":true,""pergunta"":""Os colorímetros estão operacionais e calibrados?"",""texto_nc"":"""",""is_sample"":false,""created_at"":""2026-03-19T13:38:51.523967+00:00"",""created_by"":null,""prazo_dias"":30,""created_date"":""2026-03-19T13:38:51.523967+00:00"",""updated_date"":""2026-03-19T13:38:51.523967+00:00"",""created_by_id"":null,""artigo_portaria"":""art. 114 da Portaria AGEMs nº 320/2025"",""tipo_unidade_id"":""4543d007-efe7-4abc-beda-ff46725ecdd9"",""texto_determinacao"":"""",""texto_recomendacao"":""implantar procedimento operacional padrão para o correto funcionamento da Unidade de Tratamento"",""texto_constatacao_nao"":""Os colorímetros não estão em operação ou calibrados"",""texto_constatacao_sim"":""Os colorímetros estão em pleno funcionamento""},{""id"":""1e5dc822-6f6f-46ea-bfd5-32cd7e51ee0b"",""ativo"":true,""ordem"":28,""gera_nc"":true,""pergunta"":""Os turbidímetros estão operacionais e calibrados?"",""texto_nc"":"""",""is_sample"":false,""created_at"":""2026-03-19T13:38:51.523967+00:00"",""created_by"":null,""prazo_dias"":30,""created_date"":""2026-03-19T13:38:51.523967+00:00"",""updated_date"":""2026-03-19T13:38:51.523967+00:00"",""created_by_id"":null,""artigo_portaria"":""art. 114 da Portaria AGEMs nº 320/2025"",""tipo_unidade_id"":""4543d007-efe7-4abc-beda-ff46725ecdd9"",""texto_determinacao"":"""",""texto_recomendacao"":""implantar procedimento operacional padrão para o correto funcionamento da Unidade de Tratamento"",""texto_constatacao_nao"":""Os turbidímetros não estão em operação ou calibrados"",""texto_constatacao_sim"":""Os turbidímetros estão em pleno funcionamento""},{""id"":""482197df-2338-483c-aac9-b9123af3ad1b"",""ativo"":true,""ordem"":29,""gera_nc"":true,""pergunta"":""Os produtos químicos possuem Ficha de Segurança (FISPQ)?"",""texto_nc"":"""",""is_sample"":false,""created_at"":""2026-03-19T13:38:51.523967+00:00"",""created_by"":null,""prazo_dias"":30,""created_date"":""2026-03-19T13:38:51.523967+00:00"",""updated_date"":""2026-03-19T13:38:51.523967+00:00"",""created_by_id"":null,""artigo_portaria"":""art. 117 da Portaria AGEMs nº 320/2025"",""tipo_unidade_id"":""4543d007-efe7-4abc-beda-ff46725ecdd9"",""texto_determinacao"":"""",""texto_recomendacao"":""implantar procedimento operacional padrão para o correto funcionamento da Unidade de Tratamento"",""texto_constatacao_nao"":""Os produtos químicos não possuem Ficha de Dados de Segurança (FDS/FISPQ)"",""texto_constatacao_sim"":""Os produtos químicos possuem Ficha de Dados de Segurança (FDS/FISPQ)""},{""id"":""21971869-884a-4512-9ae8-0990c16bb001"",""ativo"":true,""ordem"":30,""gera_nc"":true,""pergunta"":""Há bacias de contenção para evitar contaminação do solo?"",""texto_nc"":"""",""is_sample"":false,""created_at"":""2026-03-19T13:38:51.523967+00:00"",""created_by"":null,""prazo_dias"":30,""created_date"":""2026-03-19T13:38:51.523967+00:00"",""updated_date"":""2026-03-19T13:38:51.523967+00:00"",""created_by_id"":null,""artigo_portaria"":""art. 117 da Portaria AGEMs nº 320/2025"",""tipo_unidade_id"":""4543d007-efe7-4abc-beda-ff46725ecdd9"",""texto_determinacao"":"""",""texto_recomendacao"":""implantar Bacia de Contenção na área de armazenamento de produtos químicos"",""texto_constatacao_nao"":""Não há bacias de contenção para evitar contaminação do solo"",""texto_constatacao_sim"":""Há bacias de contenção para evitar contaminação do solo""},{""id"":""9835cdfa-084a-40b6-bb0f-831691d58a5b"",""ativo"":true,""ordem"":31,""gera_nc"":true,""pergunta"":""As unidades abertas possuem proteção contra queda de animais/folhagens?"",""texto_nc"":"""",""is_sample"":false,""created_at"":""2026-03-19T13:38:51.523967+00:00"",""created_by"":null,""prazo_dias"":30,""created_date"":""2026-03-19T13:38:51.523967+00:00"",""updated_date"":""2026-03-19T13:38:51.523967+00:00"",""created_by_id"":null,""artigo_portaria"":""art. 111 da Portaria AGEMs nº 320/2025"",""tipo_unidade_id"":""4543d007-efe7-4abc-beda-ff46725ecdd9"",""texto_determinacao"":"""",""texto_recomendacao"":""implantar proteção adequada para evitar que animais/folhagens caiam no sistema de tratamento"",""texto_constatacao_nao"":""Não há proteção adequada  contra queda de animais e folhagens"",""texto_constatacao_sim"":""Há proteção adequada conta queda de animais e folhagens""},{""id"":""5eebf150-4333-4950-92d1-b6d483f95e78"",""ativo"":true,""ordem"":1,""gera_nc"":true,""pergunta"":""Possui identificação ID?"",""texto_nc"":"""",""is_sample"":false,""created_at"":""2026-03-19T13:39:13.615901+00:00"",""created_by"":null,""prazo_dias"":30,""created_date"":""2026-03-19T13:39:13.615901+00:00"",""updated_date"":""2026-03-19T13:39:13.615901+00:00"",""created_by_id"":null,""artigo_portaria"":""art. 112, inciso I da Portaria AGEMS nº 320/2025"",""tipo_unidade_id"":""37c51dd2-72d4-4e2c-8133-91dd037af92b"",""texto_determinacao"":"""",""texto_recomendacao"":""providenciar identificação adequada"",""texto_constatacao_nao"":""Não possui identificação adequada"",""texto_constatacao_sim"":""Possui identificação adequada""},{""id"":""7101c27b-981a-48d7-ac08-8061901b81d6"",""ativo"":true,""ordem"":1,""gera_nc"":true,""pergunta"":""As instalações do escritório estão em bom estado de conservação e limpeza?"",""texto_nc"":""30"",""is_sample"":false,""created_at"":""2026-03-19T13:32:37.991448+00:00"",""created_by"":null,""prazo_dias"":30,""created_date"":""2026-03-19T13:32:37.991448+00:00"",""updated_date"":""2026-03-19T13:32:37.991448+00:00"",""created_by_id"":null,""artigo_portaria"":""art. 24, inciso VII da Portaria AGEMS nº 321/25"",""tipo_unidade_id"":""0b4872d1-3efc-47b1-b26d-b7de680c5d21"",""texto_determinacao"":""apresentar registros fotográficos que comprovem que foi realizada manutenção e limpeza da área do escritório e laboratório operacional da Estação de Tratamento de Esgoto"",""texto_recomendacao"":"""",""texto_constatacao_nao"":""As instalações do escritório e laboratório não estão em bom estado de conservação e limpeza"",""texto_constatacao_sim"":""As instalações do escritório e laboratório estão em bom estado de conservação e limpeza""},{""id"":""55eeb17e-364e-4d2c-87dd-c26b0c0ad6a6"",""ativo"":true,""ordem"":2,""gera_nc"":true,""pergunta"":""O número de funcionários atende a demanda de serviço existente?"",""texto_nc"":""30"",""is_sample"":false,""created_at"":""2026-03-19T13:32:37.991448+00:00"",""created_by"":null,""prazo_dias"":30,""created_date"":""2026-03-19T13:32:37.991448+00:00"",""updated_date"":""2026-03-19T13:32:37.991448+00:00"",""created_by_id"":null,""artigo_portaria"":""art. 24, inciso VI da Portaria AGEMS nº 321/25"",""tipo_unidade_id"":""0b4872d1-3efc-47b1-b26d-b7de680c5d21"",""texto_determinacao"":""apresentar justificativa técnica para o baixo número de funcionários da Unidade bem como Cronograma para contratação de novos funcionários, se for o caso"",""texto_recomendacao"":"""",""texto_constatacao_nao"":""O número de funcionários não atende a demanda de serviço existente"",""texto_constatacao_sim"":""O número de funcionários atende a demanda de serviço existente""},{""id"":""2923efd7-24a9-4f88-9ca9-9bf2c8fba601"",""ativo"":true,""ordem"":3,""gera_nc"":true,""pergunta"":""O laboratório possui reagentes dentro da validade?"",""texto_nc"":""30"",""is_sample"":false,""created_at"":""2026-03-19T13:32:37.991448+00:00"",""created_by"":null,""prazo_dias"":30,""created_date"":""2026-03-19T13:32:37.991448+00:00"",""updated_date"":""2026-03-19T13:32:37.991448+00:00"",""created_by_id"":null,""artigo_portaria"":""art. 26, inciso VII da Portaria AGEMS nº 321/25"",""tipo_unidade_id"":""0b4872d1-3efc-47b1-b26d-b7de680c5d21"",""texto_determinacao"":""apresentar registros fotográficos que comprovem que foi realizada a substituição dos reagentes com data de validade expirada"",""texto_recomendacao"":"""",""texto_constatacao_nao"":""O laboratório não possui alguns reagentes dentro da validade"",""texto_constatacao_sim"":""O laboratório possui reagentes dentro da validade""},{""id"":""64426d7a-e833-46e5-a7b6-c174642ffd94"",""ativo"":true,""ordem"":5,""gera_nc"":true,""pergunta"":""Existem chuveiros de emergência e lava-olhos operacionais próximos à manipulação de produtos químicos?"",""texto_nc"":""30"",""is_sample"":false,""created_at"":""2026-03-19T13:32:37.991448+00:00"",""created_by"":null,""prazo_dias"":30,""created_date"":""2026-03-19T13:32:37.991448+00:00"",""updated_date"":""2026-03-19T13:32:37.991448+00:00"",""created_by_id"":null,""artigo_portaria"":""art. 24, inciso VI da Portaria AGEMS nº 321/25"",""tipo_unidade_id"":""0b4872d1-3efc-47b1-b26d-b7de680c5d21"",""texto_determinacao"":""apresentar registros fotográficos que comprovem a implantação de chuveiro de emergência e lava-olhos operacionais próximos à manipulação de produtos químicos"",""texto_recomendacao"":"""",""texto_constatacao_nao"":""Não existem chuveiros de emergência e lava-olhos operacionais pronto para utilização"",""texto_constatacao_sim"":""Existem chuveiros de emergência e lava-olhos operacionais pronto para utilização""},{""id"":""90bd2c09-5f3c-49e2-bf9b-835b424f0f75"",""ativo"":true,""ordem"":1,""gera_nc"":true,""pergunta"":""A unidade possui identificação externa (ID) adequada?"",""texto_nc"":""30"",""is_sample"":false,""created_at"":""2026-03-19T13:32:42.860478+00:00"",""created_by"":null,""prazo_dias"":30,""created_date"":""2026-03-19T13:32:42.860478+00:00"",""updated_date"":""2026-03-19T13:32:42.860478+00:00"",""created_by_id"":null,""artigo_portaria"":""art. 24, inciso VII da Portaria AGEMS nº 321/25"",""tipo_unidade_id"":""f34b4e1c-6a52-4ba6-8939-1f88587d0c04"",""texto_determinacao"":""apresentar registros fotográficos comprovando que a unidade possui identificação externa adequada"",""texto_recomendacao"":"""",""texto_constatacao_nao"":""A unidade não possui identificação externa adequada"",""texto_constatacao_sim"":""A unidade possui identificação externa adequada""},{""id"":""c3cf8e80-9d38-4c38-a9cf-e7215fd3797d"",""ativo"":true,""ordem"":2,""gera_nc"":true,""pergunta"":""A unidade possui cercamento (alambrado/muros) garantindo a segurança?"",""texto_nc"":""30"",""is_sample"":false,""created_at"":""2026-03-19T13:32:42.860478+00:00"",""created_by"":null,""prazo_dias"":30,""created_date"":""2026-03-19T13:32:42.860478+00:00"",""updated_date"":""2026-03-19T13:32:42.860478+00:00"",""created_by_id"":null,""artigo_portaria"":""art. 24, inciso VII da Portaria AGEMS nº 321/25"",""tipo_unidade_id"":""f34b4e1c-6a52-4ba6-8939-1f88587d0c04"",""texto_determinacao"":""apresentar registros fotográficos de que foi instalado cercamento com Alambrado, Muros ou materiais equivalentes"",""texto_recomendacao"":"""",""texto_constatacao_nao"":""A unidade não possui cercamento adequado"",""texto_constatacao_sim"":""A unidade possui cercamento adequado""},{""id"":""6982e166-0e5e-40a3-9470-018d8535dffe"",""ativo"":true,""ordem"":3,""gera_nc"":true,""pergunta"":""Os portões possuem cadeados e garantem a segurança?"",""texto_nc"":""30"",""is_sample"":false,""created_at"":""2026-03-19T13:32:42.860478+00:00"",""created_by"":null,""prazo_dias"":30,""created_date"":""2026-03-19T13:32:42.860478+00:00"",""updated_date"":""2026-03-19T13:32:42.860478+00:00"",""created_by_id"":null,""artigo_portaria"":""art. 24, inciso VII da Portaria AGEMS nº 321/25"",""tipo_unidade_id"":""f34b4e1c-6a52-4ba6-8939-1f88587d0c04"",""texto_determinacao"":""apresentar registros fotográficos de que foram instalados cadeados nos portões"",""texto_recomendacao"":"""",""texto_constatacao_nao"":""Os portões não possuem cadeados"",""texto_constatacao_sim"":""Os portões possuem cadeados""},{""id"":""ea070c74-5265-467d-aa2d-dcd2d2197e3a"",""ativo"":true,""ordem"":4,""gera_nc"":true,""pergunta"":""A unidade possui sinalização de 'Entrada Proibida'?"",""texto_nc"":""30"",""is_sample"":false,""created_at"":""2026-03-19T13:32:42.860478+00:00"",""created_by"":null,""prazo_dias"":30,""created_date"":""2026-03-19T13:32:42.860478+00:00"",""updated_date"":""2026-03-19T13:32:42.860478+00:00"",""created_by_id"":null,""artigo_portaria"":""art. 24, inciso VII da Portaria AGEMS nº 321/25"",""tipo_unidade_id"":""f34b4e1c-6a52-4ba6-8939-1f88587d0c04"",""texto_determinacao"":""apresentar registros fotográficos de que foi instalada sinalização de 'Entrada Proibida'"",""texto_recomendacao"":"""",""texto_constatacao_nao"":""A unidade não possui sinalização de 'Entrada Proibida'"",""texto_constatacao_sim"":""A unidade possui sinalização de 'Entrada Proibida'""},{""id"":""c7606375-5cdf-4760-8c69-4ba0ee88f778"",""ativo"":true,""ordem"":5,""gera_nc"":true,""pergunta"":""O entorno das unidades está roçado e livre de entulhos?"",""texto_nc"":""30"",""is_sample"":false,""created_at"":""2026-03-19T13:32:42.860478+00:00"",""created_by"":null,""prazo_dias"":30,""created_date"":""2026-03-19T13:32:42.860478+00:00"",""updated_date"":""2026-03-19T13:32:42.860478+00:00"",""created_by_id"":null,""artigo_portaria"":""art. 24, inciso VII da Portaria AGEMS nº 321/25"",""tipo_unidade_id"":""f34b4e1c-6a52-4ba6-8939-1f88587d0c04"",""texto_determinacao"":""apresentar registros fotográficos de que o entorno das unidades está roçado e livre de entulhos"",""texto_recomendacao"":"""",""texto_constatacao_nao"":""O entorno das unidades não está roçado ou possui entulhos"",""texto_constatacao_sim"":""O entorno das unidades está roçado e livre de entulhos""},{""id"":""c6d2cf82-e46c-4e73-9574-875f422415da"",""ativo"":true,""ordem"":6,""gera_nc"":true,""pergunta"":""O entorno das unidades está livre de vazamentos aparentes?"",""texto_nc"":""30"",""is_sample"":false,""created_at"":""2026-03-19T13:32:42.860478+00:00"",""created_by"":null,""prazo_dias"":30,""created_date"":""2026-03-19T13:32:42.860478+00:00"",""updated_date"":""2026-03-19T13:32:42.860478+00:00"",""created_by_id"":null,""artigo_portaria"":""art. 24, inciso VII da Portaria AGEMS nº 321/25"",""tipo_unidade_id"":""f34b4e1c-6a52-4ba6-8939-1f88587d0c04"",""texto_determinacao"":""apresentar registros fotográficos de que foram sanados os vazamentos aparentes"",""texto_recomendacao"":"""",""texto_constatacao_nao"":""Há vazamentos aparentes no entorno das unidades"",""texto_constatacao_sim"":""O entorno das unidades está livre de vazamentos aparentes""},{""id"":""3e96e4ab-208c-4588-9c32-f2c57b3c2793"",""ativo"":true,""ordem"":7,""gera_nc"":true,""pergunta"":""As condições do macromedidor estão adequadas para a operação?"",""texto_nc"":""30"",""is_sample"":false,""created_at"":""2026-03-19T13:32:42.860478+00:00"",""created_by"":null,""prazo_dias"":30,""created_date"":""2026-03-19T13:32:42.860478+00:00"",""updated_date"":""2026-03-19T13:32:42.860478+00:00"",""created_by_id"":null,""artigo_portaria"":""art. 25, inciso VII da Portaria AGEMS nº 321/25"",""tipo_unidade_id"":""f34b4e1c-6a52-4ba6-8939-1f88587d0c04"",""texto_determinacao"":""apresentar registros fotográficos de que o macromedidor possui condições adequadas para a operação, comprovando que foi realizada a substituição da tampa do macromedidor ou do leitor do macromedidor ou a substituição do macromedidor, se for o caso"",""texto_recomendacao"":"""",""texto_constatacao_nao"":""As condições do macromedidor não estão adequadas para a operação"",""texto_constatacao_sim"":""As condições do macromedidor estão adequadas para a operação""},{""id"":""983d498b-c4b5-41b5-b352-e3e567ed8976"",""ativo"":true,""ordem"":8,""gera_nc"":true,""pergunta"":""Há iluminação para trabalhos noturnos?"",""texto_nc"":""30"",""is_sample"":false,""created_at"":""2026-03-19T13:32:42.860478+00:00"",""created_by"":null,""prazo_dias"":30,""created_date"":""2026-03-19T13:32:42.860478+00:00"",""updated_date"":""2026-03-19T13:32:42.860478+00:00"",""created_by_id"":null,""artigo_portaria"":""art. 26, inciso VII da Portaria AGEMS nº 321/25"",""tipo_unidade_id"":""f34b4e1c-6a52-4ba6-8939-1f88587d0c04"",""texto_determinacao"":""apresentar registros fotográficos de que foi implantado iluminação no local"",""texto_recomendacao"":"""",""texto_constatacao_nao"":""Não há iluminação para trabalhos noturnos"",""texto_constatacao_sim"":""Há iluminação para trabalhos noturnos""},{""id"":""6c6bfaac-5af9-4271-81af-219b5e78109c"",""ativo"":true,""ordem"":9,""gera_nc"":true,""pergunta"":""Possui laje de proteção ao redor do poço?"",""texto_nc"":""30"",""is_sample"":false,""created_at"":""2026-03-19T13:32:42.860478+00:00"",""created_by"":null,""prazo_dias"":30,""created_date"":""2026-03-19T13:32:42.860478+00:00"",""updated_date"":""2026-03-19T13:32:42.860478+00:00"",""created_by_id"":null,""artigo_portaria"":""art. 26, inciso VII da Portaria AGEMS nº 321/25"",""tipo_unidade_id"":""f34b4e1c-6a52-4ba6-8939-1f88587d0c04"",""texto_determinacao"":""apresentar registros fotográficos de que foi implantado laje de proteção ao redor do poço"",""texto_recomendacao"":"""",""texto_constatacao_nao"":""Não possui laje de proteção ao redor do poço"",""texto_constatacao_sim"":""Possui laje de proteção ao redor do poço""},{""id"":""e0ea0ea9-6943-46ac-a9b1-81b69b521c82"",""ativo"":true,""ordem"":10,""gera_nc"":true,""pergunta"":""O Abrigo do Quadro de Comando Elétrico do poço está em bom estado de conservação, uso e operação?"",""texto_nc"":""30"",""is_sample"":false,""created_at"":""2026-03-19T13:32:42.860478+00:00"",""created_by"":null,""prazo_dias"":30,""created_date"":""2026-03-19T13:32:42.860478+00:00"",""updated_date"":""2026-03-19T13:32:42.860478+00:00"",""created_by_id"":null,""artigo_portaria"":""art. 24, inciso VII da Portaria AGEMS nº 321/25"",""tipo_unidade_id"":""f34b4e1c-6a52-4ba6-8939-1f88587d0c04"",""texto_determinacao"":""apresentar registros fotográficos de que o Abrigo do Quadro de Comando Elétrico do poço está em bom estado de conservação, uso e operação"",""texto_recomendacao"":"""",""texto_constatacao_nao"":""O Abrigo do Quadro de Comando Elétrico do poço não possui bom estado de conservação, uso e operação"",""texto_constatacao_sim"":""O Abrigo do Quadro de Comando Elétrico do poço está em bom estado de conservação, uso e operação""},{""id"":""a1d1d5e8-43cf-45d7-874c-d99c8e5bbf4e"",""ativo"":true,""ordem"":11,""gera_nc"":true,""pergunta"":""As instalações elétricas do poço estão adequadas?"",""texto_nc"":""30"",""is_sample"":false,""created_at"":""2026-03-19T13:32:42.860478+00:00"",""created_by"":null,""prazo_dias"":30,""created_date"":""2026-03-19T13:32:42.860478+00:00"",""updated_date"":""2026-03-19T13:32:42.860478+00:00"",""created_by_id"":null,""artigo_portaria"":""art. 26, inciso VII da Portaria AGEMS nº 321/25"",""tipo_unidade_id"":""f34b4e1c-6a52-4ba6-8939-1f88587d0c04"",""texto_determinacao"":""apresentar registros fotográficos e documentação comprobatória de que as instalações elétricas do poço estão adequadas para o uso e não oferecem risco de choque elétrico ou demais sinistros para os colaboradores"",""texto_recomendacao"":"""",""texto_constatacao_nao"":""As instalações elétricas do poço não estão adequadas"",""texto_constatacao_sim"":""As instalações elétricas do poço estão adequadas""},{""id"":""ec68a992-ccb5-437f-b70d-82058df5e420"",""ativo"":true,""ordem"":12,""gera_nc"":true,""pergunta"":""As condições do quadro de comando estão em bom estado de uso, segurança e operação?"",""texto_nc"":""30"",""is_sample"":false,""created_at"":""2026-03-19T13:32:42.860478+00:00"",""created_by"":null,""prazo_dias"":30,""created_date"":""2026-03-19T13:32:42.860478+00:00"",""updated_date"":""2026-03-19T13:32:42.860478+00:00"",""created_by_id"":null,""artigo_portaria"":""art. 26, inciso VII da Portaria AGEMS nº 321/25"",""tipo_unidade_id"":""f34b4e1c-6a52-4ba6-8939-1f88587d0c04"",""texto_determinacao"":""apresentar registros fotográficos e documentos comprobatórios de que as condições do quadro de comando estão em bom estado de segurança, não oferecendo riscos aos colaboradores"",""texto_recomendacao"":"""",""texto_constatacao_nao"":""As condições do quadro de comando não estão em bom estado de uso, segurança e operação"",""texto_constatacao_sim"":""As condições do quadro de comando estão em bom estado de uso, segurança e operação""},{""id"":""e275f281-9c2b-4e39-b7da-a48e85cd7f26"",""ativo"":true,""ordem"":13,""gera_nc"":true,""pergunta"":""Os conjuntos motobombas operam sem ruído excessivo ou vibração anormal?"",""texto_nc"":""30"",""is_sample"":false,""created_at"":""2026-03-19T13:32:42.860478+00:00"",""created_by"":null,""prazo_dias"":30,""created_date"":""2026-03-19T13:32:42.860478+00:00"",""updated_date"":""2026-03-19T13:32:42.860478+00:00"",""created_by_id"":null,""artigo_portaria"":""art. 26, inciso VII da Portaria AGEMS nº 321/25"",""tipo_unidade_id"":""f34b4e1c-6a52-4ba6-8939-1f88587d0c04"",""texto_determinacao"":""apresentar justificativa técnica, documentos comprobatórios ou Plano de Ação (se for o caso) para comprovar que as manutenções preventivas/corretivas foram realizadas nos conjuntos motobombas"",""texto_recomendacao"":"""",""texto_constatacao_nao"":""Os conjuntos motobombas apresentam ruído excessivo ou vibração anormal"",""texto_constatacao_sim"":""Os conjuntos motobombas não apresentam ruído excessivo ou vibração anormal""},{""id"":""7afcdcfb-c8fb-4e57-9376-a7ed9cc608ca"",""ativo"":true,""ordem"":14,""gera_nc"":true,""pergunta"":""Possui conjunto motobomba reserva?"",""texto_nc"":""30"",""is_sample"":false,""created_at"":""2026-03-19T13:32:42.860478+00:00"",""created_by"":null,""prazo_dias"":30,""created_date"":""2026-03-19T13:32:42.860478+00:00"",""updated_date"":""2026-03-19T13:32:42.860478+00:00"",""created_by_id"":null,""artigo_portaria"":""art. 26, inciso VII da Portaria AGEMS nº 321/25"",""tipo_unidade_id"":""f34b4e1c-6a52-4ba6-8939-1f88587d0c04"",""texto_determinacao"":""apresentar registros fotográficos e documentos comprobatórios da existência de conjunto motobomba reserva na Unidade em conformidade com o Art. 115 da Portaria AGEMS nº 320/2025"",""texto_recomendacao"":"""",""texto_constatacao_nao"":""Não possui conjunto motobomba reserva"",""texto_constatacao_sim"":""Possui conjunto motobomba reserva""},{""id"":""55b062ea-e472-4694-b13f-17f3e7ab4400"",""ativo"":true,""ordem"":1,""gera_nc"":true,""pergunta"":""A unidade possui identificação externa (ID) adequada?"",""texto_nc"":""30"",""is_sample"":false,""created_at"":""2026-03-19T13:32:46.832291+00:00"",""created_by"":null,""prazo_dias"":30,""created_date"":""2026-03-19T13:32:46.832291+00:00"",""updated_date"":""2026-03-19T13:32:46.832291+00:00"",""created_by_id"":null,""artigo_portaria"":""art. 24, inciso VII da Portaria AGEMS nº 321/25"",""tipo_unidade_id"":""dd963fa0-6f52-4509-9ddf-9206665cd706"",""texto_determinacao"":""apresentar registros fotográficos de que a unidade possui identificação externa adequada"",""texto_recomendacao"":"""",""texto_constatacao_nao"":""A unidade não possui identificação externa adequada"",""texto_constatacao_sim"":""A unidade possui identificação externa adequada""},{""id"":""d0b38d69-cfaf-4ee5-afe0-5e2c8365edde"",""ativo"":true,""ordem"":3,""gera_nc"":true,""pergunta"":""Os portões possuem cadeados e garantem a segurança?"",""texto_nc"":""30"",""is_sample"":false,""created_at"":""2026-03-19T13:32:46.832291+00:00"",""created_by"":null,""prazo_dias"":30,""created_date"":""2026-03-19T13:32:46.832291+00:00"",""updated_date"":""2026-03-19T13:32:46.832291+00:00"",""created_by_id"":null,""artigo_portaria"":""art. 24, inciso VII da Portaria AGEMS nº 321/25"",""tipo_unidade_id"":""dd963fa0-6f52-4509-9ddf-9206665cd706"",""texto_determinacao"":""apresentar registros fotográficos de que foram instalados cadeados nos portões"",""texto_recomendacao"":"""",""texto_constatacao_nao"":""Os portões não possuem cadeados"",""texto_constatacao_sim"":""Os portões possuem cadeados""},{""id"":""b0b5becc-e9cc-4565-892e-53101a3f1056"",""ativo"":true,""ordem"":4,""gera_nc"":true,""pergunta"":""A unidade possui sinalização de 'Entrada Proibida'?"",""texto_nc"":""30"",""is_sample"":false,""created_at"":""2026-03-19T13:32:46.832291+00:00"",""created_by"":null,""prazo_dias"":30,""created_date"":""2026-03-19T13:32:46.832291+00:00"",""updated_date"":""2026-03-19T13:32:46.832291+00:00"",""created_by_id"":null,""artigo_portaria"":""art. 24, inciso VII da Portaria AGEMS nº 321/25"",""tipo_unidade_id"":""dd963fa0-6f52-4509-9ddf-9206665cd706"",""texto_determinacao"":""apresentar registros fotográficos de que foi instalada sinalização de 'Entrada Proibida'"",""texto_recomendacao"":"""",""texto_constatacao_nao"":""A unidade não possui sinalização de 'Entrada Proibida'"",""texto_constatacao_sim"":""A unidade possui sinalização de 'Entrada Proibida'""},{""id"":""eb9ff529-4de8-46db-a1bb-be3bc8e00acb"",""ativo"":true,""ordem"":5,""gera_nc"":true,""pergunta"":""O entorno das unidades está roçado e livre de entulhos?"",""texto_nc"":""30"",""is_sample"":false,""created_at"":""2026-03-19T13:32:46.832291+00:00"",""created_by"":null,""prazo_dias"":30,""created_date"":""2026-03-19T13:32:46.832291+00:00"",""updated_date"":""2026-03-19T13:32:46.832291+00:00"",""created_by_id"":null,""artigo_portaria"":""art. 24, inciso VII da Portaria AGEMS nº 321/25"",""tipo_unidade_id"":""dd963fa0-6f52-4509-9ddf-9206665cd706"",""texto_determinacao"":""apresentar registros fotográficos de que o entorno das unidades está roçado e livre de entulhos"",""texto_recomendacao"":"""",""texto_constatacao_nao"":""O entorno das unidades não está roçado ou possui entulhos"",""texto_constatacao_sim"":""O entorno das unidades está roçado e livre de entulhos""},{""id"":""27307b8f-b986-4e28-9c1a-353b11643a5f"",""ativo"":true,""ordem"":6,""gera_nc"":true,""pergunta"":""O entorno das unidades está livre de vazamentos aparentes?"",""texto_nc"":""30"",""is_sample"":false,""created_at"":""2026-03-19T13:32:46.832291+00:00"",""created_by"":null,""prazo_dias"":30,""created_date"":""2026-03-19T13:32:46.832291+00:00"",""updated_date"":""2026-03-19T13:32:46.832291+00:00"",""created_by_id"":null,""artigo_portaria"":""art. 24, inciso VII da Portaria AGEMS nº 321/25"",""tipo_unidade_id"":""dd963fa0-6f52-4509-9ddf-9206665cd706"",""texto_determinacao"":""apresentar registros fotográficos de que foram sanados os vazamentos aparentes"",""texto_recomendacao"":"""",""texto_constatacao_nao"":""Há vazamentos aparentes no entorno das unidades"",""texto_constatacao_sim"":""O entorno das unidades está livre de vazamentos aparentes""},{""id"":""d6334acb-9f5c-4928-979b-6535b6cb528c"",""ativo"":true,""ordem"":7,""gera_nc"":true,""pergunta"":""Os reservatórios apresentam-se íntegros, sem fissuras, infiltrações ou vazamentos nas paredes/teto?"",""texto_nc"":""30"",""is_sample"":false,""created_at"":""2026-03-19T13:32:46.832291+00:00"",""created_by"":null,""prazo_dias"":30,""created_date"":""2026-03-19T13:32:46.832291+00:00"",""updated_date"":""2026-03-19T13:32:46.832291+00:00"",""created_by_id"":null,""artigo_portaria"":""art. 26, inciso VII da Portaria AGEMS nº 321/25"",""tipo_unidade_id"":""dd963fa0-6f52-4509-9ddf-9206665cd706"",""texto_determinacao"":""apresentar registros fotográficos ou Plano de Ação, o que couber, para realização das obras de correção das fissuras, infiltrações e vazamentos"",""texto_recomendacao"":"""",""texto_constatacao_nao"":""Os reservatórios apresentam fissuras, infiltrações ou vazamentos nas paredes/teto"",""texto_constatacao_sim"":""Os reservatórios não apresentam fissuras, infiltrações ou vazamentos nas paredes ou teto""},{""id"":""cc2375f1-d2eb-4514-b676-8cedfda464e8"",""ativo"":true,""ordem"":8,""gera_nc"":true,""pergunta"":""A tampa de inspeção está vedada e com cadeado?"",""texto_nc"":""30"",""is_sample"":false,""created_at"":""2026-03-19T13:32:46.832291+00:00"",""created_by"":null,""prazo_dias"":30,""created_date"":""2026-03-19T13:32:46.832291+00:00"",""updated_date"":""2026-03-19T13:32:46.832291+00:00"",""created_by_id"":null,""artigo_portaria"":""art. 24, inciso VII da Portaria AGEMS nº 321/25"",""tipo_unidade_id"":""dd963fa0-6f52-4509-9ddf-9206665cd706"",""texto_determinacao"":""apresentar registros fotográficos das tampas do reservatório devidamente vedadas e com cadeado"",""texto_recomendacao"":"""",""texto_constatacao_nao"":""A tampa de inspeção não está vedada ou sem cadeado"",""texto_constatacao_sim"":""A tampa de inspeção está vedada e com cadeado""},{""id"":""062bb9b9-3c6c-4284-84f5-e4172bf2cf8e"",""ativo"":true,""ordem"":9,""gera_nc"":true,""pergunta"":""Os suspiros possuem telas contra insetos/animais?"",""texto_nc"":""30"",""is_sample"":false,""created_at"":""2026-03-19T13:32:46.832291+00:00"",""created_by"":null,""prazo_dias"":30,""created_date"":""2026-03-19T13:32:46.832291+00:00"",""updated_date"":""2026-03-19T13:32:46.832291+00:00"",""created_by_id"":null,""artigo_portaria"":""art. 24, inciso VII da Portaria AGEMS nº 321/25"",""tipo_unidade_id"":""dd963fa0-6f52-4509-9ddf-9206665cd706"",""texto_determinacao"":""apresentar registros fotográficos dos suspiros com telas de proteção"",""texto_recomendacao"":"""",""texto_constatacao_nao"":""Os suspiros não possuem telas contra insetos/animais"",""texto_constatacao_sim"":""Os suspiros possuem telas contra insetos/animais""},{""id"":""cc28b8b6-e44f-496f-bc3b-9ff05fedf6f1"",""ativo"":true,""ordem"":10,""gera_nc"":true,""pergunta"":""Existe registro da última limpeza e desinfecção do reservatório (prazo de 6 meses)"",""texto_nc"":""30"",""is_sample"":false,""created_at"":""2026-03-19T13:32:46.832291+00:00"",""created_by"":null,""prazo_dias"":30,""created_date"":""2026-03-19T13:32:46.832291+00:00"",""updated_date"":""2026-03-19T13:32:46.832291+00:00"",""created_by_id"":null,""artigo_portaria"":""art. 26, inciso VII da Portaria AGEMS nº 321/25"",""tipo_unidade_id"":""dd963fa0-6f52-4509-9ddf-9206665cd706"",""texto_determinacao"":""apresentar registro de limpeza e desinfecção do reservatório. Apresentar cronograma de limpeza para os próximos 2 anos"",""texto_recomendacao"":"""",""texto_constatacao_nao"":""A unidade não possui registro de limpeza e desinfecção do reservatório"",""texto_constatacao_sim"":""A unidade possui registro de limpezas e desinfecção do reservatório""},{""id"":""9a90aa1f-7e58-4755-89da-b210aeec086e"",""ativo"":true,""ordem"":11,""gera_nc"":true,""pergunta"":""As escadas de acesso estão em boas condições de uso e operação?"",""texto_nc"":""30"",""is_sample"":false,""created_at"":""2026-03-19T13:32:46.832291+00:00"",""created_by"":null,""prazo_dias"":30,""created_date"":""2026-03-19T13:32:46.832291+00:00"",""updated_date"":""2026-03-19T13:32:46.832291+00:00"",""created_by_id"":null,""artigo_portaria"":""art. 24, inciso VII da Portaria AGEMS nº 321/25"",""tipo_unidade_id"":""dd963fa0-6f52-4509-9ddf-9206665cd706"",""texto_determinacao"":""apresentar registros fotográficos comprovando as adequações nas escadas de acesso"",""texto_recomendacao"":"""",""texto_constatacao_nao"":""As escadas de acesso não possuem boas condições de uso e operação"",""texto_constatacao_sim"":""As escadas de acesso estão em boas condições de uso e operação""},{""id"":""a023ac40-8673-4d88-9d9e-02eb2e8cdc1d"",""ativo"":true,""ordem"":12,""gera_nc"":true,""pergunta"":""Os guarda-corpos estão em boas condições de uso e operação?"",""texto_nc"":""30"",""is_sample"":false,""created_at"":""2026-03-19T13:32:46.832291+00:00"",""created_by"":null,""prazo_dias"":30,""created_date"":""2026-03-19T13:32:46.832291+00:00"",""updated_date"":""2026-03-19T13:32:46.832291+00:00"",""created_by_id"":null,""artigo_portaria"":""art. 24, inciso VII da Portaria AGEMS nº 321/25"",""tipo_unidade_id"":""dd963fa0-6f52-4509-9ddf-9206665cd706"",""texto_determinacao"":""apresentar registros fotográficos comprovando as adequações nos guarda-corpos"",""texto_recomendacao"":"""",""texto_constatacao_nao"":""Os guarda-corpos não possuem boas condições de uso e operação"",""texto_constatacao_sim"":""Os guarda-corpos estão em boas condições de uso e operação""},{""id"":""0bab4777-2459-47b7-9370-f56b0cf74203"",""ativo"":true,""ordem"":13,""gera_nc"":true,""pergunta"":""A pintura da unidade em geral, está em boas condições?"",""texto_nc"":""30"",""is_sample"":false,""created_at"":""2026-03-19T13:32:46.832291+00:00"",""created_by"":null,""prazo_dias"":30,""created_date"":""2026-03-19T13:32:46.832291+00:00"",""updated_date"":""2026-03-19T13:32:46.832291+00:00"",""created_by_id"":null,""artigo_portaria"":""art. 24, inciso VI da Portaria AGEMS nº 321/25"",""tipo_unidade_id"":""dd963fa0-6f52-4509-9ddf-9206665cd706"",""texto_determinacao"":""apresentar registros fotgoráficos de que a pintura está em boas condições de manutenção"",""texto_recomendacao"":"""",""texto_constatacao_nao"":""A pintura da unidade necessita de reparos"",""texto_constatacao_sim"":""A pintura da unidade, em geral, está em boas condições""},{""id"":""44014ce5-c0ad-492c-80a6-240530017fad"",""ativo"":true,""ordem"":1,""gera_nc"":true,""pergunta"":""Possui identificação ID?"",""texto_nc"":""30"",""is_sample"":false,""created_at"":""2026-03-19T13:32:51.16104+00:00"",""created_by"":null,""prazo_dias"":30,""created_date"":""2026-03-19T13:32:51.16104+00:00"",""updated_date"":""2026-03-19T13:32:51.16104+00:00"",""created_by_id"":null,""artigo_portaria"":""art. 24, inciso VII da Portaria AGEMS nº 321/25"",""tipo_unidade_id"":""37c51dd2-72d4-4e2c-8133-91dd037af92b"",""texto_determinacao"":""apresentar registros fotográficos comprovando que possui identificação adequada"",""texto_recomendacao"":"""",""texto_constatacao_nao"":""Não possui identificação adequada"",""texto_constatacao_sim"":""Possui identificação adequada""},{""id"":""0c6d8ea2-ba89-457e-8c87-cf6ee3a7f5b9"",""ativo"":true,""ordem"":32,""gera_nc"":true,""pergunta"":""A ETA possui iluminação adequada para operações noturnas?"",""texto_nc"":"""",""is_sample"":false,""created_at"":""2026-03-19T13:38:51.523967+00:00"",""created_by"":null,""prazo_dias"":30,""created_date"":""2026-03-19T13:38:51.523967+00:00"",""updated_date"":""2026-03-19T13:38:51.523967+00:00"",""created_by_id"":null,""artigo_portaria"":""art. 112, III da Portaria AGEMs nº 320/2025"",""tipo_unidade_id"":""4543d007-efe7-4abc-beda-ff46725ecdd9"",""texto_determinacao"":"""",""texto_recomendacao"":""prever iluminação adequada para trabalhos noturnos"",""texto_constatacao_nao"":""A ETA não possui iluminação adequada para operações noturnas"",""texto_constatacao_sim"":""A ETA possui iluminação adequada para operações noturnas""},{""id"":""5f22fcef-0c2e-44c7-ac0b-c58e30f44701"",""ativo"":true,""ordem"":2,""gera_nc"":true,""pergunta"":""As bombas dosadoras estão funcionando?"",""texto_nc"":""30"",""is_sample"":false,""created_at"":""2026-03-19T13:32:51.16104+00:00"",""created_by"":null,""prazo_dias"":30,""created_date"":""2026-03-19T13:32:51.16104+00:00"",""updated_date"":""2026-03-19T13:32:51.16104+00:00"",""created_by_id"":null,""artigo_portaria"":""art. 24, inciso VII da Portaria AGEMS nº 321/25"",""tipo_unidade_id"":""37c51dd2-72d4-4e2c-8133-91dd037af92b"",""texto_determinacao"":""apresentar justificativa técnica, documentos comprobatórios ou Plano de Ação (se for o caso) para comprovar que as manutenções preventivas/corretivas foram realizadas nos equipamentos de análises da ETA"",""texto_recomendacao"":"""",""texto_constatacao_nao"":""As bombas dosadoras não operam de forma adequada e satisfatória"",""texto_constatacao_sim"":""As bombas dosadoras operam de forma adequada e satisfatória""},{""id"":""01fc5aad-c700-44a5-a662-010786dd9fce"",""ativo"":true,""ordem"":3,""gera_nc"":true,""pergunta"":""Existe bomba reserva (backup) instalada ou no local?"",""texto_nc"":""30"",""is_sample"":false,""created_at"":""2026-03-19T13:32:51.16104+00:00"",""created_by"":null,""prazo_dias"":30,""created_date"":""2026-03-19T13:32:51.16104+00:00"",""updated_date"":""2026-03-19T13:32:51.16104+00:00"",""created_by_id"":null,""artigo_portaria"":""art. 26, inciso VII da Portaria AGEMS nº 321/25"",""tipo_unidade_id"":""37c51dd2-72d4-4e2c-8133-91dd037af92b"",""texto_determinacao"":""apresentar instruções de trabalho, registros de atividades ou documento similar que comprove que o sistema possui planos de ação para a operação em caso de falhas do sistema motobomba dosador"",""texto_recomendacao"":"""",""texto_constatacao_nao"":""Não há sistema de backup em caso de falha do conjunto motobomba dosador"",""texto_constatacao_sim"":""Há sistema de reserva ou backup em caso de falha co conjunto motobomba dosador""},{""id"":""20749d8f-ed1a-4b91-ad28-0a04a5b7175e"",""ativo"":true,""ordem"":4,""gera_nc"":true,""pergunta"":""O dosador está intertravado com a bomba do poço/elevatória (para evitar supercloração ou falta de cloro)?"",""texto_nc"":""30"",""is_sample"":false,""created_at"":""2026-03-19T13:32:51.16104+00:00"",""created_by"":null,""prazo_dias"":30,""created_date"":""2026-03-19T13:32:51.16104+00:00"",""updated_date"":""2026-03-19T13:32:51.16104+00:00"",""created_by_id"":null,""artigo_portaria"":""art. 26, inciso VII da Portaria AGEMS nº 321/25"",""tipo_unidade_id"":""37c51dd2-72d4-4e2c-8133-91dd037af92b"",""texto_determinacao"":""apresentar Plano de Ação para implantação de interligação da bomba dosadora com a bomba do poço ou elevatória, de modo a evitar a supercloração ou a falta de cloro no sistema de abastecimento de água"",""texto_recomendacao"":"""",""texto_constatacao_nao"":""O dosador não está intertravado com a bomba do poço/elevatória, favorecendo a supercloração ou a falta de cloro"",""texto_constatacao_sim"":""O dosador está intertravado com a bomba do poço/elevatória, evitando supercloração ou falta de cloro""},{""id"":""a6513f4c-6e43-4200-b8c1-c226297bc54b"",""ativo"":true,""ordem"":5,""gera_nc"":true,""pergunta"":""O cloro está sendo injetado antes da entrada no reservatório para garantir o tempo de contato?"",""texto_nc"":""30"",""is_sample"":false,""created_at"":""2026-03-19T13:32:51.16104+00:00"",""created_by"":null,""prazo_dias"":30,""created_date"":""2026-03-19T13:32:51.16104+00:00"",""updated_date"":""2026-03-19T13:32:51.16104+00:00"",""created_by_id"":null,""artigo_portaria"":""art. 26, inciso VII da Portaria AGEMS nº 321/25"",""tipo_unidade_id"":""37c51dd2-72d4-4e2c-8133-91dd037af92b"",""texto_determinacao"":""apresentar Plano de Ação para implantação de nedidas que visem injetar o cloro antes da entrada no reservatório, de modo a garantir o adequado tempo de contato"",""texto_recomendacao"":"""",""texto_constatacao_nao"":""O cloro não é injetado antes da entrada no reservatório, prejudicando o tempo de contato adequado"",""texto_constatacao_sim"":""O cloro é injetado antes da entrada no reservatório, garantindo o tempo de contato adequado""},{""id"":""966affc7-6eee-42c5-9f4f-b042022ecb97"",""ativo"":true,""ordem"":33,""gera_nc"":true,""pergunta"":""A ETA possui iluminação/equipamentos para situações de emergência?"",""texto_nc"":"""",""is_sample"":false,""created_at"":""2026-03-19T13:38:51.523967+00:00"",""created_by"":null,""prazo_dias"":30,""created_date"":""2026-03-19T13:38:51.523967+00:00"",""updated_date"":""2026-03-19T13:38:51.523967+00:00"",""created_by_id"":null,""artigo_portaria"":""art. 112, IV da Portaria AGEMs nº 320/2025"",""tipo_unidade_id"":""4543d007-efe7-4abc-beda-ff46725ecdd9"",""texto_determinacao"":"""",""texto_recomendacao"":""prever iluminação adequada para emergências"",""texto_constatacao_nao"":""A ETA não possui iluminação/equipamentos para emergências"",""texto_constatacao_sim"":""A ETA possui iluminação/equipamentos para emergências""},{""id"":""be0eacc7-b4bf-4fef-9836-0eb5aea93c30"",""ativo"":true,""ordem"":1,""gera_nc"":true,""pergunta"":""A unidade possui identificação externa (ID) adequada?"",""texto_nc"":"""",""is_sample"":false,""created_at"":""2026-03-19T13:38:55.948485+00:00"",""created_by"":null,""prazo_dias"":30,""created_date"":""2026-03-19T13:38:55.948485+00:00"",""updated_date"":""2026-03-19T13:38:55.948485+00:00"",""created_by_id"":null,""artigo_portaria"":""art. 112, I da Portaria AGEMS nº 320/2025"",""tipo_unidade_id"":""4796e2cc-ebef-47fa-b53a-1f470e1e70a7"",""texto_determinacao"":"""",""texto_recomendacao"":""Providenciar identificação externa adequada"",""texto_constatacao_nao"":""A unidade não possui identificação externa adequada"",""texto_constatacao_sim"":""A unidade possui identificação externa adequada""},{""id"":""47d0f6a3-4d29-4901-984b-bc0a5f7a7f51"",""ativo"":true,""ordem"":2,""gera_nc"":true,""pergunta"":""A unidade possui cercamento (alambrado/muros) garantindo a segurança?"",""texto_nc"":"""",""is_sample"":false,""created_at"":""2026-03-19T13:38:55.948485+00:00"",""created_by"":null,""prazo_dias"":30,""created_date"":""2026-03-19T13:38:55.948485+00:00"",""updated_date"":""2026-03-19T13:38:55.948485+00:00"",""created_by_id"":null,""artigo_portaria"":""art. 112, II da Portaria AGEMS nº 320/2025"",""tipo_unidade_id"":""4796e2cc-ebef-47fa-b53a-1f470e1e70a7"",""texto_determinacao"":"""",""texto_recomendacao"":""Instalar alambrado, muros ou materiais equivalentes de modo que a unidade não permita acesso de pessoas não autorizadas"",""texto_constatacao_nao"":""A unidade não possui cercamento adequado"",""texto_constatacao_sim"":""A unidade possui cercamento adequado""},{""id"":""bf5b1acb-9882-4e43-ab3e-5d794e700bf1"",""ativo"":true,""ordem"":3,""gera_nc"":true,""pergunta"":""Os portões possuem cadeados e garantem a segurança?"",""texto_nc"":"""",""is_sample"":false,""created_at"":""2026-03-19T13:38:55.948485+00:00"",""created_by"":null,""prazo_dias"":30,""created_date"":""2026-03-19T13:38:55.948485+00:00"",""updated_date"":""2026-03-19T13:38:55.948485+00:00"",""created_by_id"":null,""artigo_portaria"":""art. 112, II da Portaria AGEMS nº 320/2025"",""tipo_unidade_id"":""4796e2cc-ebef-47fa-b53a-1f470e1e70a7"",""texto_determinacao"":"""",""texto_recomendacao"":""Utilizar cadeado nos portões, para evitar o acesso de pessoas não autorizadas"",""texto_constatacao_nao"":""Os portões não possuem cadeados"",""texto_constatacao_sim"":""Os portões possuem cadeados""},{""id"":""2dcbf2f7-f665-4c4c-8b6a-d650b1fc9eb2"",""ativo"":true,""ordem"":4,""gera_nc"":true,""pergunta"":""A unidade possui sinalização de 'Entrada Proibida'?"",""texto_nc"":"""",""is_sample"":false,""created_at"":""2026-03-19T13:38:55.948485+00:00"",""created_by"":null,""prazo_dias"":30,""created_date"":""2026-03-19T13:38:55.948485+00:00"",""updated_date"":""2026-03-19T13:38:55.948485+00:00"",""created_by_id"":null,""artigo_portaria"":""art. 113 da Portaria AGEMS nº 320/2025"",""tipo_unidade_id"":""4796e2cc-ebef-47fa-b53a-1f470e1e70a7"",""texto_determinacao"":"""",""texto_recomendacao"":""Identificar, com placa, de que é proibida a entrada de pessoas não autorizadas"",""texto_constatacao_nao"":""A unidade não possui sinalização de 'Entrada Proibida'"",""texto_constatacao_sim"":""A unidade possui sinalização de 'Entrada Proibida'""},{""id"":""36df9327-2de4-46f6-be3f-4be0ad5e68e6"",""ativo"":true,""ordem"":5,""gera_nc"":true,""pergunta"":""O entorno das unidades está roçado e livre de entulhos?"",""texto_nc"":"""",""is_sample"":false,""created_at"":""2026-03-19T13:38:55.948485+00:00"",""created_by"":null,""prazo_dias"":30,""created_date"":""2026-03-19T13:38:55.948485+00:00"",""updated_date"":""2026-03-19T13:38:55.948485+00:00"",""created_by_id"":null,""artigo_portaria"":""art. 111 da Portaria AGEMS nº 320/2025"",""tipo_unidade_id"":""4796e2cc-ebef-47fa-b53a-1f470e1e70a7"",""texto_determinacao"":"""",""texto_recomendacao"":""Manter o entorno das unidades limpo e conservado"",""texto_constatacao_nao"":""O entorno das unidades não está roçado ou possui entulhos"",""texto_constatacao_sim"":""O entorno das unidades está roçado e livre de entulhos""},{""id"":""0b67b921-d111-4bef-8be8-160608669f63"",""ativo"":true,""ordem"":6,""gera_nc"":true,""pergunta"":""O entorno das unidades está livre de vazamentos aparentes?"",""texto_nc"":"""",""is_sample"":false,""created_at"":""2026-03-19T13:38:55.948485+00:00"",""created_by"":null,""prazo_dias"":30,""created_date"":""2026-03-19T13:38:55.948485+00:00"",""updated_date"":""2026-03-19T13:38:55.948485+00:00"",""created_by_id"":null,""artigo_portaria"":""art. 116 da Portaria AGEMS nº 320/2025"",""tipo_unidade_id"":""4796e2cc-ebef-47fa-b53a-1f470e1e70a7"",""texto_determinacao"":"""",""texto_recomendacao"":""Sanar todos os vazamentos aparentes"",""texto_constatacao_nao"":""Há vazamentos aparentes no entorno das unidades"",""texto_constatacao_sim"":""O entorno das unidades está livre de vazamentos aparentes""},{""id"":""7c775a44-5a4f-455a-980f-c1a0c4a892df"",""ativo"":true,""ordem"":7,""gera_nc"":true,""pergunta"":""O gradeamento está limpo e opera de maneira adequada?"",""texto_nc"":"""",""is_sample"":false,""created_at"":""2026-03-19T13:38:55.948485+00:00"",""created_by"":null,""prazo_dias"":30,""created_date"":""2026-03-19T13:38:55.948485+00:00"",""updated_date"":""2026-03-19T13:38:55.948485+00:00"",""created_by_id"":null,""artigo_portaria"":""art. 114 da Portaria AGEMS nº 320/2025"",""tipo_unidade_id"":""4796e2cc-ebef-47fa-b53a-1f470e1e70a7"",""texto_determinacao"":"""",""texto_recomendacao"":""Implantar procedimento operacional padrão para a limpeza do tratamento preliminar"",""texto_constatacao_nao"":""Há acúmulo de sólidos no gradeamento, comprometendo o fluxo"",""texto_constatacao_sim"":""O gradeamento está limpo e opera de maneira adequada""},{""id"":""de1d223d-814a-46b4-8829-c8e498109541"",""ativo"":true,""ordem"":8,""gera_nc"":true,""pergunta"":""O desarenador está limpo e opera de maneira adequada?"",""texto_nc"":"""",""is_sample"":false,""created_at"":""2026-03-19T13:38:55.948485+00:00"",""created_by"":null,""prazo_dias"":30,""created_date"":""2026-03-19T13:38:55.948485+00:00"",""updated_date"":""2026-03-19T13:38:55.948485+00:00"",""created_by_id"":null,""artigo_portaria"":""art. 114 da Portaria AGEMS nº 320/2025"",""tipo_unidade_id"":""4796e2cc-ebef-47fa-b53a-1f470e1e70a7"",""texto_determinacao"":"""",""texto_recomendacao"":""Implantar procedimento operacional padrão para a limpeza do tratamento preliminar"",""texto_constatacao_nao"":""Há acúmulo de sólidos no desarenador, comprometendo o fluxo"",""texto_constatacao_sim"":""O desarenador está limpo e opera de maneira adequada""},{""id"":""2e79dad6-7026-48e7-a0f7-3ce8883a7bee"",""ativo"":true,""ordem"":9,""gera_nc"":true,""pergunta"":""O medidor (Calha Parshall ou eletromagnético) está operacional e com leitura atualizada?"",""texto_nc"":"""",""is_sample"":false,""created_at"":""2026-03-19T13:38:55.948485+00:00"",""created_by"":null,""prazo_dias"":30,""created_date"":""2026-03-19T13:38:55.948485+00:00"",""updated_date"":""2026-03-19T13:38:55.948485+00:00"",""created_by_id"":null,""artigo_portaria"":""art. 114 da Portaria AGEMS nº 320/2025"",""tipo_unidade_id"":""4796e2cc-ebef-47fa-b53a-1f470e1e70a7"",""texto_determinacao"":"""",""texto_recomendacao"":""Implantar procedimento operacional padrão para a limpeza do tratamento preliminar"",""texto_constatacao_nao"":""O medidor de vazão não está operando de forma adequada ou não apresenta leitura atualizada"",""texto_constatacao_sim"":""O medidor de vazão está operacional e com leitura atualizada""},{""id"":""c345bb1f-3098-4f01-8f00-8239cdd86f74"",""ativo"":true,""ordem"":10,""gera_nc"":true,""pergunta"":""O perímetro da ETE está livre de exalação de odores fortes?"",""texto_nc"":"""",""is_sample"":false,""created_at"":""2026-03-19T13:38:55.948485+00:00"",""created_by"":null,""prazo_dias"":30,""created_date"":""2026-03-19T13:38:55.948485+00:00"",""updated_date"":""2026-03-19T13:38:55.948485+00:00"",""created_by_id"":null,""artigo_portaria"":""art. 111 da Portaria AGEMS nº 320/2025"",""tipo_unidade_id"":""4796e2cc-ebef-47fa-b53a-1f470e1e70a7"",""texto_determinacao"":"""",""texto_recomendacao"":""Implantar procedimento operacional padrão para evitar a exalação de odores da unidade"",""texto_constatacao_nao"":""Há evidências de exalação excessiva de odores ou reclamações da vizinhança"",""texto_constatacao_sim"":""Não há evidências de exalação excessiva de odores ou reclamações da vizinhança""},{""id"":""b3ef4e43-dad1-45d6-86b8-a274ef08f7b4"",""ativo"":true,""ordem"":11,""gera_nc"":true,""pergunta"":""Existem barreiras vegetais ou sistemas de neutralização?"",""texto_nc"":"""",""is_sample"":false,""created_at"":""2026-03-19T13:38:55.948485+00:00"",""created_by"":null,""prazo_dias"":30,""created_date"":""2026-03-19T13:38:55.948485+00:00"",""updated_date"":""2026-03-19T13:38:55.948485+00:00"",""created_by_id"":null,""artigo_portaria"":""art. 111 da Portaria AGEMS nº 320/2025"",""tipo_unidade_id"":""4796e2cc-ebef-47fa-b53a-1f470e1e70a7"",""texto_determinacao"":"""",""texto_recomendacao"":""Implantar cobertura arbórea no entorno da ETE, para a devida neutralização de odores"",""texto_constatacao_nao"":""Não há barreiras vegetais (cobertura arbórea) para o sistema de neutralização de odores"",""texto_constatacao_sim"":""Há barreiras vegetais (cobertura arbórea) para o sistema de neutralização de odores""},{""id"":""1ebbbee3-2001-47a0-972b-c40328cc4179"",""ativo"":true,""ordem"":12,""gera_nc"":true,""pergunta"":""O material do gradeamento é armazenado adequadamente (caçambas cobertas) até a destinação?"",""texto_nc"":"""",""is_sample"":false,""created_at"":""2026-03-19T13:38:55.948485+00:00"",""created_by"":null,""prazo_dias"":30,""created_date"":""2026-03-19T13:38:55.948485+00:00"",""updated_date"":""2026-03-19T13:38:55.948485+00:00"",""created_by_id"":null,""artigo_portaria"":""art. 119, §2º da Portaria AGEMS nº 320/2025"",""tipo_unidade_id"":""4796e2cc-ebef-47fa-b53a-1f470e1e70a7"",""texto_determinacao"":"""",""texto_recomendacao"":""armazenar e dispor o resíduo sólido do gradeamento de forma ambientalmente adequada"",""texto_constatacao_nao"":""O material do gradeamento não é armazenado de maneira adequada"",""texto_constatacao_sim"":""O material do gradeamento é armazenado de forma ambientalmente adequada""},{""id"":""b5120b87-b89c-406f-bc10-415fd38a74da"",""ativo"":true,""ordem"":1,""gera_nc"":true,""pergunta"":""O armazenamento de materiais é feito de forma adequada e segura?"",""texto_nc"":"""",""is_sample"":false,""created_at"":""2026-03-19T13:38:28.458321+00:00"",""created_by"":null,""prazo_dias"":30,""created_date"":""2026-03-19T13:38:28.458321+00:00"",""updated_date"":""2026-03-19T13:38:28.458321+00:00"",""created_by_id"":null,""artigo_portaria"":""art. 114 da Portaria AGEMS nº 320/25"",""tipo_unidade_id"":""4016f5e0-1b77-4307-b5dc-021fa35c0ea0"",""texto_determinacao"":"""",""texto_recomendacao"":""armazenar os materiais de forma adequada e segura"",""texto_constatacao_nao"":""O armazenamento de materiais não é feito de forma adequada e segura"",""texto_constatacao_sim"":""O armazenamento de materiais é feito de forma adequada e segura""},{""id"":""8fb12612-3f02-4b36-8d12-38d21e914558"",""ativo"":true,""ordem"":2,""gera_nc"":true,""pergunta"":""As tubulações são armazenadas em ambiente coberto, longe da exposição solar?"",""texto_nc"":"""",""is_sample"":false,""created_at"":""2026-03-19T13:38:28.458321+00:00"",""created_by"":null,""prazo_dias"":30,""created_date"":""2026-03-19T13:38:28.458321+00:00"",""updated_date"":""2026-03-19T13:38:28.458321+00:00"",""created_by_id"":null,""artigo_portaria"":""art. 111 da Portaria AGEMS nº 320/25"",""tipo_unidade_id"":""4016f5e0-1b77-4307-b5dc-021fa35c0ea0"",""texto_determinacao"":"""",""texto_recomendacao"":""armazenar as tubulações em ambiente coberto, longe da exposição solar"",""texto_constatacao_nao"":""As tubulações não são armazenadas em ambiente coberto e longe da exposição solar"",""texto_constatacao_sim"":""As tubulações são armazenadas em ambiente coberto e estão longe da exposição solar""},{""id"":""0ba21de9-8c33-4a91-a793-70923764a155"",""ativo"":true,""ordem"":3,""gera_nc"":true,""pergunta"":""Os materiais e equipamentos estão armazenados exclusivamente no interior do almoxarifado?"",""texto_nc"":"""",""is_sample"":false,""created_at"":""2026-03-19T13:38:28.458321+00:00"",""created_by"":null,""prazo_dias"":30,""created_date"":""2026-03-19T13:38:28.458321+00:00"",""updated_date"":""2026-03-19T13:38:28.458321+00:00"",""created_by_id"":null,""artigo_portaria"":""art. 111 da Portaria AGEMS nº 320/25"",""tipo_unidade_id"":""4016f5e0-1b77-4307-b5dc-021fa35c0ea0"",""texto_determinacao"":"""",""texto_recomendacao"":""armazenar todos os materiais dentro do almoxarifado, em ambiente coberto e organizado"",""texto_constatacao_nao"":""Há materiais e/ou equipamentos armazenados fora do almoxarifado"",""texto_constatacao_sim"":""Os materiais e equipamentos estão armazenados dentro do almoxarifado e de forma adequada""},{""id"":""15f10228-72fd-42d4-8e77-fad5bc6ed5bf"",""ativo"":true,""ordem"":4,""gera_nc"":true,""pergunta"":""Recipientes com substâncias perigosas estão corretamente armazenados?"",""texto_nc"":"""",""is_sample"":false,""created_at"":""2026-03-19T13:38:28.458321+00:00"",""created_by"":null,""prazo_dias"":30,""created_date"":""2026-03-19T13:38:28.458321+00:00"",""updated_date"":""2026-03-19T13:38:28.458321+00:00"",""created_by_id"":null,""artigo_portaria"":""art. 111 da Portaria AGEMS nº 320/25"",""tipo_unidade_id"":""4016f5e0-1b77-4307-b5dc-021fa35c0ea0"",""texto_determinacao"":"""",""texto_recomendacao"":""Armazenar todos os recipientes que contenham substâncias perigosas local seguro, correto e adequado"",""texto_constatacao_nao"":""Os recipientes com substâncias perigosas não estão armazenados de forma adequada"",""texto_constatacao_sim"":""Os recipientes com substâncias perigosas estão armazenados de forma adequada""},{""id"":""af52154a-9d98-40bf-a309-6abe80286c6f"",""ativo"":true,""ordem"":5,""gera_nc"":true,""pergunta"":""Os materiais armazenados são suficientes para atender à demanda?"",""texto_nc"":"""",""is_sample"":false,""created_at"":""2026-03-19T13:38:28.458321+00:00"",""created_by"":null,""prazo_dias"":30,""created_date"":""2026-03-19T13:38:28.458321+00:00"",""updated_date"":""2026-03-19T13:38:28.458321+00:00"",""created_by_id"":null,""artigo_portaria"":""art. 114 da Portaria AGEMS nº 320/25"",""tipo_unidade_id"":""4016f5e0-1b77-4307-b5dc-021fa35c0ea0"",""texto_determinacao"":"""",""texto_recomendacao"":""providenciar pedidos de materiais e equipamentos para atender a demanda da unidade"",""texto_constatacao_nao"":""Os materiais armazenados não são suficientes para atender à demanda"",""texto_constatacao_sim"":""Os materiais armazenados são suficientes para atender à demanda""},{""id"":""015bbf29-0507-413c-a8a8-b0151b3e5306"",""ativo"":true,""ordem"":1,""gera_nc"":true,""pergunta"":""O Hipoclorito (Sódio ou Cálcio) está protegido do sol e da chuva?"",""texto_nc"":"""",""is_sample"":false,""created_at"":""2026-03-19T13:38:32.903895+00:00"",""created_by"":null,""prazo_dias"":30,""created_date"":""2026-03-19T13:38:32.903895+00:00"",""updated_date"":""2026-03-19T13:38:32.903895+00:00"",""created_by_id"":null,""artigo_portaria"":""art. 114 da Portaria AGEMS nº 320/2025"",""tipo_unidade_id"":""8f6b15bd-5f49-4c61-b108-75dc27e786f7"",""texto_determinacao"":"""",""texto_recomendacao"":""manter materiais de tratamento da água protegido  em local adequado e seguro"",""texto_constatacao_nao"":""O material utilizado no tratamento de água (hipoclorito de sódio, de cálcio ou gás cloro) não está armazenado de forma adequada, permanecendo exposto ao sol e chuva"",""texto_constatacao_sim"":""O material utilizado no tratamento de água (hipoclorito de sódio, de cálcio ou gás cloro) está armazenado de forma adequada, protegido do sol e da chuva""},{""id"":""df0d1d49-4967-4244-b2a1-4c09ac41d9d2"",""ativo"":true,""ordem"":2,""gera_nc"":true,""pergunta"":""Existe bacia de contenção para os galões de cloro líquido, evitando vazamentos para o solo?"",""texto_nc"":"""",""is_sample"":false,""created_at"":""2026-03-19T13:38:32.903895+00:00"",""created_by"":null,""prazo_dias"":30,""created_date"":""2026-03-19T13:38:32.903895+00:00"",""updated_date"":""2026-03-19T13:38:32.903895+00:00"",""created_by_id"":null,""artigo_portaria"":""art. 111 da Portaria AGEMS nº 320/2025"",""tipo_unidade_id"":""8f6b15bd-5f49-4c61-b108-75dc27e786f7"",""texto_determinacao"":"""",""texto_recomendacao"":""implantar Bacia de Contenção nas áreas de armazenamento de produtos químicos visando a proteção do solo contra contaminação"",""texto_constatacao_nao"":""Não há bacias de contenção para evitar contaminação do solo"",""texto_constatacao_sim"":""Há bacias de contenção para evitar contaminação do solo""},{""id"":""02a50382-a03c-417e-ad45-689ab270178b"",""ativo"":true,""ordem"":3,""gera_nc"":true,""pergunta"":""Os recipientes possuem rótulos com data de validade e concentração?"",""texto_nc"":"""",""is_sample"":false,""created_at"":""2026-03-19T13:38:32.903895+00:00"",""created_by"":null,""prazo_dias"":30,""created_date"":""2026-03-19T13:38:32.903895+00:00"",""updated_date"":""2026-03-19T13:38:32.903895+00:00"",""created_by_id"":null,""artigo_portaria"":""art. 114 da Portaria AGEMS nº 320/2025"",""tipo_unidade_id"":""8f6b15bd-5f49-4c61-b108-75dc27e786f7"",""texto_determinacao"":"""",""texto_recomendacao"":""manter produtos químicos com data de validade vigente"",""texto_constatacao_nao"":""Os recipientes não possuem rótulos com data de validade e concentração"",""texto_constatacao_sim"":""Os recipientes possuem rótulos com data de validade e concentração""},{""id"":""1dfd6182-95f7-43c1-80ad-27a2fbce72b5"",""ativo"":true,""ordem"":4,""gera_nc"":true,""pergunta"":""O operador possui kit de teste (colorímetro) para medir o Cloro Residual Livre (CRL) no local?"",""texto_nc"":"""",""is_sample"":false,""created_at"":""2026-03-19T13:38:32.903895+00:00"",""created_by"":null,""prazo_dias"":30,""created_date"":""2026-03-19T13:38:32.903895+00:00"",""updated_date"":""2026-03-19T13:38:32.903895+00:00"",""created_by_id"":null,""artigo_portaria"":""art. 111 da Portaria AGEMS nº 320/2025"",""tipo_unidade_id"":""8f6b15bd-5f49-4c61-b108-75dc27e786f7"",""texto_determinacao"":"""",""texto_recomendacao"":""manter no local kit de teste para monitorar o cloro residual livre nas Unidades de Tratamento de Água (UTAs)"",""texto_constatacao_nao"":""O operador não possui kit de teste (colorímetro) para medir o Cloro Residual Livre (CRL) no local"",""texto_constatacao_sim"":""O operador possui kit de teste (colorímetro) para medir o Cloro Residual Livre (CRL) no local""},{""id"":""22a824d3-386c-45f7-b2d6-35ea6138ac90"",""ativo"":true,""ordem"":5,""gera_nc"":true,""pergunta"":""Existe planilha de controle diário com os níveis de cloro e o volume de água tratado?"",""texto_nc"":"""",""is_sample"":false,""created_at"":""2026-03-19T13:38:32.903895+00:00"",""created_by"":null,""prazo_dias"":30,""created_date"":""2026-03-19T13:38:32.903895+00:00"",""updated_date"":""2026-03-19T13:38:32.903895+00:00"",""created_by_id"":null,""artigo_portaria"":""art. 111 da Portaria AGEMS nº 320/2025"",""tipo_unidade_id"":""8f6b15bd-5f49-4c61-b108-75dc27e786f7"",""texto_determinacao"":"""",""texto_recomendacao"":""implementar Planilha de Controle Diário e monitorar níveis de cloro e volume de água tratado"",""texto_constatacao_nao"":""Não existe planilha de controle diário com os níveis de cloro e o volume de água tratado"",""texto_constatacao_sim"":""Existe planilha de controle diário com os níveis de cloro e o volume de água tratado""},{""id"":""e18bd082-ee9d-402f-bb78-e756bbd52b0a"",""ativo"":true,""ordem"":6,""gera_nc"":true,""pergunta"":""Estão disponíveis no local equipamentos de proteção (luvas, óculos, avental) para manuseio do cloro?"",""texto_nc"":"""",""is_sample"":false,""created_at"":""2026-03-19T13:38:32.903895+00:00"",""created_by"":null,""prazo_dias"":30,""created_date"":""2026-03-19T13:38:32.903895+00:00"",""updated_date"":""2026-03-19T13:38:32.903895+00:00"",""created_by_id"":null,""artigo_portaria"":""art. 111 da Portaria AGEMS nº 320/2025"",""tipo_unidade_id"":""8f6b15bd-5f49-4c61-b108-75dc27e786f7"",""texto_determinacao"":"""",""texto_recomendacao"":""implementar Equipamentos de Proteção Individual prontos para utilização quando do manuseio dos produtos químicos da UTA"",""texto_constatacao_nao"":""Não há equipamentos de proteção individual ou coletiva utilizados para o manuseio de produtos químicos na UTA"",""texto_constatacao_sim"":""Todos os Equipamentos de Proteção Individual (EPIs) estão disponíveis na UTA prontos para utilização""},{""id"":""d995c954-c3bc-43ca-b7e1-f268abb5a5f8"",""ativo"":true,""ordem"":1,""gera_nc"":true,""pergunta"":""O armazenamento de materiais é feito de forma adequada e segura?"",""texto_nc"":"""",""is_sample"":false,""created_at"":""2026-03-19T13:38:37.458898+00:00"",""created_by"":null,""prazo_dias"":30,""created_date"":""2026-03-19T13:38:37.458898+00:00"",""updated_date"":""2026-03-19T13:38:37.458898+00:00"",""created_by_id"":null,""artigo_portaria"":""art. 111 da Portaria AGEMS nº 320/2025"",""tipo_unidade_id"":""2c0b2df2-fe91-49a3-a87b-c30e3a0f4673"",""texto_determinacao"":"""",""texto_recomendacao"":""manter materiais armazenados de forma adequada e segura"",""texto_constatacao_nao"":""O armazenamento de materiais não é feito de forma adequada e segura"",""texto_constatacao_sim"":""O armazenamento de materiais é feito de forma adequada e segura""},{""id"":""9d542fef-bd0a-4942-803d-a7b931c9b586"",""ativo"":true,""ordem"":2,""gera_nc"":true,""pergunta"":""As tubulações são armazenadas em ambiente coberto, longe da exposição solar?"",""texto_nc"":"""",""is_sample"":false,""created_at"":""2026-03-19T13:38:37.458898+00:00"",""created_by"":null,""prazo_dias"":30,""created_date"":""2026-03-19T13:38:37.458898+00:00"",""updated_date"":""2026-03-19T13:38:37.458898+00:00"",""created_by_id"":null,""artigo_portaria"":""art. 114 da Portaria AGEMS nº 320/2025"",""tipo_unidade_id"":""2c0b2df2-fe91-49a3-a87b-c30e3a0f4673"",""texto_determinacao"":"""",""texto_recomendacao"":""manter tubulações armazenadas em ambiente coberto, longe da exposição solar"",""texto_constatacao_nao"":""As tubulações não são armazenadas em ambiente coberto e longe da exposição solar"",""texto_constatacao_sim"":""As tubulações são armazenadas em ambiente coberto e estão longe da exposição solar""},{""id"":""3de56e89-3a32-4c20-8b07-140d005b0cf4"",""ativo"":true,""ordem"":3,""gera_nc"":true,""pergunta"":""Os materiais e equipamentos estão armazenados exclusivamente no interior do almoxarifado?"",""texto_nc"":"""",""is_sample"":false,""created_at"":""2026-03-19T13:38:37.458898+00:00"",""created_by"":null,""prazo_dias"":30,""created_date"":""2026-03-19T13:38:37.458898+00:00"",""updated_date"":""2026-03-19T13:38:37.458898+00:00"",""created_by_id"":null,""artigo_portaria"":""art. 111 da Portaria AGEMS nº 320/2025"",""tipo_unidade_id"":""2c0b2df2-fe91-49a3-a87b-c30e3a0f4673"",""texto_determinacao"":"""",""texto_recomendacao"":""manter materiais e equipamentos armazenados dentro do almoxarifado"",""texto_constatacao_nao"":""Os materiais e/ou equipamentos estão armazenados fora do almoxarifado"",""texto_constatacao_sim"":""Os materiais e equipamentos estão armazenados dentro do almoxarifado e de forma adequada""},{""id"":""34fef1c2-7cd9-4dcc-9646-02c010d35c5d"",""ativo"":true,""ordem"":4,""gera_nc"":true,""pergunta"":""Recipientes com substâncias perigosas estão corretamente armazenados?"",""texto_nc"":"""",""is_sample"":false,""created_at"":""2026-03-19T13:38:37.458898+00:00"",""created_by"":null,""prazo_dias"":30,""created_date"":""2026-03-19T13:38:37.458898+00:00"",""updated_date"":""2026-03-19T13:38:37.458898+00:00"",""created_by_id"":null,""artigo_portaria"":""art. 114 da Portaria AGEMS nº 320/2025"",""tipo_unidade_id"":""2c0b2df2-fe91-49a3-a87b-c30e3a0f4673"",""texto_determinacao"":"""",""texto_recomendacao"":""manter recipientes com substâncias perigosas armazenados de forma adequada e segura"",""texto_constatacao_nao"":""Os recipientes com substâncias perigosas não estão armazenados de forma adequada"",""texto_constatacao_sim"":""Os recipientes com substâncias perigosas estão armazenados de forma adequada""},{""id"":""1882719f-c4f8-46c6-89ed-f7fcbbb6b859"",""ativo"":true,""ordem"":5,""gera_nc"":true,""pergunta"":""Os materiais armazenados são suficientes para atender à demanda?"",""texto_nc"":"""",""is_sample"":false,""created_at"":""2026-03-19T13:38:37.458898+00:00"",""created_by"":null,""prazo_dias"":30,""created_date"":""2026-03-19T13:38:37.458898+00:00"",""updated_date"":""2026-03-19T13:38:37.458898+00:00"",""created_by_id"":null,""artigo_portaria"":""art. 114 da Portaria AGEMS nº 320/2025"",""tipo_unidade_id"":""2c0b2df2-fe91-49a3-a87b-c30e3a0f4673"",""texto_determinacao"":"""",""texto_recomendacao"":""manter materiais armazenados suficientes para a demanda operacional do município"",""texto_constatacao_nao"":""Os materiais armazenados não são suficientes para atender à demanda"",""texto_constatacao_sim"":""Os materiais armazenados são suficientes para atender à demanda""},{""id"":""50015233-f38c-4470-9e61-99b5a934ef5b"",""ativo"":true,""ordem"":1,""gera_nc"":true,""pergunta"":""A unidade possui cercamento, portões com cadeados e sinalização de \""Entrada Proibida\""?"",""texto_nc"":"""",""is_sample"":false,""created_at"":""2026-03-19T13:38:41.955676+00:00"",""created_by"":null,""prazo_dias"":30,""created_date"":""2026-03-19T13:38:41.955676+00:00"",""updated_date"":""2026-03-19T13:38:41.955676+00:00"",""created_by_id"":null,""artigo_portaria"":""art. 112, inciso II da Portaria AGEMS nº 320/2025"",""tipo_unidade_id"":""9b54adaa-ebb5-4a76-b685-1613e29aaba0"",""texto_determinacao"":"""",""texto_recomendacao"":""manter unidade cercada com alambrado, muros ou materiais equivalentes, bem como cadeados nos portões"",""texto_constatacao_nao"":""A unidade não possui cercamento ou portões com cadeados, favorecendo a insegurança patrimonial"",""texto_constatacao_sim"":""A unidade possui cercamento e portões com cadeados, garantindo a segurança""},{""id"":""553c7f24-e8f1-4a21-b734-bb7ea7257386"",""ativo"":true,""ordem"":2,""gera_nc"":true,""pergunta"":""Há proteção contra erosão e entrada de animais/detritos? (Proteção do Manancial)"",""texto_nc"":"""",""is_sample"":false,""created_at"":""2026-03-19T13:38:41.955676+00:00"",""created_by"":null,""prazo_dias"":30,""created_date"":""2026-03-19T13:38:41.955676+00:00"",""updated_date"":""2026-03-19T13:38:41.955676+00:00"",""created_by_id"":null,""artigo_portaria"":""art. 123, §2º da Portaria AGEMS nº 320/2025"",""tipo_unidade_id"":""9b54adaa-ebb5-4a76-b685-1613e29aaba0"",""texto_determinacao"":"""",""texto_recomendacao"":""prever proteção adequada do manancial, de modo a garantir a segurança hídrica do sistema de abastecimento do município"",""texto_constatacao_nao"":""Não há proteção adequada do manancial contra erosão e entrada de animais/detritos"",""texto_constatacao_sim"":""Há proteção adequada do manancial contra erosão e entrada de animais/detritos""},{""id"":""3693bd2b-ee16-4247-90d1-93f61a028997"",""ativo"":true,""ordem"":3,""gera_nc"":true,""pergunta"":""O manancial encontra-se livre de indícios de eutrofização?"",""texto_nc"":"""",""is_sample"":false,""created_at"":""2026-03-19T13:38:41.955676+00:00"",""created_by"":null,""prazo_dias"":30,""created_date"":""2026-03-19T13:38:41.955676+00:00"",""updated_date"":""2026-03-19T13:38:41.955676+00:00"",""created_by_id"":null,""artigo_portaria"":""art. 123 da Portaria AGEMS nº 320/2025"",""tipo_unidade_id"":""9b54adaa-ebb5-4a76-b685-1613e29aaba0"",""texto_determinacao"":"""",""texto_recomendacao"":""implementar medidas para corrigir casos de eutrofização do manancial"",""texto_constatacao_nao"":""Há indícios de eutrofização do manancial"",""texto_constatacao_sim"":""Não há indícios de eutrofização do manancial""},{""id"":""3c78c8f1-bf57-4b2f-b8ba-78e171291479"",""ativo"":true,""ordem"":4,""gera_nc"":true,""pergunta"":""O macromedidor de água bruta está em condições adequadas para a operação?"",""texto_nc"":"""",""is_sample"":false,""created_at"":""2026-03-19T13:38:41.955676+00:00"",""created_by"":null,""prazo_dias"":30,""created_date"":""2026-03-19T13:38:41.955676+00:00"",""updated_date"":""2026-03-19T13:38:41.955676+00:00"",""created_by_id"":null,""artigo_portaria"":""art. 126 da Portaria AGEMS nº 320/2025"",""tipo_unidade_id"":""9b54adaa-ebb5-4a76-b685-1613e29aaba0"",""texto_determinacao"":"""",""texto_recomendacao"":""Manter condições adequadas de operação do macromedidor"",""texto_constatacao_nao"":""O macromedidor de água bruta não está em condições adequadas para a operação"",""texto_constatacao_sim"":""O macromedidor de água bruta está em condições adequadas para a operação""},{""id"":""78b7fa63-02de-4a59-bae6-7b7980a05fd5"",""ativo"":true,""ordem"":5,""gera_nc"":true,""pergunta"":""Há iluminação para trabalhos noturnos?"",""texto_nc"":"""",""is_sample"":false,""created_at"":""2026-03-19T13:38:41.955676+00:00"",""created_by"":null,""prazo_dias"":30,""created_date"":""2026-03-19T13:38:41.955676+00:00"",""updated_date"":""2026-03-19T13:38:41.955676+00:00"",""created_by_id"":null,""artigo_portaria"":""art. 112, inciso III da Portaria AGEMS nº 320/2025"",""tipo_unidade_id"":""9b54adaa-ebb5-4a76-b685-1613e29aaba0"",""texto_determinacao"":"""",""texto_recomendacao"":""prever iluminação para trabalhos noturnos no local"",""texto_constatacao_nao"":""Não há iluminação para trabalhos noturnos"",""texto_constatacao_sim"":""Há iluminação para trabalhos noturnos""},{""id"":""2570adef-bbb6-4e81-a646-aefb9013e654"",""ativo"":true,""ordem"":6,""gera_nc"":true,""pergunta"":""Há guarda-corpo para o acesso ao flutuante?"",""texto_nc"":"""",""is_sample"":false,""created_at"":""2026-03-19T13:38:41.955676+00:00"",""created_by"":null,""prazo_dias"":30,""created_date"":""2026-03-19T13:38:41.955676+00:00"",""updated_date"":""2026-03-19T13:38:41.955676+00:00"",""created_by_id"":null,""artigo_portaria"":""ar. 112, inciso II da Portaria AGEMS nº 320/2025"",""tipo_unidade_id"":""9b54adaa-ebb5-4a76-b685-1613e29aaba0"",""texto_determinacao"":"""",""texto_recomendacao"":""implantar guarda-corpo adequado no acesso ao flutuante da captação"",""texto_constatacao_nao"":""Não há guarda-corpo ou o guarda-corpo não está adequado para o acesso ao flutuante"",""texto_constatacao_sim"":""Há guarda-corpo em estado adequado para o acesso ao flutuante""},{""id"":""40315a09-5929-414e-8bcf-40d983650c43"",""ativo"":true,""ordem"":7,""gera_nc"":true,""pergunta"":""Os conjuntos motobombas operam sem ruído excessivo ou vibração anormal?"",""texto_nc"":"""",""is_sample"":false,""created_at"":""2026-03-19T13:38:41.955676+00:00"",""created_by"":null,""prazo_dias"":30,""created_date"":""2026-03-19T13:38:41.955676+00:00"",""updated_date"":""2026-03-19T13:38:41.955676+00:00"",""created_by_id"":null,""artigo_portaria"":""art. 114 da Portaria AGEMS nº 320/2025"",""tipo_unidade_id"":""9b54adaa-ebb5-4a76-b685-1613e29aaba0"",""texto_determinacao"":"""",""texto_recomendacao"":""realizar manutenções preventivas/corretivas nos conjuntos motobombas"",""texto_constatacao_nao"":""Os conjuntos motobombas apresentam ruído excessivo ou vibração anormal"",""texto_constatacao_sim"":""Os conjuntos motobombas não apresentam ruído excessivo ou vibração anormal""},{""id"":""8e735ff1-5025-49fd-8616-7d032ed4aa00"",""ativo"":true,""ordem"":8,""gera_nc"":true,""pergunta"":""Possui conjunto motobomba reserva?"",""texto_nc"":"""",""is_sample"":false,""created_at"":""2026-03-19T13:38:41.955676+00:00"",""created_by"":null,""prazo_dias"":30,""created_date"":""2026-03-19T13:38:41.955676+00:00"",""updated_date"":""2026-03-19T13:38:41.955676+00:00"",""created_by_id"":null,""artigo_portaria"":""art. 115 da Portaria AGEMS nº 320/2025"",""tipo_unidade_id"":""9b54adaa-ebb5-4a76-b685-1613e29aaba0"",""texto_determinacao"":"""",""texto_recomendacao"":""manter motobomba reserva na Unidade"",""texto_constatacao_nao"":""Não possui conjunto motobomba reserva"",""texto_constatacao_sim"":""Possui conjunto motobomba reserva pronto para utilização""},{""id"":""f994ec84-c7b7-43f3-bfa2-f08ca915df24"",""ativo"":true,""ordem"":10,""gera_nc"":true,""pergunta"":""O Abrigo do Quadro de Comando Elétrico da captação está em bom estado de conservação, uso e operação?"",""texto_nc"":"""",""is_sample"":false,""created_at"":""2026-03-19T13:38:41.955676+00:00"",""created_by"":null,""prazo_dias"":30,""created_date"":""2026-03-19T13:38:41.955676+00:00"",""updated_date"":""2026-03-19T13:38:41.955676+00:00"",""created_by_id"":null,""artigo_portaria"":""art. 114 da Portaria AGEMS nº 320/2025"",""tipo_unidade_id"":""9b54adaa-ebb5-4a76-b685-1613e29aaba0"",""texto_determinacao"":"""",""texto_recomendacao"":""manter o Abrigo do Quadro de Comando Elétrico em bom estado de conservação, uso e operação"",""texto_constatacao_nao"":""O Abrigo do Quadro de Comando Elétrico da captação não está em bom estado de conservação, uso e operação"",""texto_constatacao_sim"":""O Abrigo do Quadro de Comando Elétrico da captação está em bom estado de conservação, uso e operação""},{""id"":""9d9a2616-45d3-4be1-87f1-6df070ad8adb"",""ativo"":true,""ordem"":11,""gera_nc"":true,""pergunta"":""As instalações elétricas da captação estão adequadas?"",""texto_nc"":"""",""is_sample"":false,""created_at"":""2026-03-19T13:38:41.955676+00:00"",""created_by"":null,""prazo_dias"":30,""created_date"":""2026-03-19T13:38:41.955676+00:00"",""updated_date"":""2026-03-19T13:38:41.955676+00:00"",""created_by_id"":null,""artigo_portaria"":""art. 114 da Portaria AGEMS nº 320/2025"",""tipo_unidade_id"":""9b54adaa-ebb5-4a76-b685-1613e29aaba0"",""texto_determinacao"":"""",""texto_recomendacao"":""prever instalações elétricas adequadas para o uso"",""texto_constatacao_nao"":""As instalações elétricas da captação não estão adequadas"",""texto_constatacao_sim"":""As instalações elétricas da captação estão adequadas""},{""id"":""b016e77b-0311-4e92-b256-478ff11a0663"",""ativo"":true,""ordem"":12,""gera_nc"":true,""pergunta"":""As condições do quadro de comando estão em bom estado de uso, segurança e operação?"",""texto_nc"":"""",""is_sample"":false,""created_at"":""2026-03-19T13:38:41.955676+00:00"",""created_by"":null,""prazo_dias"":30,""created_date"":""2026-03-19T13:38:41.955676+00:00"",""updated_date"":""2026-03-19T13:38:41.955676+00:00"",""created_by_id"":null,""artigo_portaria"":""art. 114 da Portaria AGEMS nº 320/2025"",""tipo_unidade_id"":""9b54adaa-ebb5-4a76-b685-1613e29aaba0"",""texto_determinacao"":"""",""texto_recomendacao"":""manter Quadro de Comenado Elétrico em bom estado de segurança"",""texto_constatacao_nao"":""As condições do quadro de comando não estão em bom estado de uso, segurança e operação"",""texto_constatacao_sim"":""As condições do quadro de comando estão em bom estado de uso, segurança e operação""},{""id"":""0b403dd5-ced0-44c9-90ee-d1c20337529b"",""ativo"":true,""ordem"":1,""gera_nc"":true,""pergunta"":""A unidade possui identificação externa (ID) adequada?"",""texto_nc"":"""",""is_sample"":false,""created_at"":""2026-03-19T13:38:46.561848+00:00"",""created_by"":null,""prazo_dias"":30,""created_date"":""2026-03-19T13:38:46.561848+00:00"",""updated_date"":""2026-03-19T13:38:46.561848+00:00"",""created_by_id"":null,""artigo_portaria"":""art. 112, inciso I da Portaria AGEMS nº 320/2025"",""tipo_unidade_id"":""5f906f5a-c490-4a4d-ba09-555f544c5810"",""texto_determinacao"":"""",""texto_recomendacao"":""providenciar identificação externa adequada"",""texto_constatacao_nao"":""A unidade não possui identificação externa adequada"",""texto_constatacao_sim"":""A unidade possui identificação externa adequada""},{""id"":""d86e58da-227e-4eeb-a597-e675163bc550"",""ativo"":true,""ordem"":2,""gera_nc"":true,""pergunta"":""A unidade possui cercamento (alambrado/muros) garantindo a segurança?"",""texto_nc"":"""",""is_sample"":false,""created_at"":""2026-03-19T13:38:46.561848+00:00"",""created_by"":null,""prazo_dias"":30,""created_date"":""2026-03-19T13:38:46.561848+00:00"",""updated_date"":""2026-03-19T13:38:46.561848+00:00"",""created_by_id"":null,""artigo_portaria"":""art. 112, inciso II da Portaria AGEMS nº 320/2025"",""tipo_unidade_id"":""5f906f5a-c490-4a4d-ba09-555f544c5810"",""texto_determinacao"":"""",""texto_recomendacao"":""providenciar cercamento, alambrado, muros ou equivalentes de modo que haja segurança da unidade operacional"",""texto_constatacao_nao"":""A unidade não possui cercamento adequado, favorecendo a insegurança"",""texto_constatacao_sim"":""A unidade possui cercamento adequado""},{""id"":""6b5a9954-9687-41ca-b428-63d9a452146c"",""ativo"":true,""ordem"":3,""gera_nc"":true,""pergunta"":""Os portões possuem cadeados e garantem a segurança?"",""texto_nc"":"""",""is_sample"":false,""created_at"":""2026-03-19T13:38:46.561848+00:00"",""created_by"":null,""prazo_dias"":30,""created_date"":""2026-03-19T13:38:46.561848+00:00"",""updated_date"":""2026-03-19T13:38:46.561848+00:00"",""created_by_id"":null,""artigo_portaria"":""art. 112, inciso II da Portaria AGEMS nº 320/2025"",""tipo_unidade_id"":""5f906f5a-c490-4a4d-ba09-555f544c5810"",""texto_determinacao"":"""",""texto_recomendacao"":""prever cadeados para fortalecer a segurança da unidade operacional"",""texto_constatacao_nao"":""Os portões não possuem cadeados, favorecendo a insegurança"",""texto_constatacao_sim"":""Os portões possuem cadeados, garantindo a segurança""},{""id"":""c5f0e2d2-8d3c-48d6-a591-2a6af92cca44"",""ativo"":true,""ordem"":4,""gera_nc"":true,""pergunta"":""A unidade possui sinalização de 'Entrada Proibida'?"",""texto_nc"":"""",""is_sample"":false,""created_at"":""2026-03-19T13:38:46.561848+00:00"",""created_by"":null,""prazo_dias"":30,""created_date"":""2026-03-19T13:38:46.561848+00:00"",""updated_date"":""2026-03-19T13:38:46.561848+00:00"",""created_by_id"":null,""artigo_portaria"":""art. 113 da Portaria AGEMS nº 320/2025"",""tipo_unidade_id"":""5f906f5a-c490-4a4d-ba09-555f544c5810"",""texto_determinacao"":"""",""texto_recomendacao"":""provdenciar sinalização de \""Entrada Proibida\"""",""texto_constatacao_nao"":""A unidade não possui sinalização de 'Entrada Proibida'"",""texto_constatacao_sim"":""A unidade possui sinalização de 'Entrada Proibida'""},{""id"":""6977b7fe-8fe0-4ab6-8eb1-0f3a6a1e09f5"",""ativo"":true,""ordem"":5,""gera_nc"":true,""pergunta"":""O entorno das unidades está roçado e livre de entulhos?"",""texto_nc"":"""",""is_sample"":false,""created_at"":""2026-03-19T13:38:46.561848+00:00"",""created_by"":null,""prazo_dias"":30,""created_date"":""2026-03-19T13:38:46.561848+00:00"",""updated_date"":""2026-03-19T13:38:46.561848+00:00"",""created_by_id"":null,""artigo_portaria"":""art. 111 da Portaria AGEMS nº 320/2025"",""tipo_unidade_id"":""5f906f5a-c490-4a4d-ba09-555f544c5810"",""texto_determinacao"":"""",""texto_recomendacao"":""manter a área e o entorno roçado e livre de entulhos"",""texto_constatacao_nao"":""O entorno das unidades não está roçado ou possui entulhos"",""texto_constatacao_sim"":""O entorno das unidades está roçado e livre de entulhos""},{""id"":""5396e943-e9a3-4044-a3ef-e6f74055917c"",""ativo"":true,""ordem"":6,""gera_nc"":true,""pergunta"":""O entorno das unidades está livre de vazamentos aparentes?"",""texto_nc"":"""",""is_sample"":false,""created_at"":""2026-03-19T13:38:46.561848+00:00"",""created_by"":null,""prazo_dias"":30,""created_date"":""2026-03-19T13:38:46.561848+00:00"",""updated_date"":""2026-03-19T13:38:46.561848+00:00"",""created_by_id"":null,""artigo_portaria"":""art. 116 da Portaria AGEMS nº 320/2025"",""tipo_unidade_id"":""5f906f5a-c490-4a4d-ba09-555f544c5810"",""texto_determinacao"":"""",""texto_recomendacao"":""extiguir todos os vazamentos encontrados"",""texto_constatacao_nao"":""Há vazamentos aparentes no entorno das unidades"",""texto_constatacao_sim"":""O entorno das unidades está livre de vazamentos aparentes""},{""id"":""2523d356-82ef-4685-98fe-0208db87e03a"",""ativo"":true,""ordem"":7,""gera_nc"":true,""pergunta"":""A unidade encontra-se livre de exalação excessiva de odores ou reclamações da vizinhança?"",""texto_nc"":"""",""is_sample"":false,""created_at"":""2026-03-19T13:38:46.561848+00:00"",""created_by"":null,""prazo_dias"":30,""created_date"":""2026-03-19T13:38:46.561848+00:00"",""updated_date"":""2026-03-19T13:38:46.561848+00:00"",""created_by_id"":null,""artigo_portaria"":""art. 111 da Portaria AGEMS nº 320/2025"",""tipo_unidade_id"":""5f906f5a-c490-4a4d-ba09-555f544c5810"",""texto_determinacao"":"""",""texto_recomendacao"":""prever mitigação dos odores causados pela EEE"",""texto_constatacao_nao"":""Há evidências de exalação excessiva de odores ou reclamações da vizinhança"",""texto_constatacao_sim"":""Não há evidências de exalação excessiva de odores ou reclamações da vizinhança""},{""id"":""845464f5-27e9-45a7-85d5-48698a4227fd"",""ativo"":true,""ordem"":8,""gera_nc"":true,""pergunta"":""O gradeamento está limpo e opera de maneira adequada?"",""texto_nc"":"""",""is_sample"":false,""created_at"":""2026-03-19T13:38:46.561848+00:00"",""created_by"":null,""prazo_dias"":30,""created_date"":""2026-03-19T13:38:46.561848+00:00"",""updated_date"":""2026-03-19T13:38:46.561848+00:00"",""created_by_id"":null,""artigo_portaria"":""art. 111 da Portaria AGEMS nº 320/2025"",""tipo_unidade_id"":""5f906f5a-c490-4a4d-ba09-555f544c5810"",""texto_determinacao"":"""",""texto_recomendacao"":""o gradeamento deve operar sem acúmulo de sólidos, devendo ser limpo periodicamente conforme demanda"",""texto_constatacao_nao"":""Há acúmulo de sólidos no gradeamento, comprometendo o fluxo"",""texto_constatacao_sim"":""O gradeamento está limpo e opera de maneira adequada""},{""id"":""04d5787f-e8ce-4641-9477-4236c26ed390"",""ativo"":true,""ordem"":9,""gera_nc"":true,""pergunta"":""O desarenador (caixa de areia) está limpo e opera de maneira adequada?"",""texto_nc"":"""",""is_sample"":false,""created_at"":""2026-03-19T13:38:46.561848+00:00"",""created_by"":null,""prazo_dias"":30,""created_date"":""2026-03-19T13:38:46.561848+00:00"",""updated_date"":""2026-03-19T13:38:46.561848+00:00"",""created_by_id"":null,""artigo_portaria"":""art. 111 da Portaria AGEMS nº 320/2025"",""tipo_unidade_id"":""5f906f5a-c490-4a4d-ba09-555f544c5810"",""texto_determinacao"":"""",""texto_recomendacao"":""o desarenador deve operar sem acúmulo de sólidos, devendo ser limpo periodicamente conforme demanda"",""texto_constatacao_nao"":""Há acúmulo de sólidos no desarenador, comprometendo o fluxo"",""texto_constatacao_sim"":""O desarenador está limpo e opera de maneira adequada""},{""id"":""39db847c-6f0c-4696-affb-56968b484e7e"",""ativo"":true,""ordem"":10,""gera_nc"":true,""pergunta"":""O material do gradeamento é armazenado em caçambas até a destinação final?"",""texto_nc"":"""",""is_sample"":false,""created_at"":""2026-03-19T13:38:46.561848+00:00"",""created_by"":null,""prazo_dias"":30,""created_date"":""2026-03-19T13:38:46.561848+00:00"",""updated_date"":""2026-03-19T13:38:46.561848+00:00"",""created_by_id"":null,""artigo_portaria"":""art. 119 da Portaria AGEMS nº 320/2025"",""tipo_unidade_id"":""5f906f5a-c490-4a4d-ba09-555f544c5810"",""texto_determinacao"":"""",""texto_recomendacao"":""o material do gradeamento deve ser armazenado de forma correta até a destinação final ambientalmente adequada"",""texto_constatacao_nao"":""O material do gradeamento não é armazenado de maneira adequada, permanecendo exposto sem nenhum tratamento"",""texto_constatacao_sim"":""O material do gradeamento é armazenado de forma correta e adequada até a destinação final""},{""id"":""9bc8174a-1dd8-4111-a1e8-a60abc848f64"",""ativo"":true,""ordem"":11,""gera_nc"":true,""pergunta"":""As tampas de proteção do poço  de sucção estão em boas condições de uso e segurança?"",""texto_nc"":"""",""is_sample"":false,""created_at"":""2026-03-19T13:38:46.561848+00:00"",""created_by"":null,""prazo_dias"":30,""created_date"":""2026-03-19T13:38:46.561848+00:00"",""updated_date"":""2026-03-19T13:38:46.561848+00:00"",""created_by_id"":null,""artigo_portaria"":""art. 318 da Portaria AGEMS nº 320/2025"",""tipo_unidade_id"":""5f906f5a-c490-4a4d-ba09-555f544c5810"",""texto_determinacao"":"""",""texto_recomendacao"":""apresentar tampas de proteção do poço de sucção em bom estado de conservação"",""texto_constatacao_nao"":""As tampas de proteção do poço de sucção não estão em boas condições"",""texto_constatacao_sim"":""As tampas de proteção do poço de sucção estão em boas condições de uso e segurança""},{""id"":""698a3e48-29c8-4cad-a398-33dd068530a3"",""ativo"":true,""ordem"":12,""gera_nc"":true,""pergunta"":""As tampas de proteção do gradeamento estão em boas condições de uso e segurança?"",""texto_nc"":"""",""is_sample"":false,""created_at"":""2026-03-19T13:38:46.561848+00:00"",""created_by"":null,""prazo_dias"":30,""created_date"":""2026-03-19T13:38:46.561848+00:00"",""updated_date"":""2026-03-19T13:38:46.561848+00:00"",""created_by_id"":null,""artigo_portaria"":""art. 111 da Portaria AGEMS nº 320/2025"",""tipo_unidade_id"":""5f906f5a-c490-4a4d-ba09-555f544c5810"",""texto_determinacao"":"""",""texto_recomendacao"":""apresentar tampas de proteção do gradeamento em bom estado de conservação"",""texto_constatacao_nao"":""As tampas de proteção do gradeamento não estão em boas condições"",""texto_constatacao_sim"":""As tampas de proteção do gradeamento estão em boas condições de uso e segurança""},{""id"":""99b8b1b2-6229-46b0-9258-41b7c7b7e73c"",""ativo"":true,""ordem"":13,""gera_nc"":true,""pergunta"":""Os conjuntos motobombas operam sem ruído excessivo ou vibração anormal?"",""texto_nc"":"""",""is_sample"":false,""created_at"":""2026-03-19T13:38:46.561848+00:00"",""created_by"":null,""prazo_dias"":30,""created_date"":""2026-03-19T13:38:46.561848+00:00"",""updated_date"":""2026-03-19T13:38:46.561848+00:00"",""created_by_id"":null,""artigo_portaria"":""art. 114 da Portaria AGEMS nº 320/2025"",""tipo_unidade_id"":""5f906f5a-c490-4a4d-ba09-555f544c5810"",""texto_determinacao"":"""",""texto_recomendacao"":""prever manutenção periódica dos conjuntos motobombas"",""texto_constatacao_nao"":""Os conjuntos motobombas apresentam ruído excessivo ou vibração anormal"",""texto_constatacao_sim"":""Os conjuntos motobombas não apresentam ruído excessivo ou vibração anormal""},{""id"":""1aada901-b174-4af8-9a02-d9c6d1a22356"",""ativo"":true,""ordem"":14,""gera_nc"":true,""pergunta"":""Possui conjunto motobomba reserva?"",""texto_nc"":"""",""is_sample"":false,""created_at"":""2026-03-19T13:38:46.561848+00:00"",""created_by"":null,""prazo_dias"":30,""created_date"":""2026-03-19T13:38:46.561848+00:00"",""updated_date"":""2026-03-19T13:38:46.561848+00:00"",""created_by_id"":null,""artigo_portaria"":""art. 115 da Portaria AGEMS nº 320/2025"",""tipo_unidade_id"":""5f906f5a-c490-4a4d-ba09-555f544c5810"",""texto_determinacao"":"""",""texto_recomendacao"":""prever conjunto motobomba adicional para operar com a motobomba principal"",""texto_constatacao_nao"":""Não possui conjunto motobomba reserva"",""texto_constatacao_sim"":""Possui conjunto motobomba reserva pronto para utilização""},{""id"":""5aa4110c-5369-44d8-ada7-13f883cffcb0"",""ativo"":true,""ordem"":16,""gera_nc"":true,""pergunta"":""Os decantadores estão livres de acúmulo excessivo de lodo?"",""texto_nc"":"""",""is_sample"":false,""created_at"":""2026-03-19T13:38:51.523967+00:00"",""created_by"":null,""prazo_dias"":30,""created_date"":""2026-03-19T13:38:51.523967+00:00"",""updated_date"":""2026-03-19T13:38:51.523967+00:00"",""created_by_id"":null,""artigo_portaria"":""art. 119 da Portaria AGEMs nº 320/2025"",""tipo_unidade_id"":""4543d007-efe7-4abc-beda-ff46725ecdd9"",""texto_determinacao"":"""",""texto_recomendacao"":""implantar procedimento operacional padrão para o correto funcionamento dos Decantadores"",""texto_constatacao_nao"":""Há acúmulo excessivo de lodo que reduz a área útil"",""texto_constatacao_sim"":""Não há acúmulo excessivo de lodo/sedimentos""},{""id"":""2bbe2629-1301-42d8-990d-dfaf4095389d"",""ativo"":true,""ordem"":16,""gera_nc"":true,""pergunta"":""O Abrigo do Quadro de Comando Elétrico está em bom estado de conservação, uso e operação?"",""texto_nc"":"""",""is_sample"":false,""created_at"":""2026-03-19T13:38:46.561848+00:00"",""created_by"":null,""prazo_dias"":30,""created_date"":""2026-03-19T13:38:46.561848+00:00"",""updated_date"":""2026-03-19T13:38:46.561848+00:00"",""created_by_id"":null,""artigo_portaria"":""art. 111 da Portaria AGEMS nº 320/2025"",""tipo_unidade_id"":""5f906f5a-c490-4a4d-ba09-555f544c5810"",""texto_determinacao"":"""",""texto_recomendacao"":""o Abrigo do quadro de comando deve estar em bom estado de conservação, uso e operação"",""texto_constatacao_nao"":""O Abrigo do Quadro de Comando Elétrico da EEE não está em bom estado de conservação, uso e operação"",""texto_constatacao_sim"":""O Abrigo do Quadro de Comando Elétrico da EEE está em bom estado de conservação, uso e operação""},{""id"":""fc8e8701-f2bf-45a6-922a-0f6779525534"",""ativo"":true,""ordem"":17,""gera_nc"":true,""pergunta"":""As instalações elétricas estão adequadas?"",""texto_nc"":"""",""is_sample"":false,""created_at"":""2026-03-19T13:38:46.561848+00:00"",""created_by"":null,""prazo_dias"":30,""created_date"":""2026-03-19T13:38:46.561848+00:00"",""updated_date"":""2026-03-19T13:38:46.561848+00:00"",""created_by_id"":null,""artigo_portaria"":""art. 114 da Portaria AGEMS nº 320/2025"",""tipo_unidade_id"":""5f906f5a-c490-4a4d-ba09-555f544c5810"",""texto_determinacao"":"""",""texto_recomendacao"":""prever instalações elétricas adequadas"",""texto_constatacao_nao"":""As instalações elétricas não estão adequadas"",""texto_constatacao_sim"":""As instalações elétricas estão adequadas""},{""id"":""781b0a52-b20a-41db-9159-201c614cbf24"",""ativo"":true,""ordem"":18,""gera_nc"":true,""pergunta"":""As condições do quadro de comando estão em bom estado de uso, segurança e operação?"",""texto_nc"":"""",""is_sample"":false,""created_at"":""2026-03-19T13:38:46.561848+00:00"",""created_by"":null,""prazo_dias"":30,""created_date"":""2026-03-19T13:38:46.561848+00:00"",""updated_date"":""2026-03-19T13:38:46.561848+00:00"",""created_by_id"":null,""artigo_portaria"":""art. 114 da Portaria AGEMS nº 320/2025"",""tipo_unidade_id"":""5f906f5a-c490-4a4d-ba09-555f544c5810"",""texto_determinacao"":"""",""texto_recomendacao"":""prever quadro de comando elétrico em boas condições para uso e operação"",""texto_constatacao_nao"":""As condições do quadro de comando não estão em bom estado de uso, segurança e operação"",""texto_constatacao_sim"":""As condições do quadro de comando estão em bom estado de uso, segurança e operação""},{""id"":""e325b2e3-7b3e-4e66-b30c-5056e5b6fd9f"",""ativo"":true,""ordem"":19,""gera_nc"":true,""pergunta"":""A unidade encontra-se livre de sinais de extravasamento?"",""texto_nc"":"""",""is_sample"":false,""created_at"":""2026-03-19T13:38:46.561848+00:00"",""created_by"":null,""prazo_dias"":30,""created_date"":""2026-03-19T13:38:46.561848+00:00"",""updated_date"":""2026-03-19T13:38:46.561848+00:00"",""created_by_id"":null,""artigo_portaria"":""art. 116 da Portaria AGEMS nº 320/2025"",""tipo_unidade_id"":""5f906f5a-c490-4a4d-ba09-555f544c5810"",""texto_determinacao"":"""",""texto_recomendacao"":""identificar extravasamentos ocorridos e comprovar que a Não Conformidade foi sanada"",""texto_constatacao_nao"":""Há sinais de extravasametno visíveis dentro da unidade"",""texto_constatacao_sim"":""Não há sinais de extravasamento visíveis dentro da unidade""},{""id"":""b89dc809-d578-4489-ba3f-c6a7f0a17027"",""ativo"":true,""ordem"":1,""gera_nc"":true,""pergunta"":""A unidade possui identificação externa (ID) adequada?"",""texto_nc"":"""",""is_sample"":false,""created_at"":""2026-03-19T13:38:51.523967+00:00"",""created_by"":null,""prazo_dias"":30,""created_date"":""2026-03-19T13:38:51.523967+00:00"",""updated_date"":""2026-03-19T13:38:51.523967+00:00"",""created_by_id"":null,""artigo_portaria"":""art. 112, inciso I da Portaria AGEMs nº 320/2025"",""tipo_unidade_id"":""4543d007-efe7-4abc-beda-ff46725ecdd9"",""texto_determinacao"":"""",""texto_recomendacao"":""providenciar identificação externa adequada e visível"",""texto_constatacao_nao"":""A unidade não possui identificação externa adequada"",""texto_constatacao_sim"":""A unidade possui identificação externa adequada""},{""id"":""5ae71116-8288-49c4-ac5c-2680dd178072"",""ativo"":true,""ordem"":2,""gera_nc"":true,""pergunta"":""A unidade possui cercamento (alambrado/muros) garantindo a segurança?"",""texto_nc"":"""",""is_sample"":false,""created_at"":""2026-03-19T13:38:51.523967+00:00"",""created_by"":null,""prazo_dias"":30,""created_date"":""2026-03-19T13:38:51.523967+00:00"",""updated_date"":""2026-03-19T13:38:51.523967+00:00"",""created_by_id"":null,""artigo_portaria"":""art. 112, inciso II da Portaria AGEMs nº 320/2025"",""tipo_unidade_id"":""4543d007-efe7-4abc-beda-ff46725ecdd9"",""texto_determinacao"":"""",""texto_recomendacao"":""realizar o cercamento adequado através de muros, cercas ou alambrados para evitar o acesso de pessoas não autorizadas"",""texto_constatacao_nao"":""A unidade não possui cercamento adequado"",""texto_constatacao_sim"":""A unidade possui cercamento adequado""},{""id"":""89c3a591-836f-4c30-b7aa-4a8d4e4f20af"",""ativo"":true,""ordem"":3,""gera_nc"":true,""pergunta"":""Os portões possuem cadeados e garantem a segurança?"",""texto_nc"":"""",""is_sample"":false,""created_at"":""2026-03-19T13:38:51.523967+00:00"",""created_by"":null,""prazo_dias"":30,""created_date"":""2026-03-19T13:38:51.523967+00:00"",""updated_date"":""2026-03-19T13:38:51.523967+00:00"",""created_by_id"":null,""artigo_portaria"":""art. 112, inciso II da Portaria AGEMs nº 320/2025"",""tipo_unidade_id"":""4543d007-efe7-4abc-beda-ff46725ecdd9"",""texto_determinacao"":"""",""texto_recomendacao"":""realizar o trancamento dos portões de modo a evitar o acesso de pessoas não autorizadas"",""texto_constatacao_nao"":""Os portões não possuem cadeados"",""texto_constatacao_sim"":""Os portões possuem cadeados""},{""id"":""6e0f6abd-3e16-41cf-a456-90378b3709ac"",""ativo"":true,""ordem"":4,""gera_nc"":true,""pergunta"":""A unidade possui sinalização de 'Entrada Proibida'?"",""texto_nc"":"""",""is_sample"":false,""created_at"":""2026-03-19T13:38:51.523967+00:00"",""created_by"":null,""prazo_dias"":30,""created_date"":""2026-03-19T13:38:51.523967+00:00"",""updated_date"":""2026-03-19T13:38:51.523967+00:00"",""created_by_id"":null,""artigo_portaria"":""art. 113 da Portaria AGEMs nº 320/2025"",""tipo_unidade_id"":""4543d007-efe7-4abc-beda-ff46725ecdd9"",""texto_determinacao"":"""",""texto_recomendacao"":""implantar placa de sinalização \""Entrada Proibida\"""",""texto_constatacao_nao"":""A unidade não possui sinalização de 'Entrada Proibida'"",""texto_constatacao_sim"":""A unidade possui sinalização de 'Entrada Proibida'""},{""id"":""9e644bce-3842-420a-8be8-f722630cada8"",""ativo"":true,""ordem"":5,""gera_nc"":true,""pergunta"":""O entorno das unidades está roçado e livre de entulhos?"",""texto_nc"":"""",""is_sample"":false,""created_at"":""2026-03-19T13:38:51.523967+00:00"",""created_by"":null,""prazo_dias"":30,""created_date"":""2026-03-19T13:38:51.523967+00:00"",""updated_date"":""2026-03-19T13:38:51.523967+00:00"",""created_by_id"":null,""artigo_portaria"":""art. 111 da Portaria AGEMs nº 320/2025"",""tipo_unidade_id"":""4543d007-efe7-4abc-beda-ff46725ecdd9"",""texto_determinacao"":"""",""texto_recomendacao"":""realizar limpeza no entorno da unidade"",""texto_constatacao_nao"":""O entorno das unidades não está roçado ou possui entulhos"",""texto_constatacao_sim"":""O entorno das unidades está roçado e livre de entulhos""},{""id"":""ed1613c3-b1ec-4188-ae11-79a33e00ab60"",""ativo"":true,""ordem"":6,""gera_nc"":true,""pergunta"":""O entorno das unidades está livre de vazamentos aparentes?"",""texto_nc"":"""",""is_sample"":false,""created_at"":""2026-03-19T13:38:51.523967+00:00"",""created_by"":null,""prazo_dias"":30,""created_date"":""2026-03-19T13:38:51.523967+00:00"",""updated_date"":""2026-03-19T13:38:51.523967+00:00"",""created_by_id"":null,""artigo_portaria"":""art. 116 da Portaria AGEMs nº 320/2025"",""tipo_unidade_id"":""4543d007-efe7-4abc-beda-ff46725ecdd9"",""texto_determinacao"":"""",""texto_recomendacao"":""sanar todos os vazamentos aparentes"",""texto_constatacao_nao"":""Há vazamentos aparentes no entorno das unidades"",""texto_constatacao_sim"":""O entorno das unidades está livre de vazamentos aparentes""},{""id"":""bcf72ddb-fb33-4804-b6fe-f2f250a86035"",""ativo"":true,""ordem"":7,""gera_nc"":true,""pergunta"":""Os dosadores estão operacionais?"",""texto_nc"":"""",""is_sample"":false,""created_at"":""2026-03-19T13:38:51.523967+00:00"",""created_by"":null,""prazo_dias"":30,""created_date"":""2026-03-19T13:38:51.523967+00:00"",""updated_date"":""2026-03-19T13:38:51.523967+00:00"",""created_by_id"":null,""artigo_portaria"":""art. 114 da Portaria AGEMs nº 320/2025"",""tipo_unidade_id"":""4543d007-efe7-4abc-beda-ff46725ecdd9"",""texto_determinacao"":"""",""texto_recomendacao"":""realizar manutenções preventivas periódicas nos dosadores de produtos químicos"",""texto_constatacao_nao"":""Os dosadores não funcionam de forma adequada"",""texto_constatacao_sim"":""Os dosadores funcionam de forma adequada""},{""id"":""b8cd0588-d6a4-404a-9c04-277131f60667"",""ativo"":true,""ordem"":8,""gera_nc"":true,""pergunta"":""As linhas de dosagem de coagulante/alcalinizante estão estanques (livres de vazamentos)?"",""texto_nc"":"""",""is_sample"":false,""created_at"":""2026-03-19T13:38:51.523967+00:00"",""created_by"":null,""prazo_dias"":30,""created_date"":""2026-03-19T13:38:51.523967+00:00"",""updated_date"":""2026-03-19T13:38:51.523967+00:00"",""created_by_id"":null,""artigo_portaria"":""art. 116 da Portaria AGEMs nº 320/2025"",""tipo_unidade_id"":""4543d007-efe7-4abc-beda-ff46725ecdd9"",""texto_determinacao"":"""",""texto_recomendacao"":""sanar todos os vazamentos aparentes"",""texto_constatacao_nao"":""Há indícios de vazamentos nas linhas de dosagem"",""texto_constatacao_sim"":""Não há vazamentos aparentes nas linhas de dosagem""},{""id"":""bddb6cbe-28d0-48e4-808e-658fdf1f7bb6"",""ativo"":true,""ordem"":9,""gera_nc"":true,""pergunta"":""Há turbulência visível e adequada na calha Parshall ou misturador para homogeneização do coagulante?"",""texto_nc"":"""",""is_sample"":false,""created_at"":""2026-03-19T13:38:51.523967+00:00"",""created_by"":null,""prazo_dias"":30,""created_date"":""2026-03-19T13:38:51.523967+00:00"",""updated_date"":""2026-03-19T13:38:51.523967+00:00"",""created_by_id"":null,""artigo_portaria"":""art. 114 da Portaria AGEMs nº 320/2025"",""tipo_unidade_id"":""4543d007-efe7-4abc-beda-ff46725ecdd9"",""texto_determinacao"":"""",""texto_recomendacao"":""implantar procedimento operacional padrão para o correto funcionamento da Calha Parshall/Misturador"",""texto_constatacao_nao"":""Não há turbulência visível na Calha Parshall/Misturador para homogeneização do coagulante"",""texto_constatacao_sim"":""Há turbulência visível na Calha Parshall/Misturador para homogeinização do coagulante""},{""id"":""30eecd7a-6aaa-498f-bb88-aa1d68ac8f0e"",""ativo"":true,""ordem"":10,""gera_nc"":true,""pergunta"":""É possível observar visualmente a formação de flocos?"",""texto_nc"":"""",""is_sample"":false,""created_at"":""2026-03-19T13:38:51.523967+00:00"",""created_by"":null,""prazo_dias"":30,""created_date"":""2026-03-19T13:38:51.523967+00:00"",""updated_date"":""2026-03-19T13:38:51.523967+00:00"",""created_by_id"":null,""artigo_portaria"":""art. 114 da Portaria AGEMs nº 320/2025"",""tipo_unidade_id"":""4543d007-efe7-4abc-beda-ff46725ecdd9"",""texto_determinacao"":"""",""texto_recomendacao"":""implantar procedimento operacional padrão para o correto funcionamento do Floculador"",""texto_constatacao_nao"":""Nâo é possível observar visualmente a formação de flocos na etapa de floculação/coagulação"",""texto_constatacao_sim"":""Há sinais visuais na formação de flocos na etapa de floculação/coagulação""},{""id"":""2852accf-092c-4fdc-a52f-0dbdf8f1e78d"",""ativo"":true,""ordem"":11,""gera_nc"":true,""pergunta"":""Os agitadores (se houver) estão funcionando sem ruídos anormais?"",""texto_nc"":"""",""is_sample"":false,""created_at"":""2026-03-19T13:38:51.523967+00:00"",""created_by"":null,""prazo_dias"":30,""created_date"":""2026-03-19T13:38:51.523967+00:00"",""updated_date"":""2026-03-19T13:38:51.523967+00:00"",""created_by_id"":null,""artigo_portaria"":""art. 114 da Portaria AGEMs nº 320/2025"",""tipo_unidade_id"":""4543d007-efe7-4abc-beda-ff46725ecdd9"",""texto_determinacao"":"""",""texto_recomendacao"":""realizar manutenções preventivas periódicas nos agitadores"",""texto_constatacao_nao"":""Os agitadores não funcionam de forma adequada ou possuem ruídos anormais"",""texto_constatacao_sim"":""Os agitadores funcionam de forma adequada e sem ruídos anormais""},{""id"":""3192209b-1706-46ee-809c-c8602a2f4224"",""ativo"":true,""ordem"":12,""gera_nc"":true,""pergunta"":""Os tanques estão livres de quebra de flocos?"",""texto_nc"":"""",""is_sample"":false,""created_at"":""2026-03-19T13:38:51.523967+00:00"",""created_by"":null,""prazo_dias"":30,""created_date"":""2026-03-19T13:38:51.523967+00:00"",""updated_date"":""2026-03-19T13:38:51.523967+00:00"",""created_by_id"":null,""artigo_portaria"":""art. 114 da Portaria AGEMs nº 320/2025"",""tipo_unidade_id"":""4543d007-efe7-4abc-beda-ff46725ecdd9"",""texto_determinacao"":"""",""texto_recomendacao"":""implantar procedimento operacional padrão para o correto funcionamento do Floculador"",""texto_constatacao_nao"":""Há quebra de flocos nos tanques"",""texto_constatacao_sim"":""Não foi constatada quebra de flocos nos tanques""},{""id"":""c65f90d5-b6b2-4633-8fe1-939d0e0d99b3"",""ativo"":true,""ordem"":13,""gera_nc"":true,""pergunta"":""Os tanques estão livres de zonas de 'água morta' (sem movimento)?"",""texto_nc"":"""",""is_sample"":false,""created_at"":""2026-03-19T13:38:51.523967+00:00"",""created_by"":null,""prazo_dias"":30,""created_date"":""2026-03-19T13:38:51.523967+00:00"",""updated_date"":""2026-03-19T13:38:51.523967+00:00"",""created_by_id"":null,""artigo_portaria"":""art. 114 da Portaria AGEMs nº 320/2025"",""tipo_unidade_id"":""4543d007-efe7-4abc-beda-ff46725ecdd9"",""texto_determinacao"":"""",""texto_recomendacao"":""implantar procedimento operacional padrão para o correto funcionamento do Floculador"",""texto_constatacao_nao"":""Há zonas mortas nos tanques"",""texto_constatacao_sim"":""Não foram constatadas zonas mortas nos tanques""},{""id"":""b6a761ac-39c2-4b75-9690-4394129199fa"",""ativo"":true,""ordem"":14,""gera_nc"":true,""pergunta"":""A água que sai dos decantadores para os filtros está visualmente clara?"",""texto_nc"":"""",""is_sample"":false,""created_at"":""2026-03-19T13:38:51.523967+00:00"",""created_by"":null,""prazo_dias"":30,""created_date"":""2026-03-19T13:38:51.523967+00:00"",""updated_date"":""2026-03-19T13:38:51.523967+00:00"",""created_by_id"":null,""artigo_portaria"":""art. 114 da Portaria AGEMs nº 320/2025"",""tipo_unidade_id"":""4543d007-efe7-4abc-beda-ff46725ecdd9"",""texto_determinacao"":"""",""texto_recomendacao"":""implantar procedimento operacional padrão para o correto funcionamento do Filtro"",""texto_constatacao_nao"":""A água em processo de tratamento chega aos filtros de forma inadequada ou em processo insatisfatório"",""texto_constatacao_sim"":""A água em processo de tratamento chega aos filtros de forma adequada em processo satisfatório""},{""id"":""1cd4886f-b07e-47aa-bc53-bcb1c395bded"",""ativo"":true,""ordem"":15,""gera_nc"":true,""pergunta"":""Existe um cronograma de limpeza dos decantadores?"",""texto_nc"":"""",""is_sample"":false,""created_at"":""2026-03-19T13:38:51.523967+00:00"",""created_by"":null,""prazo_dias"":30,""created_date"":""2026-03-19T13:38:51.523967+00:00"",""updated_date"":""2026-03-19T13:38:51.523967+00:00"",""created_by_id"":null,""artigo_portaria"":""art. 114 da Portaria AGEMs nº 320/2025"",""tipo_unidade_id"":""4543d007-efe7-4abc-beda-ff46725ecdd9"",""texto_determinacao"":"""",""texto_recomendacao"":""implantar procedimento operacional padrão para o correto funcionamento dos Decantadores"",""texto_constatacao_nao"":""Não há cronograma de limpeza dos decantadores"",""texto_constatacao_sim"":""Há cronograma de limpeza dos decantadores""},{""id"":""32795d73-5d4b-4a7e-bb55-c16ab30cbd2d"",""ativo"":true,""ordem"":17,""gera_nc"":true,""pergunta"":""Os resíduos resultantes da limpeza dos decantadores possuem disposição final ambientalmente adequada?"",""texto_nc"":"""",""is_sample"":false,""created_at"":""2026-03-19T13:38:51.523967+00:00"",""created_by"":null,""prazo_dias"":30,""created_date"":""2026-03-19T13:38:51.523967+00:00"",""updated_date"":""2026-03-19T13:38:51.523967+00:00"",""created_by_id"":null,""artigo_portaria"":""art. 119 da Portaria AGEMs nº 320/2025"",""tipo_unidade_id"":""4543d007-efe7-4abc-beda-ff46725ecdd9"",""texto_determinacao"":"""",""texto_recomendacao"":""implantar procedimento operacional padrão para o correto funcionamento dos Decantadores"",""texto_constatacao_nao"":""Os resíduos resultantes da limpeza dos decantadores não possuem disposição final ambientalmente adequada"",""texto_constatacao_sim"":""Os resíduos resultantes da limpeza dos decantadores possuem disposição final ambientalmente adequada""},{""id"":""69da10df-ee72-4c5d-aa44-ccdb7214f1cb"",""ativo"":true,""ordem"":14,""gera_nc"":true,""pergunta"":""Há presença e uso de EPIs específicos para risco biológico e gases (H2S)?"",""texto_nc"":"""",""is_sample"":false,""created_at"":""2026-03-19T13:38:55.948485+00:00"",""created_by"":null,""prazo_dias"":30,""created_date"":""2026-03-19T13:38:55.948485+00:00"",""updated_date"":""2026-03-19T13:38:55.948485+00:00"",""created_by_id"":null,""artigo_portaria"":""art. 118 da Portaria AGEMS nº 320/2025"",""tipo_unidade_id"":""4796e2cc-ebef-47fa-b53a-1f470e1e70a7"",""texto_determinacao"":"""",""texto_recomendacao"":""Implementar procedimento operacional padrão para o uso de equipamentos de proteção específicos para risco biológico e gases"",""texto_constatacao_nao"":""Não há presença e uso de EPIs específicos para risco biológico e gases (H2S)"",""texto_constatacao_sim"":""Há presença e uso de EPIs específicos para risco biológico e gases (H2S)""},{""id"":""025bdbf4-2225-4422-8f05-0be5beac89a4"",""ativo"":true,""ordem"":15,""gera_nc"":true,""pergunta"":""O efluente final apresenta aspecto visual adequado (sem sólidos visíveis ou óleos)?"",""texto_nc"":"""",""is_sample"":false,""created_at"":""2026-03-19T13:38:55.948485+00:00"",""created_by"":null,""prazo_dias"":30,""created_date"":""2026-03-19T13:38:55.948485+00:00"",""updated_date"":""2026-03-19T13:38:55.948485+00:00"",""created_by_id"":null,""artigo_portaria"":""art. 119, §2º da Portaria AGEMS nº 320/2025"",""tipo_unidade_id"":""4796e2cc-ebef-47fa-b53a-1f470e1e70a7"",""texto_determinacao"":"""",""texto_recomendacao"":""Implantar procedimento operacional padrão para a qualidade do efluente na saída do tratamento"",""texto_constatacao_nao"":""O efluente final não apresenta um aspecto visual adequado"",""texto_constatacao_sim"":""O efluente final apresenta aspecto visual adequado""},{""id"":""85c6f0bf-3796-4542-badb-66ce49bab39b"",""ativo"":true,""ordem"":16,""gera_nc"":true,""pergunta"":""Os leitos de secagem ou centrífugas estão em operação?"",""texto_nc"":"""",""is_sample"":false,""created_at"":""2026-03-19T13:38:55.948485+00:00"",""created_by"":null,""prazo_dias"":30,""created_date"":""2026-03-19T13:38:55.948485+00:00"",""updated_date"":""2026-03-19T13:38:55.948485+00:00"",""created_by_id"":null,""artigo_portaria"":""art. 111 da Portaria AGEMS nº 320/2025"",""tipo_unidade_id"":""4796e2cc-ebef-47fa-b53a-1f470e1e70a7"",""texto_determinacao"":"""",""texto_recomendacao"":""implantar procedimento operacional padrão para a operação adequada dos leitos de secagem"",""texto_constatacao_nao"":""Os leitos de secagem (ou centrífuga) não estão em operação"",""texto_constatacao_sim"":""Os leitos de secagem (ou centrífugas) estão em operação de forma adequada""},{""id"":""806aa90e-a470-459e-a35a-ff6eb6d993f7"",""ativo"":true,""ordem"":17,""gera_nc"":true,""pergunta"":""O local está livre de acúmulo excessivo de lodo seco aguardando descarte?"",""texto_nc"":"""",""is_sample"":false,""created_at"":""2026-03-19T13:38:55.948485+00:00"",""created_by"":null,""prazo_dias"":30,""created_date"":""2026-03-19T13:38:55.948485+00:00"",""updated_date"":""2026-03-19T13:38:55.948485+00:00"",""created_by_id"":null,""artigo_portaria"":""art. 114 da Portaria AGEMS nº 320/2025"",""tipo_unidade_id"":""4796e2cc-ebef-47fa-b53a-1f470e1e70a7"",""texto_determinacao"":"""",""texto_recomendacao"":""Implantar procedimento operacional padrão para a retirada de lodo seco e descarte ambientalmente adequado"",""texto_constatacao_nao"":""Há acúmulo excessivo de lodo seco aguardando descarte"",""texto_constatacao_sim"":""Não há acúmulo excessivo de lodo seco aguardando descarte""},{""id"":""d1f3bbe8-02a1-48f4-8c01-4ec246866e2a"",""ativo"":true,""ordem"":18,""gera_nc"":true,""pergunta"":""O reator UASB está estanque, livre de vazamentos ou infiltrações?"",""texto_nc"":"""",""is_sample"":false,""created_at"":""2026-03-19T13:38:55.948485+00:00"",""created_by"":null,""prazo_dias"":30,""created_date"":""2026-03-19T13:38:55.948485+00:00"",""updated_date"":""2026-03-19T13:38:55.948485+00:00"",""created_by_id"":null,""artigo_portaria"":""art. 111 da Portaria AGEMS nº 320/2025"",""tipo_unidade_id"":""4796e2cc-ebef-47fa-b53a-1f470e1e70a7"",""texto_determinacao"":"""",""texto_recomendacao"":""Realizar manutenções periódicas bem como inspeções para eliminar vazamentos no interior e exterior do reator"",""texto_constatacao_nao"":""O reator UASB possui vazamento ou infiltração"",""texto_constatacao_sim"":""O reator UASB não possui vazamento ou infiltração""},{""id"":""bebb64e4-cdc3-4dfb-af15-9412d4850bd7"",""ativo"":true,""ordem"":19,""gera_nc"":true,""pergunta"":""Os vertedouros centrais estão em bom estado de conservação e limpeza?"",""texto_nc"":"""",""is_sample"":false,""created_at"":""2026-03-19T13:38:55.948485+00:00"",""created_by"":null,""prazo_dias"":30,""created_date"":""2026-03-19T13:38:55.948485+00:00"",""updated_date"":""2026-03-19T13:38:55.948485+00:00"",""created_by_id"":null,""artigo_portaria"":""art. 111 da Portaria AGEMS nº 320/2025"",""tipo_unidade_id"":""4796e2cc-ebef-47fa-b53a-1f470e1e70a7"",""texto_determinacao"":"""",""texto_recomendacao"":""Implantar procedimento operacional padrão para a limpeza do tratamento primário e secundário"",""texto_constatacao_nao"":""Os vertedouros centrais do reator UASB estão obstruídos, necessitando de manutenção"",""texto_constatacao_sim"":""Os vertedouros centrais do reator UASB estão em bom estado de conservação e limpeza""},{""id"":""13977492-9cea-4e0d-8e53-9e46c4f5f6cd"",""ativo"":true,""ordem"":20,""gera_nc"":true,""pergunta"":""A superfície do reator está livre de acúmulo excessivo de escuma?"",""texto_nc"":"""",""is_sample"":false,""created_at"":""2026-03-19T13:38:55.948485+00:00"",""created_by"":null,""prazo_dias"":30,""created_date"":""2026-03-19T13:38:55.948485+00:00"",""updated_date"":""2026-03-19T13:38:55.948485+00:00"",""created_by_id"":null,""artigo_portaria"":""art. 111 da Portaria AGEMS nº 320/2025"",""tipo_unidade_id"":""4796e2cc-ebef-47fa-b53a-1f470e1e70a7"",""texto_determinacao"":"""",""texto_recomendacao"":""Implantar procedimento operacional padrão para a limpeza do tratamento primário e secundário"",""texto_constatacao_nao"":""Há acúmulo excessivo de escuma"",""texto_constatacao_sim"":""Não há acúmulo excessivo de escuma""},{""id"":""3eaeedb0-41e0-4006-bee8-7f1878ee1c0a"",""ativo"":true,""ordem"":21,""gera_nc"":true,""pergunta"":""As tampas do reator UASB estão estanques (livres de vazamento de gás ou efluente)?"",""texto_nc"":"""",""is_sample"":false,""created_at"":""2026-03-19T13:38:55.948485+00:00"",""created_by"":null,""prazo_dias"":30,""created_date"":""2026-03-19T13:38:55.948485+00:00"",""updated_date"":""2026-03-19T13:38:55.948485+00:00"",""created_by_id"":null,""artigo_portaria"":""art. 111 da Portaria AGEMS nº 320/2025"",""tipo_unidade_id"":""4796e2cc-ebef-47fa-b53a-1f470e1e70a7"",""texto_determinacao"":"""",""texto_recomendacao"":""Implantar procedimento operacional padrão para a manutenção do Sistema de Tratamento de Biogás"",""texto_constatacao_nao"":""Há vazamento aparente de gás ou de efluentes pelas tampas"",""texto_constatacao_sim"":""Não há vazamento aparente de gás ou de efluentes pelas tampas""},{""id"":""f71e4ffa-68df-4f85-8a63-4b7676d62306"",""ativo"":true,""ordem"":22,""gera_nc"":true,""pergunta"":""O biogás está sendo queimado com o queimador aceso, principalmente em horários de pico?"",""texto_nc"":"""",""is_sample"":false,""created_at"":""2026-03-19T13:38:55.948485+00:00"",""created_by"":null,""prazo_dias"":30,""created_date"":""2026-03-19T13:38:55.948485+00:00"",""updated_date"":""2026-03-19T13:38:55.948485+00:00"",""created_by_id"":null,""artigo_portaria"":""art. 111 da Portaria AGEMS nº 320/2025"",""tipo_unidade_id"":""4796e2cc-ebef-47fa-b53a-1f470e1e70a7"",""texto_determinacao"":"""",""texto_recomendacao"":""Implantar procedimento operacional padrão para a manutenção do Sistema de Tratamento de Biogás"",""texto_constatacao_nao"":""O biogás não está sendo queimado através do queimador e não opera de forma adequada"",""texto_constatacao_sim"":""O biogás é queimado através do queimador, tanto em horários de pico como em baixos volumes""},{""id"":""903999ed-751f-4aed-8209-940a7019de4a"",""ativo"":true,""ordem"":23,""gera_nc"":true,""pergunta"":""Os braços distribuidores ou bicos aspersores estão girando/aplicando o esgoto de forma uniforme sobre o meio filtrante?"",""texto_nc"":"""",""is_sample"":false,""created_at"":""2026-03-19T13:38:55.948485+00:00"",""created_by"":null,""prazo_dias"":30,""created_date"":""2026-03-19T13:38:55.948485+00:00"",""updated_date"":""2026-03-19T13:38:55.948485+00:00"",""created_by_id"":null,""artigo_portaria"":""art. 111 da Portaria AGEMS nº 320/2025"",""tipo_unidade_id"":""4796e2cc-ebef-47fa-b53a-1f470e1e70a7"",""texto_determinacao"":"""",""texto_recomendacao"":""Implantar procedimento operacional padrão para a limpeza do tratamento primário e secundário"",""texto_constatacao_nao"":""Os braços distribuidores do Filtro FBP não operam de forma adequada e não aplicam o efluente de forma uniforme sobre o meio filtrante"",""texto_constatacao_sim"":""Os braços distribuidores do Filtro FBP estão girando de forma adequada e aplicando oe fluente de forma uniforme sobre o meio filtrante""},{""id"":""9fe00cda-b84b-4c84-ba41-9ff04919089f"",""ativo"":true,""ordem"":24,""gera_nc"":true,""pergunta"":""O FBP está estanque, livre de vazamentos ou infiltrações?"",""texto_nc"":"""",""is_sample"":false,""created_at"":""2026-03-19T13:38:55.948485+00:00"",""created_by"":null,""prazo_dias"":30,""created_date"":""2026-03-19T13:38:55.948485+00:00"",""updated_date"":""2026-03-19T13:38:55.948485+00:00"",""created_by_id"":null,""artigo_portaria"":""art. 111 da Portaria AGEMS nº 320/2025"",""tipo_unidade_id"":""4796e2cc-ebef-47fa-b53a-1f470e1e70a7"",""texto_determinacao"":"""",""texto_recomendacao"":""Implantar procedimento operacional padrão para a limpeza do tratamento primário e secundário"",""texto_constatacao_nao"":""O FBP possui vazamento ou infiltração"",""texto_constatacao_sim"":""O FBP não possui vazamento ou infiltração""},{""id"":""cf03995a-0baa-46c5-91ac-032d08ff40e5"",""ativo"":true,""ordem"":25,""gera_nc"":true,""pergunta"":""A passagem da água sobre os vertedores do decantador está uniforme?"",""texto_nc"":"""",""is_sample"":false,""created_at"":""2026-03-19T13:38:55.948485+00:00"",""created_by"":null,""prazo_dias"":30,""created_date"":""2026-03-19T13:38:55.948485+00:00"",""updated_date"":""2026-03-19T13:38:55.948485+00:00"",""created_by_id"":null,""artigo_portaria"":""art. 111 da Portaria AGEMS nº 320/2025"",""tipo_unidade_id"":""4796e2cc-ebef-47fa-b53a-1f470e1e70a7"",""texto_determinacao"":"""",""texto_recomendacao"":""Implantar procedimento operacional padrão para a limpeza do tratamento primário e secundário"",""texto_constatacao_nao"":""A passagem do efluente sobre os vertedores do decantador não está uniforme ou de forma adequada"",""texto_constatacao_sim"":""A passagem do efluente sobre os vertedores do decantador está uniforme e de forma adequada""},{""id"":""ba8f99c9-8bea-41ac-8a1d-4eaac31b8bc1"",""ativo"":true,""ordem"":26,""gera_nc"":true,""pergunta"":""O efluente de saída do decantador está livre de arraste de sólidos (lodo)?"",""texto_nc"":"""",""is_sample"":false,""created_at"":""2026-03-19T13:38:55.948485+00:00"",""created_by"":null,""prazo_dias"":30,""created_date"":""2026-03-19T13:38:55.948485+00:00"",""updated_date"":""2026-03-19T13:38:55.948485+00:00"",""created_by_id"":null,""artigo_portaria"":""art. 111 da Portaria AGEMS nº 320/2025"",""tipo_unidade_id"":""4796e2cc-ebef-47fa-b53a-1f470e1e70a7"",""texto_determinacao"":"""",""texto_recomendacao"":""Implantar procedimento operacional padrão para a limpeza do tratamento primário e secundário"",""texto_constatacao_nao"":""Há arraste de sólidos visíveis"",""texto_constatacao_sim"":""Não há arraste de sólidos visíveis""},{""id"":""bb00e02a-286b-42c5-8ba2-5034d7e2f08a"",""ativo"":true,""ordem"":27,""gera_nc"":true,""pergunta"":""O Decantador Secundário (DS) está estanque, livre de vazamentos ou infiltrações?"",""texto_nc"":"""",""is_sample"":false,""created_at"":""2026-03-19T13:38:55.948485+00:00"",""created_by"":null,""prazo_dias"":30,""created_date"":""2026-03-19T13:38:55.948485+00:00"",""updated_date"":""2026-03-19T13:38:55.948485+00:00"",""created_by_id"":null,""artigo_portaria"":""art. 111 da Portaria AGEMS nº 320/2025"",""tipo_unidade_id"":""4796e2cc-ebef-47fa-b53a-1f470e1e70a7"",""texto_determinacao"":"""",""texto_recomendacao"":""Implantar procedimento operacional padrão para a limpeza do tratamento primário e secundário"",""texto_constatacao_nao"":""O decantador possui vazamento ou infiltração"",""texto_constatacao_sim"":""O decantador não possui vazamento ou infiltração""},{""id"":""3ff640b9-2468-45db-ab99-3ff440d668cc"",""ativo"":true,""ordem"":28,""gera_nc"":true,""pergunta"":""Os taludes externos das lagoas  estão roçados?"",""texto_nc"":"""",""is_sample"":false,""created_at"":""2026-03-19T13:38:55.948485+00:00"",""created_by"":null,""prazo_dias"":30,""created_date"":""2026-03-19T13:38:55.948485+00:00"",""updated_date"":""2026-03-19T13:38:55.948485+00:00"",""created_by_id"":null,""artigo_portaria"":""art. 139, Parágrafo Único da Portaria AGEMS nº 320/2025"",""tipo_unidade_id"":""4796e2cc-ebef-47fa-b53a-1f470e1e70a7"",""texto_determinacao"":"""",""texto_recomendacao"":""Implantar procedimento operacional padrão para a limpeza do tratamento primário e secundário"",""texto_constatacao_nao"":""Os taludes externos das lagoas não estão roçados, mantendo um excesso de vegetação e prejudicando a operação adequada do sistema"",""texto_constatacao_sim"":""Os taludes externos das lagoas estão roçados de forma adequada""},{""id"":""9b391574-807a-4dc4-90de-42c6b219d6dd"",""ativo"":true,""ordem"":29,""gera_nc"":true,""pergunta"":""As lagoas estão livres de vegetação aquática (macrófitas) excessiva?"",""texto_nc"":"""",""is_sample"":false,""created_at"":""2026-03-19T13:38:55.948485+00:00"",""created_by"":null,""prazo_dias"":30,""created_date"":""2026-03-19T13:38:55.948485+00:00"",""updated_date"":""2026-03-19T13:38:55.948485+00:00"",""created_by_id"":null,""artigo_portaria"":""art. 139 da Portaria AGEMS nº 320/2025"",""tipo_unidade_id"":""4796e2cc-ebef-47fa-b53a-1f470e1e70a7"",""texto_determinacao"":"""",""texto_recomendacao"":""Implantar procedimento operacional padrão para a limpeza do tratamento primário e secundário"",""texto_constatacao_nao"":""Há presença de vegetação aquática excessiva"",""texto_constatacao_sim"":""Não há presença de vegetação aquática excessiva""},{""id"":""5c70729c-a8be-495e-9eda-4c53dfe3464e"",""ativo"":true,""ordem"":30,""gera_nc"":true,""pergunta"":""A lagoa facultativa apresenta coloração verde (indício de algas e boa oxigenação)?"",""texto_nc"":"""",""is_sample"":false,""created_at"":""2026-03-19T13:38:55.948485+00:00"",""created_by"":null,""prazo_dias"":30,""created_date"":""2026-03-19T13:38:55.948485+00:00"",""updated_date"":""2026-03-19T13:38:55.948485+00:00"",""created_by_id"":null,""artigo_portaria"":""art. 139, parágrafo único da Portaria AGEMS nº 320/2025"",""tipo_unidade_id"":""4796e2cc-ebef-47fa-b53a-1f470e1e70a7"",""texto_determinacao"":"""",""texto_recomendacao"":""Implantar procedimento operacional padrão para a limpeza do tratamento primário e secundário"",""texto_constatacao_nao"":""A lagoa facultativa não apresenta coloração adequada, indicando necessidade de boa oxigenação"",""texto_constatacao_sim"":""A lagoa facultativa apresenta coloração verde, indício de algas e boa oxigenação""},{""id"":""6fc44079-f4c6-497b-9fc9-903cdd5aaf41"",""ativo"":true,""ordem"":31,""gera_nc"":true,""pergunta"":""Os diques de terra estão íntegros, livres de infiltração ou erosão?"",""texto_nc"":"""",""is_sample"":false,""created_at"":""2026-03-19T13:38:55.948485+00:00"",""created_by"":null,""prazo_dias"":30,""created_date"":""2026-03-19T13:38:55.948485+00:00"",""updated_date"":""2026-03-19T13:38:55.948485+00:00"",""created_by_id"":null,""artigo_portaria"":""art. 111 da Portaria AGEMS nº 320/2025"",""tipo_unidade_id"":""4796e2cc-ebef-47fa-b53a-1f470e1e70a7"",""texto_determinacao"":"""",""texto_recomendacao"":""Implantar procedimento operacional padrão para a limpeza do tratamento primário e secundário"",""texto_constatacao_nao"":""Há sinais de infiltração ou erosão nos diques"",""texto_constatacao_sim"":""Não há sinais de infiltração ou erosão nos diques""},{""id"":""983bc49e-9af8-4b3d-910d-160db75585b1"",""ativo"":true,""ordem"":32,""gera_nc"":true,""pergunta"":""Os sopradores de ar do Reator de Biofilme em Leito Móvel (MBBR) estão funcionando?"",""texto_nc"":"""",""is_sample"":false,""created_at"":""2026-03-19T13:38:55.948485+00:00"",""created_by"":null,""prazo_dias"":30,""created_date"":""2026-03-19T13:38:55.948485+00:00"",""updated_date"":""2026-03-19T13:38:55.948485+00:00"",""created_by_id"":null,""artigo_portaria"":""art. 114 da Portaria AGEMS nº 320/2025"",""tipo_unidade_id"":""4796e2cc-ebef-47fa-b53a-1f470e1e70a7"",""texto_determinacao"":"""",""texto_recomendacao"":""Implantar procedimento operacional padrão para a limpeza do tratamento primário e secundário"",""texto_constatacao_nao"":""Os sopradores de ar do MBBR não funcionam de forma adequada"",""texto_constatacao_sim"":""Os sopradores de ar do MBBR estão funcionando de forma adequada""},{""id"":""a0a3dc32-51a3-4a4f-8c98-a26fd60eb304"",""ativo"":true,""ordem"":33,""gera_nc"":true,""pergunta"":""A agitação no tanque de aeração do Sistema MBBR está vigorosa e uniforme?"",""texto_nc"":"""",""is_sample"":false,""created_at"":""2026-03-19T13:38:55.948485+00:00"",""created_by"":null,""prazo_dias"":30,""created_date"":""2026-03-19T13:38:55.948485+00:00"",""updated_date"":""2026-03-19T13:38:55.948485+00:00"",""created_by_id"":null,""artigo_portaria"":""art. 111 da Portaria AGEMS nº 320/2025"",""tipo_unidade_id"":""4796e2cc-ebef-47fa-b53a-1f470e1e70a7"",""texto_determinacao"":"""",""texto_recomendacao"":""Implantar procedimento operacional padrão para a limpeza do tratamento primário e secundário"",""texto_constatacao_nao"":""A agitação no tanque de aeração do Sistema MBBR não está vigorosa, não ocorrendo de maneira adequada"",""texto_constatacao_sim"":""A agitação no tanque de aeração do Sistema MBBR está vigorosa e ocorre de maneira adequada""},{""id"":""8c8b8885-099d-4093-8ced-07d73fb4260d"",""ativo"":true,""ordem"":34,""gera_nc"":true,""pergunta"":""As mídias plásticas (Kaldnes) do MBBR estão circulando de forma adequada (sem acúmulo em cantos)?"",""texto_nc"":"""",""is_sample"":false,""created_at"":""2026-03-19T13:38:55.948485+00:00"",""created_by"":null,""prazo_dias"":30,""created_date"":""2026-03-19T13:38:55.948485+00:00"",""updated_date"":""2026-03-19T13:38:55.948485+00:00"",""created_by_id"":null,""artigo_portaria"":""art. 114 da Portaria AGEMS nº 320/2025"",""tipo_unidade_id"":""4796e2cc-ebef-47fa-b53a-1f470e1e70a7"",""texto_determinacao"":"""",""texto_recomendacao"":""Implantar procedimento operacional padrão para a limpeza do tratamento primário e secundário"",""texto_constatacao_nao"":""Os Kaldnes não estão circulando de forma adequada, estando acumulados em um canto, indicado falha no difusor"",""texto_constatacao_sim"":""Os Kaldnes estão circulando de forma adequada para a operação do Sistema de MBBR""},{""id"":""35cd0248-3e6e-475c-bda8-7b9fa3ff2fd9"",""ativo"":true,""ordem"":35,""gera_nc"":true,""pergunta"":""Os sopradores possuem proteção acústica para não incomodar a vizinhança?"",""texto_nc"":"""",""is_sample"":false,""created_at"":""2026-03-19T13:38:55.948485+00:00"",""created_by"":null,""prazo_dias"":30,""created_date"":""2026-03-19T13:38:55.948485+00:00"",""updated_date"":""2026-03-19T13:38:55.948485+00:00"",""created_by_id"":null,""artigo_portaria"":""art. 114 da Portaria AGEMS nº 320/2025"",""tipo_unidade_id"":""4796e2cc-ebef-47fa-b53a-1f470e1e70a7"",""texto_determinacao"":"""",""texto_recomendacao"":""Implantar procedimento operacional padrão para a limpeza do tratamento primário e secundário"",""texto_constatacao_nao"":""Os sopradores de ar do Sistema de MBBR não possuem proteção acústica, podendo incomodar a vizinhança"",""texto_constatacao_sim"":""Os sopradores de ar do Sistema de MBBR possuem proteção acústica e operam de forma adequada""},{""id"":""a4159b39-f7d0-4942-a64f-dccb11b7796a"",""ativo"":true,""ordem"":1,""gera_nc"":true,""pergunta"":""As instalações do escritório estão em bom estado de conservação e limpeza?"",""texto_nc"":"""",""is_sample"":false,""created_at"":""2026-03-19T13:39:00.514601+00:00"",""created_by"":null,""prazo_dias"":30,""created_date"":""2026-03-19T13:39:00.514601+00:00"",""updated_date"":""2026-03-19T13:39:00.514601+00:00"",""created_by_id"":null,""artigo_portaria"":""art. 111 da Portaria AGEMS nº 320/2025"",""tipo_unidade_id"":""52be6614-f154-4ff3-b15e-e4f2bc10ecc1"",""texto_determinacao"":"""",""texto_recomendacao"":""Manter o laboratório operacional em bom estado de conservação e limpeza"",""texto_constatacao_nao"":""As instalações do escritório e laboratório não estão em bom estado de conservação e limpeza"",""texto_constatacao_sim"":""As instalações do escritório e laboratório estão em bom estado de conservação e limpeza""},{""id"":""b445c732-9c85-47aa-b5a4-466b63eead96"",""ativo"":true,""ordem"":2,""gera_nc"":true,""pergunta"":""O número de funcionários atende a demanda de serviço existente?"",""texto_nc"":"""",""is_sample"":false,""created_at"":""2026-03-19T13:39:00.514601+00:00"",""created_by"":null,""prazo_dias"":30,""created_date"":""2026-03-19T13:39:00.514601+00:00"",""updated_date"":""2026-03-19T13:39:00.514601+00:00"",""created_by_id"":null,""artigo_portaria"":""art. 118 da Portaria AGEMS nº 320/2025"",""tipo_unidade_id"":""52be6614-f154-4ff3-b15e-e4f2bc10ecc1"",""texto_determinacao"":"""",""texto_recomendacao"":""Prever que os funcionários atendam plenamente à demanda da população"",""texto_constatacao_nao"":""O número de funcionários não atende a demanda de serviço existente"",""texto_constatacao_sim"":""O número de funcionários atende a demanda de serviço existente""},{""id"":""e3167f1f-6f7a-41f2-9a67-e02fdf1603f0"",""ativo"":true,""ordem"":3,""gera_nc"":true,""pergunta"":""O laboratório possui reagentes dentro da validade?"",""texto_nc"":"""",""is_sample"":false,""created_at"":""2026-03-19T13:39:00.514601+00:00"",""created_by"":null,""prazo_dias"":30,""created_date"":""2026-03-19T13:39:00.514601+00:00"",""updated_date"":""2026-03-19T13:39:00.514601+00:00"",""created_by_id"":null,""artigo_portaria"":""art. 117 da Portaria AGEMS nº 320/2025"",""tipo_unidade_id"":""52be6614-f154-4ff3-b15e-e4f2bc10ecc1"",""texto_determinacao"":"""",""texto_recomendacao"":""Implantar procedimento operacional padrão para monitorar período de validade dos reagentes químicos utilizados"",""texto_constatacao_nao"":""O laboratório não possui alguns reagentes dentro da validade"",""texto_constatacao_sim"":""O laboratório possui reagentes dentro da validade""},{""id"":""cebd513e-a1a8-4624-a315-08a8ada23c88"",""ativo"":true,""ordem"":4,""gera_nc"":true,""pergunta"":""Os equipamentos utilizados para monitoramento diário estão calibrados?"",""texto_nc"":"""",""is_sample"":false,""created_at"":""2026-03-19T13:39:00.514601+00:00"",""created_by"":null,""prazo_dias"":30,""created_date"":""2026-03-19T13:39:00.514601+00:00"",""updated_date"":""2026-03-19T13:39:00.514601+00:00"",""created_by_id"":null,""artigo_portaria"":""art. 114 da Portaria AGEMS nº 320/2025"",""tipo_unidade_id"":""52be6614-f154-4ff3-b15e-e4f2bc10ecc1"",""texto_determinacao"":"""",""texto_recomendacao"":""implantar procedimento operacional padrão para calibração ods equipamentos de uso diário"",""texto_constatacao_nao"":""Os equipamentos utilizados para monitoramento diário não estão calibrados"",""texto_constatacao_sim"":""Os equipamentos utilizados para monitoramento diário estão calibrados""},{""id"":""6f627306-b7cb-4b7c-838c-45020dd26efe"",""ativo"":true,""ordem"":5,""gera_nc"":true,""pergunta"":""Existem chuveiros de emergência e lava-olhos operacionais próximos à manipulação de produtos químicos?"",""texto_nc"":"""",""is_sample"":false,""created_at"":""2026-03-19T13:39:00.514601+00:00"",""created_by"":null,""prazo_dias"":30,""created_date"":""2026-03-19T13:39:00.514601+00:00"",""updated_date"":""2026-03-19T13:39:00.514601+00:00"",""created_by_id"":null,""artigo_portaria"":""art. 117, § 2º da Portaria AGEMS nº 320/2025"",""tipo_unidade_id"":""52be6614-f154-4ff3-b15e-e4f2bc10ecc1"",""texto_determinacao"":"""",""texto_recomendacao"":""Implantar equipamentos de proteção individual e coletiva no laboratório operacional"",""texto_constatacao_nao"":""Não existem chuveiros de emergência e lava-olhos operacionais pronto para utilização"",""texto_constatacao_sim"":""Existem chuveiros de emergência e lava-olhos operacionais pronto para utilização""},{""id"":""bb4deafb-c7b3-4396-ac96-8d3a280c582a"",""ativo"":true,""ordem"":1,""gera_nc"":true,""pergunta"":""A unidade possui identificação externa (ID) adequada?"",""texto_nc"":"""",""is_sample"":false,""created_at"":""2026-03-19T13:39:05.471274+00:00"",""created_by"":null,""prazo_dias"":30,""created_date"":""2026-03-19T13:39:05.471274+00:00"",""updated_date"":""2026-03-19T13:39:05.471274+00:00"",""created_by_id"":null,""artigo_portaria"":""art. 112, inciso I da Portaria AGEMS nº 320/2025"",""tipo_unidade_id"":""21511c1f-edb3-417b-9090-3ebd51050c83"",""texto_determinacao"":"""",""texto_recomendacao"":""Implantar identificação externa"",""texto_constatacao_nao"":""A unidade não possui identificação externa adequada"",""texto_constatacao_sim"":""A unidade possui identificação externa adequada""},{""id"":""da453c16-ac56-4720-85e3-ee4a4b3cb7c3"",""ativo"":true,""ordem"":2,""gera_nc"":true,""pergunta"":""A unidade possui cercamento (alambrado/muros) garantindo a segurança?"",""texto_nc"":"""",""is_sample"":false,""created_at"":""2026-03-19T13:39:05.471274+00:00"",""created_by"":null,""prazo_dias"":30,""created_date"":""2026-03-19T13:39:05.471274+00:00"",""updated_date"":""2026-03-19T13:39:05.471274+00:00"",""created_by_id"":null,""artigo_portaria"":""art. 112, inciso II da Portaria AGEMS nº 320/2025"",""tipo_unidade_id"":""21511c1f-edb3-417b-9090-3ebd51050c83"",""texto_determinacao"":"""",""texto_recomendacao"":""Instalar cercamento com alambrado, muros ou materiais equivalentes"",""texto_constatacao_nao"":""A unidade não possui cercamento adequado"",""texto_constatacao_sim"":""A unidade possui cercamento adequado""},{""id"":""eaaf9222-4d67-4c5b-a2d6-f416027ebe64"",""ativo"":true,""ordem"":3,""gera_nc"":true,""pergunta"":""Os portões possuem cadeados e garantem a segurança?"",""texto_nc"":"""",""is_sample"":false,""created_at"":""2026-03-19T13:39:05.471274+00:00"",""created_by"":null,""prazo_dias"":30,""created_date"":""2026-03-19T13:39:05.471274+00:00"",""updated_date"":""2026-03-19T13:39:05.471274+00:00"",""created_by_id"":null,""artigo_portaria"":""art. 113 da Portaria AGEMS nº 320/2025"",""tipo_unidade_id"":""21511c1f-edb3-417b-9090-3ebd51050c83"",""texto_determinacao"":"""",""texto_recomendacao"":""instalar cadeados nos portões"",""texto_constatacao_nao"":""Os portões não possuem cadeados"",""texto_constatacao_sim"":""Os portões possuem cadeados""},{""id"":""fb100b12-3e06-4859-8a31-fadd9e30bcc9"",""ativo"":true,""ordem"":4,""gera_nc"":true,""pergunta"":""A unidade possui sinalização de 'Entrada Proibida'?"",""texto_nc"":"""",""is_sample"":false,""created_at"":""2026-03-19T13:39:05.471274+00:00"",""created_by"":null,""prazo_dias"":30,""created_date"":""2026-03-19T13:39:05.471274+00:00"",""updated_date"":""2026-03-19T13:39:05.471274+00:00"",""created_by_id"":null,""artigo_portaria"":""art. 113 da Portaria AGEMS nº 320/2025"",""tipo_unidade_id"":""21511c1f-edb3-417b-9090-3ebd51050c83"",""texto_determinacao"":"""",""texto_recomendacao"":""instalar sinalização de \""Entrada Proibida\"""",""texto_constatacao_nao"":""A unidade não possui sinalização de 'Entrada Proibida'"",""texto_constatacao_sim"":""A unidade possui sinalização de 'Entrada Proibida'""},{""id"":""51651059-7ecf-4691-95e8-4af22c16b68b"",""ativo"":true,""ordem"":5,""gera_nc"":true,""pergunta"":""O entorno das unidades está roçado e livre de entulhos?"",""texto_nc"":"""",""is_sample"":false,""created_at"":""2026-03-19T13:39:05.471274+00:00"",""created_by"":null,""prazo_dias"":30,""created_date"":""2026-03-19T13:39:05.471274+00:00"",""updated_date"":""2026-03-19T13:39:05.471274+00:00"",""created_by_id"":null,""artigo_portaria"":""art. 111 da Portaria AGEMS nº 320/2025"",""tipo_unidade_id"":""21511c1f-edb3-417b-9090-3ebd51050c83"",""texto_determinacao"":"""",""texto_recomendacao"":""Manter o entorno da unidade roçado e livre de entulhos"",""texto_constatacao_nao"":""O entorno das unidades não está roçado ou possui entulhos"",""texto_constatacao_sim"":""O entorno das unidades está roçado e livre de entulhos""},{""id"":""68ac5d1a-b3f7-464b-b6d4-f24ddda65bb5"",""ativo"":true,""ordem"":6,""gera_nc"":true,""pergunta"":""O entorno das unidades está livre de vazamentos aparentes?"",""texto_nc"":"""",""is_sample"":false,""created_at"":""2026-03-19T13:39:05.471274+00:00"",""created_by"":null,""prazo_dias"":30,""created_date"":""2026-03-19T13:39:05.471274+00:00"",""updated_date"":""2026-03-19T13:39:05.471274+00:00"",""created_by_id"":null,""artigo_portaria"":""art. 116 da Portaria AGEMS nº 320/2025"",""tipo_unidade_id"":""21511c1f-edb3-417b-9090-3ebd51050c83"",""texto_determinacao"":"""",""texto_recomendacao"":""Sanar vazamentos aparentes"",""texto_constatacao_nao"":""Há vazamentos aparentes no entorno das unidades"",""texto_constatacao_sim"":""O entorno das unidades está livre de vazamentos aparentes""},{""id"":""9265d9e8-d591-4537-8f4c-0eb7efa4cf52"",""ativo"":true,""ordem"":7,""gera_nc"":true,""pergunta"":""As condições do macromedidor estão adequadas para a operação?"",""texto_nc"":"""",""is_sample"":false,""created_at"":""2026-03-19T13:39:05.471274+00:00"",""created_by"":null,""prazo_dias"":30,""created_date"":""2026-03-19T13:39:05.471274+00:00"",""updated_date"":""2026-03-19T13:39:05.471274+00:00"",""created_by_id"":null,""artigo_portaria"":""art. 114 da Portaria AGEMS nº 320/2025"",""tipo_unidade_id"":""21511c1f-edb3-417b-9090-3ebd51050c83"",""texto_determinacao"":"""",""texto_recomendacao"":""Realizar manutenções preventivas no macromedidor a fim de mantê-lo apto para operação"",""texto_constatacao_nao"":""As condições do macromedidor não estão adequadas para a operação"",""texto_constatacao_sim"":""As condições do macromedidor estão adequadas para a operação""},{""id"":""21c6c886-6110-4942-8c22-be84b7587c95"",""ativo"":true,""ordem"":8,""gera_nc"":true,""pergunta"":""Há iluminação para trabalhos noturnos?"",""texto_nc"":"""",""is_sample"":false,""created_at"":""2026-03-19T13:39:05.471274+00:00"",""created_by"":null,""prazo_dias"":30,""created_date"":""2026-03-19T13:39:05.471274+00:00"",""updated_date"":""2026-03-19T13:39:05.471274+00:00"",""created_by_id"":null,""artigo_portaria"":""art. 112, inciso III da Portaria AGEMS nº 320/2025"",""tipo_unidade_id"":""21511c1f-edb3-417b-9090-3ebd51050c83"",""texto_determinacao"":"""",""texto_recomendacao"":""Prever iluminação para trabalhos noturnos"",""texto_constatacao_nao"":""Não há iluminação para trabalhos noturnos"",""texto_constatacao_sim"":""Há iluminação para trabalhos noturnos""},{""id"":""ce9d9e05-ad76-4c17-9320-4045d624375f"",""ativo"":true,""ordem"":9,""gera_nc"":true,""pergunta"":""Possui laje de proteção ao redor do poço?"",""texto_nc"":"""",""is_sample"":false,""created_at"":""2026-03-19T13:39:05.471274+00:00"",""created_by"":null,""prazo_dias"":30,""created_date"":""2026-03-19T13:39:05.471274+00:00"",""updated_date"":""2026-03-19T13:39:05.471274+00:00"",""created_by_id"":null,""artigo_portaria"":""art. 124 da Portaria AGEMS nº 320/2025"",""tipo_unidade_id"":""21511c1f-edb3-417b-9090-3ebd51050c83"",""texto_determinacao"":"""",""texto_recomendacao"":""Providenciar laje de proteção ao redor do poço"",""texto_constatacao_nao"":""Não possui laje de proteção ao redor do poço"",""texto_constatacao_sim"":""Possui laje de proteção ao redor do poço""},{""id"":""d0f0090f-d1a9-4d57-add6-3882c7ed7823"",""ativo"":true,""ordem"":10,""gera_nc"":true,""pergunta"":""O Abrigo do Quadro de Comando Elétrico do poço está em bom estado de conservação, uso e operação?"",""texto_nc"":"""",""is_sample"":false,""created_at"":""2026-03-19T13:39:05.471274+00:00"",""created_by"":null,""prazo_dias"":30,""created_date"":""2026-03-19T13:39:05.471274+00:00"",""updated_date"":""2026-03-19T13:39:05.471274+00:00"",""created_by_id"":null,""artigo_portaria"":""art. 111 da Portaria AGEMS nº 320/2025"",""tipo_unidade_id"":""21511c1f-edb3-417b-9090-3ebd51050c83"",""texto_determinacao"":"""",""texto_recomendacao"":""Manter o abrigo do quadro de comando elétrico em boas condições de manutenção e limpeza"",""texto_constatacao_nao"":""O Abrigo do Quadro de Comando Elétrico do poço não possui bom estado de conservação, uso e operação"",""texto_constatacao_sim"":""O Abrigo do Quadro de Comando Elétrico do poço está em bom estado de conservação, uso e operação""},{""id"":""c90182fe-1d1c-4e59-88ba-c46c51d1785d"",""ativo"":true,""ordem"":11,""gera_nc"":true,""pergunta"":""As instalações elétricas do poço estão adequadas?"",""texto_nc"":"""",""is_sample"":false,""created_at"":""2026-03-19T13:39:05.471274+00:00"",""created_by"":null,""prazo_dias"":30,""created_date"":""2026-03-19T13:39:05.471274+00:00"",""updated_date"":""2026-03-19T13:39:05.471274+00:00"",""created_by_id"":null,""artigo_portaria"":""art. 114, Parágrafo Único da Portaria AGEMS nº 320/2025"",""tipo_unidade_id"":""21511c1f-edb3-417b-9090-3ebd51050c83"",""texto_determinacao"":"""",""texto_recomendacao"":""Manter as instalações elétricas do poço em bom estado de uso"",""texto_constatacao_nao"":""As instalações elétricas do poço não estão adequadas"",""texto_constatacao_sim"":""As instalações elétricas do poço estão adequadas""},{""id"":""1821b21f-8305-4027-98fa-56cecf857be0"",""ativo"":true,""ordem"":12,""gera_nc"":true,""pergunta"":""As condições do quadro de comando estão em bom estado de uso, segurança e operação?"",""texto_nc"":"""",""is_sample"":false,""created_at"":""2026-03-19T13:39:05.471274+00:00"",""created_by"":null,""prazo_dias"":30,""created_date"":""2026-03-19T13:39:05.471274+00:00"",""updated_date"":""2026-03-19T13:39:05.471274+00:00"",""created_by_id"":null,""artigo_portaria"":""art. 114, Parágrafo Único da Portaria AGEMS nº 320/2025"",""tipo_unidade_id"":""21511c1f-edb3-417b-9090-3ebd51050c83"",""texto_determinacao"":"""",""texto_recomendacao"":""manter as condições do quadro de comando elétrico boas para operação"",""texto_constatacao_nao"":""As condições do quadro de comando não estão em bom estado de uso, segurança e operação"",""texto_constatacao_sim"":""As condições do quadro de comando estão em bom estado de uso, segurança e operação""},{""id"":""17230661-e349-4d4d-a607-216b295956ec"",""ativo"":true,""ordem"":13,""gera_nc"":true,""pergunta"":""Os conjuntos motobombas operam sem ruído excessivo ou vibração anormal?"",""texto_nc"":"""",""is_sample"":false,""created_at"":""2026-03-19T13:39:05.471274+00:00"",""created_by"":null,""prazo_dias"":30,""created_date"":""2026-03-19T13:39:05.471274+00:00"",""updated_date"":""2026-03-19T13:39:05.471274+00:00"",""created_by_id"":null,""artigo_portaria"":""art. 114 da Portaria AGEMS nº 320/2025"",""tipo_unidade_id"":""21511c1f-edb3-417b-9090-3ebd51050c83"",""texto_determinacao"":"""",""texto_recomendacao"":""Realizar manutenções preventivas nos conjuntos motobombas da unidade"",""texto_constatacao_nao"":""Os conjuntos motobombas apresentam ruído excessivo ou vibração anormal"",""texto_constatacao_sim"":""Os conjuntos motobombas não apresentam ruído excessivo ou vibração anormal""},{""id"":""ac4b7f60-9738-4db2-951b-9c3668495eda"",""ativo"":true,""ordem"":14,""gera_nc"":true,""pergunta"":""Possui conjunto motobomba reserva?"",""texto_nc"":"""",""is_sample"":false,""created_at"":""2026-03-19T13:39:05.471274+00:00"",""created_by"":null,""prazo_dias"":30,""created_date"":""2026-03-19T13:39:05.471274+00:00"",""updated_date"":""2026-03-19T13:39:05.471274+00:00"",""created_by_id"":null,""artigo_portaria"":""art. 115 da Portaria AGEMS nº 320/2025"",""tipo_unidade_id"":""21511c1f-edb3-417b-9090-3ebd51050c83"",""texto_determinacao"":"""",""texto_recomendacao"":""Prever conjunto motobomba reserva para a unidade"",""texto_constatacao_nao"":""Não possui conjunto motobomba reserva"",""texto_constatacao_sim"":""Possui conjunto motobomba reserva""},{""id"":""d40dc49f-dd48-4f6d-b46d-e4a65d987196"",""ativo"":true,""ordem"":2,""gera_nc"":true,""pergunta"":""A unidade possui cercamento (alambrado/muros) garantindo a segurança?"",""texto_nc"":"""",""is_sample"":false,""created_at"":""2026-03-19T13:39:09.952579+00:00"",""created_by"":null,""prazo_dias"":30,""created_date"":""2026-03-19T13:39:09.952579+00:00"",""updated_date"":""2026-03-19T13:39:09.952579+00:00"",""created_by_id"":null,""artigo_portaria"":""art. 112, inciso II da Portaria AGEMS nº 320/2025"",""tipo_unidade_id"":""8199a469-bdd0-4474-a001-363de36184de"",""texto_determinacao"":"""",""texto_recomendacao"":""Instalar cercamento com alambrado, muros ou materiais equivalentes"",""texto_constatacao_nao"":""A unidade não possui cercamento adequado"",""texto_constatacao_sim"":""A unidade possui cercamento adequado""},{""id"":""c7a29477-c6e5-49cb-89ef-0929b2d881d2"",""ativo"":true,""ordem"":3,""gera_nc"":true,""pergunta"":""Os portões possuem cadeados e garantem a segurança?"",""texto_nc"":"""",""is_sample"":false,""created_at"":""2026-03-19T13:39:09.952579+00:00"",""created_by"":null,""prazo_dias"":30,""created_date"":""2026-03-19T13:39:09.952579+00:00"",""updated_date"":""2026-03-19T13:39:09.952579+00:00"",""created_by_id"":null,""artigo_portaria"":""art. 113 da Portaria AGEMS nº 320/2025"",""tipo_unidade_id"":""8199a469-bdd0-4474-a001-363de36184de"",""texto_determinacao"":"""",""texto_recomendacao"":""Instalar cadeados nos portões"",""texto_constatacao_nao"":""Os portões não possuem cadeados"",""texto_constatacao_sim"":""Os portões possuem cadeados""},{""id"":""69512e42-9df6-4bc8-b658-0686faa504ea"",""ativo"":true,""ordem"":4,""gera_nc"":true,""pergunta"":""A unidade possui sinalização de 'Entrada Proibida'?"",""texto_nc"":"""",""is_sample"":false,""created_at"":""2026-03-19T13:39:09.952579+00:00"",""created_by"":null,""prazo_dias"":30,""created_date"":""2026-03-19T13:39:09.952579+00:00"",""updated_date"":""2026-03-19T13:39:09.952579+00:00"",""created_by_id"":null,""artigo_portaria"":""art. 113 da Portaria AGEMS nº 320/2025"",""tipo_unidade_id"":""8199a469-bdd0-4474-a001-363de36184de"",""texto_determinacao"":"""",""texto_recomendacao"":""Instalar placa de sinalização de \""Entrada Proibida\"""",""texto_constatacao_nao"":""A unidade não possui sinalização de 'Entrada Proibida'"",""texto_constatacao_sim"":""A unidade possui sinalização de 'Entrada Proibida'""},{""id"":""f204d414-2001-46a8-8430-e104b1211fe0"",""ativo"":true,""ordem"":5,""gera_nc"":true,""pergunta"":""O entorno das unidades está roçado e livre de entulhos?"",""texto_nc"":"""",""is_sample"":false,""created_at"":""2026-03-19T13:39:09.952579+00:00"",""created_by"":null,""prazo_dias"":30,""created_date"":""2026-03-19T13:39:09.952579+00:00"",""updated_date"":""2026-03-19T13:39:09.952579+00:00"",""created_by_id"":null,""artigo_portaria"":""art. 111  da Portaria AGEMS nº 320/2025"",""tipo_unidade_id"":""8199a469-bdd0-4474-a001-363de36184de"",""texto_determinacao"":"""",""texto_recomendacao"":""Realizar roçagem e limpeza do entorno da unidade"",""texto_constatacao_nao"":""O entorno das unidades não está roçado ou possui entulhos"",""texto_constatacao_sim"":""O entorno das unidades está roçado e livre de entulhos""},{""id"":""92ba39c9-8b1c-4052-bf9c-31f5a9811f3d"",""ativo"":true,""ordem"":6,""gera_nc"":true,""pergunta"":""O entorno das unidades está livre de vazamentos aparentes?"",""texto_nc"":"""",""is_sample"":false,""created_at"":""2026-03-19T13:39:09.952579+00:00"",""created_by"":null,""prazo_dias"":30,""created_date"":""2026-03-19T13:39:09.952579+00:00"",""updated_date"":""2026-03-19T13:39:09.952579+00:00"",""created_by_id"":null,""artigo_portaria"":""art. 116 da Portaria AGEMS nº 320/2025"",""tipo_unidade_id"":""8199a469-bdd0-4474-a001-363de36184de"",""texto_determinacao"":"""",""texto_recomendacao"":""sanar os vazamentos aparentes"",""texto_constatacao_nao"":""Há vazamentos aparentes no entorno das unidades"",""texto_constatacao_sim"":""O entorno das unidades está livre de vazamentos aparentes""},{""id"":""5b8f4d8d-83f8-4a38-bf7e-78f6b1fee680"",""ativo"":true,""ordem"":7,""gera_nc"":true,""pergunta"":""Os reservatórios apresentam-se íntegros, sem fissuras, infiltrações ou vazamentos nas paredes/teto?"",""texto_nc"":"""",""is_sample"":false,""created_at"":""2026-03-19T13:39:09.952579+00:00"",""created_by"":null,""prazo_dias"":30,""created_date"":""2026-03-19T13:39:09.952579+00:00"",""updated_date"":""2026-03-19T13:39:09.952579+00:00"",""created_by_id"":null,""artigo_portaria"":""art. 116 da Portaria AGEMS nº 320/2025"",""tipo_unidade_id"":""8199a469-bdd0-4474-a001-363de36184de"",""texto_determinacao"":"""",""texto_recomendacao"":""realizar correção das fissuras, infiltrações e vazamentos no reservatório"",""texto_constatacao_nao"":""Os reservatórios apresentam fissuras, infiltrações ou vazamentos nas paredes/teto"",""texto_constatacao_sim"":""Os reservatórios não apresentam fissuras, infiltrações ou vazamentos nas paredes ou teto""},{""id"":""95bca1ac-6e2a-4d63-9536-c044a41c77e2"",""ativo"":true,""ordem"":8,""gera_nc"":true,""pergunta"":""A tampa de inspeção está vedada e com cadeado?"",""texto_nc"":"""",""is_sample"":false,""created_at"":""2026-03-19T13:39:09.952579+00:00"",""created_by"":null,""prazo_dias"":30,""created_date"":""2026-03-19T13:39:09.952579+00:00"",""updated_date"":""2026-03-19T13:39:09.952579+00:00"",""created_by_id"":null,""artigo_portaria"":""art. 131, inciso IV da Portaria AGEMS nº 320/2025"",""tipo_unidade_id"":""8199a469-bdd0-4474-a001-363de36184de"",""texto_determinacao"":"""",""texto_recomendacao"":""manter as tampas de inspeção do reservatório devidamente vedadas e com cadeado"",""texto_constatacao_nao"":""A tampa de inspeção não está vedada ou sem cadeado"",""texto_constatacao_sim"":""A tampa de inspeção está vedada e com cadeado""},{""id"":""752ac64b-e063-473a-ba8b-855d991abd1b"",""ativo"":true,""ordem"":9,""gera_nc"":true,""pergunta"":""Os suspiros possuem telas contra insetos/animais?"",""texto_nc"":"""",""is_sample"":false,""created_at"":""2026-03-19T13:39:09.952579+00:00"",""created_by"":null,""prazo_dias"":30,""created_date"":""2026-03-19T13:39:09.952579+00:00"",""updated_date"":""2026-03-19T13:39:09.952579+00:00"",""created_by_id"":null,""artigo_portaria"":""art. 131, inciso III da Portaria AGEMS nº 320/2025"",""tipo_unidade_id"":""8199a469-bdd0-4474-a001-363de36184de"",""texto_determinacao"":"""",""texto_recomendacao"":""manter os tubos de ventilação com telas de proteção"",""texto_constatacao_nao"":""Os suspiros não possuem telas contra insetos/animais"",""texto_constatacao_sim"":""Os suspiros possuem telas contra insetos/animais""},{""id"":""5f235d0c-d802-4b80-bfeb-e65babf55e24"",""ativo"":true,""ordem"":10,""gera_nc"":true,""pergunta"":""Existe registro da última limpeza e desinfecção do reservatório (prazo de 6 meses)"",""texto_nc"":"""",""is_sample"":false,""created_at"":""2026-03-19T13:39:09.952579+00:00"",""created_by"":null,""prazo_dias"":30,""created_date"":""2026-03-19T13:39:09.952579+00:00"",""updated_date"":""2026-03-19T13:39:09.952579+00:00"",""created_by_id"":null,""artigo_portaria"":""art. 131, § 1º da Portaria AGEMS nº 320/2025"",""tipo_unidade_id"":""8199a469-bdd0-4474-a001-363de36184de"",""texto_determinacao"":"""",""texto_recomendacao"":""implantar procedimento operacional padrão para monitorar registros de limpeza e desinfecção no reservatório"",""texto_constatacao_nao"":""A unidade não possui registro de limpeza e desinfecção do reservatório"",""texto_constatacao_sim"":""A unidade possui registro de limpezas e desinfecção do reservatório""},{""id"":""42c18066-3d86-47a4-8826-15bf12f3d9a9"",""ativo"":true,""ordem"":11,""gera_nc"":true,""pergunta"":""As escadas de acesso estão em boas condições de uso e operação?"",""texto_nc"":"""",""is_sample"":false,""created_at"":""2026-03-19T13:39:09.952579+00:00"",""created_by"":null,""prazo_dias"":30,""created_date"":""2026-03-19T13:39:09.952579+00:00"",""updated_date"":""2026-03-19T13:39:09.952579+00:00"",""created_by_id"":null,""artigo_portaria"":""art. 131, inciso II  da Portaria AGEMS nº 320/2025"",""tipo_unidade_id"":""8199a469-bdd0-4474-a001-363de36184de"",""texto_determinacao"":"""",""texto_recomendacao"":""realizar manutenção nas escadas de acesso do reservatório"",""texto_constatacao_nao"":""As escadas de acesso não possuem boas condições de uso e operação"",""texto_constatacao_sim"":""As escadas de acesso estão em boas condições de uso e operação""},{""id"":""f374dae7-40b7-4d93-bbb0-55f9c39f080e"",""ativo"":true,""ordem"":12,""gera_nc"":true,""pergunta"":""Os guarda-corpos estão em boas condições de uso e operação?"",""texto_nc"":"""",""is_sample"":false,""created_at"":""2026-03-19T13:39:09.952579+00:00"",""created_by"":null,""prazo_dias"":30,""created_date"":""2026-03-19T13:39:09.952579+00:00"",""updated_date"":""2026-03-19T13:39:09.952579+00:00"",""created_by_id"":null,""artigo_portaria"":""art. 131, inciso II da Portaria AGEMS nº 320/2025"",""tipo_unidade_id"":""8199a469-bdd0-4474-a001-363de36184de"",""texto_determinacao"":"""",""texto_recomendacao"":""realizar manutenção ou substituição dos guarda-corpos do reservatório"",""texto_constatacao_nao"":""Os guarda-corpos não possuem boas condições de uso e operação"",""texto_constatacao_sim"":""Os guarda-corpos estão em boas condições de uso e operação""},{""id"":""1347ee76-db63-4417-9cde-9b4074e9a93e"",""ativo"":true,""ordem"":13,""gera_nc"":true,""pergunta"":""A pintura da unidade em geral, está em boas condições?"",""texto_nc"":"""",""is_sample"":false,""created_at"":""2026-03-19T13:39:09.952579+00:00"",""created_by"":null,""prazo_dias"":30,""created_date"":""2026-03-19T13:39:09.952579+00:00"",""updated_date"":""2026-03-19T13:39:09.952579+00:00"",""created_by_id"":null,""artigo_portaria"":""art. 111  da Portaria AGEMS nº 320/2025"",""tipo_unidade_id"":""8199a469-bdd0-4474-a001-363de36184de"",""texto_determinacao"":"""",""texto_recomendacao"":""prever pintura geral em toda a unidade"",""texto_constatacao_nao"":""A pintura da unidade necessita de reparos"",""texto_constatacao_sim"":""A pintura da unidade, em geral, está em boas condições""},{""id"":""7e217de5-0b45-47bc-8831-3126ea758ec2"",""ativo"":true,""ordem"":2,""gera_nc"":true,""pergunta"":""As bombas dosadoras estão funcionando?"",""texto_nc"":"""",""is_sample"":false,""created_at"":""2026-03-19T13:39:13.615901+00:00"",""created_by"":null,""prazo_dias"":30,""created_date"":""2026-03-19T13:39:13.615901+00:00"",""updated_date"":""2026-03-19T13:39:13.615901+00:00"",""created_by_id"":null,""artigo_portaria"":""art. 114 da Portaria AGEMS nº 320/2025"",""tipo_unidade_id"":""37c51dd2-72d4-4e2c-8133-91dd037af92b"",""texto_determinacao"":"""",""texto_recomendacao"":""implantar procedimento operacional padrão para realizar monitoramento e manutenção preventiva ou corretiva nas bombas dosadoras"",""texto_constatacao_nao"":""As bombas dosadoras não operam de forma adequada e satisfatória"",""texto_constatacao_sim"":""As bombas dosadoras operam de forma adequada e satisfatória""},{""id"":""f78e305e-9032-483c-a806-6099e49dbb0e"",""ativo"":true,""ordem"":3,""gera_nc"":true,""pergunta"":""Existe bomba reserva (backup) instalada ou no local?"",""texto_nc"":"""",""is_sample"":false,""created_at"":""2026-03-19T13:39:13.615901+00:00"",""created_by"":null,""prazo_dias"":30,""created_date"":""2026-03-19T13:39:13.615901+00:00"",""updated_date"":""2026-03-19T13:39:13.615901+00:00"",""created_by_id"":null,""artigo_portaria"":""art. 114 da Portaria AGEMS nº 320/2025"",""tipo_unidade_id"":""37c51dd2-72d4-4e2c-8133-91dd037af92b"",""texto_determinacao"":"""",""texto_recomendacao"":""implantar procedimento operacional padrão para realizar monitoramento nas bombas dosadoras"",""texto_constatacao_nao"":""Não há sistema de backup em caso de falha do conjunto motobomba dosador"",""texto_constatacao_sim"":""Há sistema de reserva ou backup em caso de falha co conjunto motobomba dosador""},{""id"":""10bea152-6725-496c-b84b-4ffc23a2960f"",""ativo"":true,""ordem"":4,""gera_nc"":true,""pergunta"":""O dosador está intertravado com a bomba do poço/elevatória (para evitar supercloração ou falta de cloro)?"",""texto_nc"":"""",""is_sample"":false,""created_at"":""2026-03-19T13:39:13.615901+00:00"",""created_by"":null,""prazo_dias"":30,""created_date"":""2026-03-19T13:39:13.615901+00:00"",""updated_date"":""2026-03-19T13:39:13.615901+00:00"",""created_by_id"":null,""artigo_portaria"":""art. 114 da Portaria AGEMS nº 320/2025"",""tipo_unidade_id"":""37c51dd2-72d4-4e2c-8133-91dd037af92b"",""texto_determinacao"":"""",""texto_recomendacao"":""implantar procedimento para interligação da bomba dosadora com a bomba do poço ou elevatória, de modo a evitar supercloração ou falta de cloro no sistema de abastecimento de água"",""texto_constatacao_nao"":""O dosador não está intertravado com a bomba do poço/elevatória, favorecendo a supercloração ou a falta de cloro"",""texto_constatacao_sim"":""O dosador está intertravado com a bomba do poço/elevatória, evitando supercloração ou falta de cloro""},{""id"":""71580120-e9e9-4003-ab7d-b345a33c3596"",""ativo"":true,""ordem"":5,""gera_nc"":true,""pergunta"":""O cloro está sendo injetado antes da entrada no reservatório para garantir o tempo de contato?"",""texto_nc"":"""",""is_sample"":false,""created_at"":""2026-03-19T13:39:13.615901+00:00"",""created_by"":null,""prazo_dias"":30,""created_date"":""2026-03-19T13:39:13.615901+00:00"",""updated_date"":""2026-03-19T13:39:13.615901+00:00"",""created_by_id"":null,""artigo_portaria"":""art. 114 da Portaria AGEMS nº 320/2025"",""tipo_unidade_id"":""37c51dd2-72d4-4e2c-8133-91dd037af92b"",""texto_determinacao"":"""",""texto_recomendacao"":""implantar medidas que visem injetar o cloro antes da entrada no reservatório, para garantir um tempo de contato adequado"",""texto_constatacao_nao"":""O cloro não é injetado antes da entrada no reservatório, prejudicando o tempo de contato adequado"",""texto_constatacao_sim"":""O cloro é injetado antes da entrada no reservatório, garantindo o tempo de contato adequado""},{""id"":""10da100c-aa17-448e-9f32-3ff5c659404f"",""ativo"":true,""ordem"":1,""gera_nc"":true,""pergunta"":""A unidade possui identificação externa visível com nome do Prestador e horário de funcionamento?"",""texto_nc"":""30"",""is_sample"":false,""created_at"":""2026-03-23T11:49:12.213558+00:00"",""created_by"":null,""prazo_dias"":30,""created_date"":""2026-03-23T11:49:12.213558+00:00"",""updated_date"":""2026-03-23T11:49:12.213558+00:00"",""created_by_id"":null,""artigo_portaria"":""art. 33, inciso V da Portaria AGEMS nº 321/25"",""tipo_unidade_id"":""95452328-7ad9-4693-9b56-444f8c3cce77"",""texto_determinacao"":""apresentar registros fotográficos de que a Unidade instalou identificação externa com o nome do Prestador de Serviços, possibilitando fácil acesso à empresa"",""texto_recomendacao"":"""",""texto_constatacao_nao"":""A unidade não possui identificação externa visível com nome do Prestador e horário de funcionamento"",""texto_constatacao_sim"":""A unidade possui identificação externa visível com nome do Prestador e horário de funcionamento""},{""id"":""c59c58fb-a3cf-41bf-8fa1-7ebf51632034"",""ativo"":true,""ordem"":2,""gera_nc"":true,""pergunta"":""As instalações físicas garantem acesso a pessoas com deficiência ou mobilidade reduzida (rampas, espaço interno)?"",""texto_nc"":""30"",""is_sample"":false,""created_at"":""2026-03-23T11:49:12.213558+00:00"",""created_by"":null,""prazo_dias"":30,""created_date"":""2026-03-23T11:49:12.213558+00:00"",""updated_date"":""2026-03-23T11:49:12.213558+00:00"",""created_by_id"":null,""artigo_portaria"":""art. 33, inciso V da Portaria AGEMS nº 321/25"",""tipo_unidade_id"":""95452328-7ad9-4693-9b56-444f8c3cce77"",""texto_determinacao"":""apresentar registros fotográficos ou documentos comprobatórios de que alei de acessibilidade (Lei nº 10.098/2000) e ABNT NBR 9050 é aplicada na edificação"",""texto_recomendacao"":"""",""texto_constatacao_nao"":""As instalações físicas não garantem acesso a pessoas com deficiência ou mobilidade reduzida (rampas, espaço interno)"",""texto_constatacao_sim"":""As instalações físicas garantem acesso a pessoas com deficiência ou mobilidade reduzida (rampas, espaço interno)""},{""id"":""29be3f59-264a-4861-8f42-f00cd1be8a65"",""ativo"":true,""ordem"":3,""gera_nc"":true,""pergunta"":""Existe sinalização e cumprimento da prioridade de atendimento (idosos, gestantes, PCD)?"",""texto_nc"":""30"",""is_sample"":false,""created_at"":""2026-03-23T11:49:12.213558+00:00"",""created_by"":null,""prazo_dias"":30,""created_date"":""2026-03-23T11:49:12.213558+00:00"",""updated_date"":""2026-03-23T11:49:12.213558+00:00"",""created_by_id"":null,""artigo_portaria"":""art. 33, inciso V da Portaria AGEMS nº 321/25"",""tipo_unidade_id"":""95452328-7ad9-4693-9b56-444f8c3cce77"",""texto_determinacao"":""apresentar registros fotográficos de sinalização e de cumprimento da prioridade de atendimento."",""texto_recomendacao"":"""",""texto_constatacao_nao"":""Não existe sinalização e cumprimento da prioridade de atendimento (idosos, gestantes, PCD)"",""texto_constatacao_sim"":""Existe sinalização e cumprimento da prioridade de atendimento (idosos, gestantes, PCD)""},{""id"":""8a635741-045a-48e1-9178-7794145116a5"",""ativo"":true,""ordem"":4,""gera_nc"":true,""pergunta"":""O número de funcionários atende a demanda de serviço existente?"",""texto_nc"":""30"",""is_sample"":false,""created_at"":""2026-03-23T11:49:12.213558+00:00"",""created_by"":null,""prazo_dias"":30,""created_date"":""2026-03-23T11:49:12.213558+00:00"",""updated_date"":""2026-03-23T11:49:12.213558+00:00"",""created_by_id"":null,""artigo_portaria"":""art. 24, inciso VI da Portaria AGEMS nº 321/25"",""tipo_unidade_id"":""95452328-7ad9-4693-9b56-444f8c3cce77"",""texto_determinacao"":""apresentar justificativa técnica para o baixo número de funcionários da Unidade bem como Cronogrmaa para contratação de novos funcionários, se for o caso"",""texto_recomendacao"":"""",""texto_constatacao_nao"":""O número de funcionários não atende a demanda de serviço existente"",""texto_constatacao_sim"":""O número de funcionários atende a demanda de serviço existente""},{""id"":""da717ed7-a524-4252-b68c-ad636ed433ba"",""ativo"":true,""ordem"":5,""gera_nc"":true,""pergunta"":""Possui Portaria AGEMS n. 320/2025 impressa, em local visível e de fácil consulta?"",""texto_nc"":""30"",""is_sample"":false,""created_at"":""2026-03-23T11:49:12.213558+00:00"",""created_by"":null,""prazo_dias"":30,""created_date"":""2026-03-23T11:49:12.213558+00:00"",""updated_date"":""2026-03-23T11:49:12.213558+00:00"",""created_by_id"":null,""artigo_portaria"":""art. 33, inciso I da Portaria AGEMS nº 321/25"",""tipo_unidade_id"":""95452328-7ad9-4693-9b56-444f8c3cce77"",""texto_determinacao"":""apresentar registro fotográfico de que a Portaria AGEMS nº 320/2025 está impressa, em local visível e de fácil acesso no Escritório de Atendimento ao Usuário"",""texto_recomendacao"":"""",""texto_constatacao_nao"":""Não possui Portaria AGEMS n. 320/2025 impressa, em local visível e de fácil consulta"",""texto_constatacao_sim"":""Possui Portaria AGEMS n. 320/2025 impressa, em local visível e de fácil consulta""},{""id"":""0acedd97-df56-4929-bff0-f2f583934101"",""ativo"":true,""ordem"":6,""gera_nc"":true,""pergunta"":""Possui Livro de Reclamações em local visível?"",""texto_nc"":""30"",""is_sample"":false,""created_at"":""2026-03-23T11:49:12.213558+00:00"",""created_by"":null,""prazo_dias"":30,""created_date"":""2026-03-23T11:49:12.213558+00:00"",""updated_date"":""2026-03-23T11:49:12.213558+00:00"",""created_by_id"":null,""artigo_portaria"":""art. 33, inciso VII da Portaria AGEMS nº 321/25"",""tipo_unidade_id"":""95452328-7ad9-4693-9b56-444f8c3cce77"",""texto_determinacao"":""apresentar registro fotográfico de que o Livro de Reclamações está em local visível e de fácil acesso no Escritório de Atendimento ao Usuário"",""texto_recomendacao"":"""",""texto_constatacao_nao"":""Não possui Livro de Reclamações em local visível"",""texto_constatacao_sim"":""Possui Livro de Reclamações em local visível""},{""id"":""f3af50e2-406d-4c77-b00e-c1549d23910c"",""ativo"":true,""ordem"":7,""gera_nc"":true,""pergunta"":""Possui Tabela de Enquadramento Tarifário da concessionária atualizada?"",""texto_nc"":""30"",""is_sample"":false,""created_at"":""2026-03-23T11:49:12.213558+00:00"",""created_by"":null,""prazo_dias"":30,""created_date"":""2026-03-23T11:49:12.213558+00:00"",""updated_date"":""2026-03-23T11:49:12.213558+00:00"",""created_by_id"":null,""artigo_portaria"":""art. 33, inciso I da Portaria AGEMS nº 321/25"",""tipo_unidade_id"":""95452328-7ad9-4693-9b56-444f8c3cce77"",""texto_determinacao"":""apresentar registro fotográfico de que a tabela com as tarifas vigentes e publicadas em Diário Oficial do Estado de MS estão em local visível e de fácil acesso no Escritório de Atendimento ao Usuário"",""texto_recomendacao"":"""",""texto_constatacao_nao"":""Não possui Tabela de Enquadramento Tarifário da concessionária atualizada"",""texto_constatacao_sim"":""Possui Tabela de Enquadramento Tarifário da concessionária atualizada""},{""id"":""22cbe610-1f5d-4356-a8d3-a24ed8f4440d"",""ativo"":true,""ordem"":8,""gera_nc"":true,""pergunta"":""Há disponibilização de Modelo de Conta Mensal?"",""texto_nc"":""30"",""is_sample"":false,""created_at"":""2026-03-23T11:49:12.213558+00:00"",""created_by"":null,""prazo_dias"":30,""created_date"":""2026-03-23T11:49:12.213558+00:00"",""updated_date"":""2026-03-23T11:49:12.213558+00:00"",""created_by_id"":null,""artigo_portaria"":""art. 33, inciso I da Portaria AGEMS nº 321/25"",""tipo_unidade_id"":""95452328-7ad9-4693-9b56-444f8c3cce77"",""texto_determinacao"":""apresentar registros fotográficos, justificativa técnica ou documentos comprobatórios para que, na fatura, conste todas as informações exigidas na legislação aplicável, conforme Portaria que dispõe das Condições Gerais a serem observadas na prestação de serviços de água e esgotamento sanitário e demais cobramças autorizadas pelo Titular ou pela AGEMS"",""texto_recomendacao"":"""",""texto_constatacao_nao"":""Não há disponibilização de Modelo de Conta Mensal"",""texto_constatacao_sim"":""Há disponibilização de Modelo de Conta Mensal""},{""id"":""b43c88f6-965f-469b-bf01-e2776cd7e42f"",""ativo"":true,""ordem"":9,""gera_nc"":true,""pergunta"":""Estão expostos os canais de Ouvidoria (Prestador e AGEMS) e tabela de tarifas vigente?"",""texto_nc"":""30"",""is_sample"":false,""created_at"":""2026-03-23T11:49:12.213558+00:00"",""created_by"":null,""prazo_dias"":30,""created_date"":""2026-03-23T11:49:12.213558+00:00"",""updated_date"":""2026-03-23T11:49:12.213558+00:00"",""created_by_id"":null,""artigo_portaria"":""art. 33, inciso I da Portaria AGEMS nº 321/25"",""tipo_unidade_id"":""95452328-7ad9-4693-9b56-444f8c3cce77"",""texto_determinacao"":""apresentar registro fotográfico que demonstre que os números de telefone do Prestador de Serviços e da Ouvidoria da AGEMS esteja em local visível e de fácil acesso no Escritório de Atendimento ao Usuário"",""texto_recomendacao"":"""",""texto_constatacao_nao"":""Não estão expostos os canais de Ouvidoria (Prestador e AGEMS) e tabela de tarifas vigente"",""texto_constatacao_sim"":""Estão expostos os canais de Ouvidoria (Prestador e AGEMS) e tabela de tarifas vigente""},{""id"":""5d20cf1f-a015-4ecd-ae2d-d2ebfabf93be"",""ativo"":true,""ordem"":10,""gera_nc"":true,""pergunta"":""No local, há orientação ou terminais para acesso aos canais digitais e retirada de senha?"",""texto_nc"":""30"",""is_sample"":false,""created_at"":""2026-03-23T11:49:12.213558+00:00"",""created_by"":null,""prazo_dias"":30,""created_date"":""2026-03-23T11:49:12.213558+00:00"",""updated_date"":""2026-03-23T11:49:12.213558+00:00"",""created_by_id"":null,""artigo_portaria"":""art. 33, inciso V da Portaria AGEMS nº 321/25"",""tipo_unidade_id"":""95452328-7ad9-4693-9b56-444f8c3cce77"",""texto_determinacao"":""apresentar registros fotográficos da implantação de canais digitais e/ou Totem de Retirada de Senha"",""texto_recomendacao"":"""",""texto_constatacao_nao"":""No local, não há orientação ou terminais para acesso aos canais digitais e retirada de senha"",""texto_constatacao_sim"":""No local, há orientação ou terminais para acesso aos canais digitais e retirada de senha""},{""id"":""0ffc0142-77d6-4053-a87f-f72e40653357"",""ativo"":true,""ordem"":7,""gera_nc"":true,""pergunta"":""O gradeamento está limpo e opera de maneira adequada?"",""texto_nc"":""30"",""is_sample"":false,""created_at"":""2026-04-01T15:08:42.591896+00:00"",""created_by"":null,""prazo_dias"":30,""created_date"":""2026-04-01T15:08:42.591896+00:00"",""updated_date"":""2026-04-01T15:08:42.591896+00:00"",""created_by_id"":null,""artigo_portaria"":""art. 26, inciso VII da Portaria AGEMS nº 321/25"",""tipo_unidade_id"":""3b62db96-dedc-4886-b591-f73ccff0a686"",""texto_determinacao"":""apresentar registros fotográficos comprovando que o gradeamento e o desarenador estão operando de forma adequada, sem acúmulo de sedimentos que comprometem o fluxo"",""texto_recomendacao"":"""",""texto_constatacao_nao"":""Há acúmulo de sólidos no gradeamento, comprometendo o fluxo"",""texto_constatacao_sim"":""O gradeamento está limpo e opera de maneira adequada""},{""id"":""23c4df98-3ee0-400f-b929-76d587a88cfb"",""ativo"":true,""ordem"":11,""gera_nc"":true,""pergunta"":""Há assentos suficientes, ventilação/climatização e condições de higiene na área de espera?"",""texto_nc"":""30"",""is_sample"":false,""created_at"":""2026-03-23T11:49:12.213558+00:00"",""created_by"":null,""prazo_dias"":30,""created_date"":""2026-03-23T11:49:12.213558+00:00"",""updated_date"":""2026-03-23T11:49:12.213558+00:00"",""created_by_id"":null,""artigo_portaria"":""art. 33, inciso V da Portaria AGEMS nº 321/25"",""tipo_unidade_id"":""95452328-7ad9-4693-9b56-444f8c3cce77"",""texto_determinacao"":""apresentar registros fotográficos dos assentos, ventilação/climatização e demais equipamentos que demonstrem condições adequadas e em quantidades suficientes, de forma a garantir a prestação do serviço adequado ao usuário"",""texto_recomendacao"":"""",""texto_constatacao_nao"":""Não há assentos suficientes, ventilação/climatização e condições de higiene na área de espera"",""texto_constatacao_sim"":""Há assentos suficientes, ventilação/climatização e condições de higiene na área de espera""},{""id"":""a7e240d3-8fcb-45cd-ac3c-909964a00233"",""ativo"":true,""ordem"":12,""gera_nc"":true,""pergunta"":""Existem extintores de incêndio com data de manutenção em dia?"",""texto_nc"":""30"",""is_sample"":false,""created_at"":""2026-03-23T11:49:12.213558+00:00"",""created_by"":null,""prazo_dias"":30,""created_date"":""2026-03-23T11:49:12.213558+00:00"",""updated_date"":""2026-03-23T11:49:12.213558+00:00"",""created_by_id"":null,""artigo_portaria"":""art. 26, inciso XI da Portaria AGEMS nº 321/25"",""tipo_unidade_id"":""95452328-7ad9-4693-9b56-444f8c3cce77"",""texto_determinacao"":""apresentar registros fotográficos ou documentos comprobatórios que demonstrem que os extintores de incêndio estejam com data de manutenção em dia e em conformidade com o Certificado de Vistoria do Corpo de Bombeiros (CVCBM)"",""texto_recomendacao"":"""",""texto_constatacao_nao"":""Não existem extintores de incêndio com data de manutenção em dia"",""texto_constatacao_sim"":""Existem extintores de incêndio com data de manutenção em dia""},{""id"":""d9b214ff-55fb-49f5-8bda-2f4508262d90"",""ativo"":true,""ordem"":1,""gera_nc"":true,""pergunta"":""O armazenamento de materiais é feito de forma adequada e segura?"",""texto_nc"":""30"",""is_sample"":false,""created_at"":""2026-04-01T15:08:30.148736+00:00"",""created_by"":null,""prazo_dias"":30,""created_date"":""2026-04-01T15:08:30.148736+00:00"",""updated_date"":""2026-04-01T15:08:30.148736+00:00"",""created_by_id"":null,""artigo_portaria"":""art. 24, inciso VI da Portaria AGEMS nº 321/25"",""tipo_unidade_id"":""b3fdb769-f4fc-4a3b-a11f-221611613f57"",""texto_determinacao"":""apresentar registros fotográficos comprovando que os materiais estão armazenados de forma adequada e segura"",""texto_recomendacao"":"""",""texto_constatacao_nao"":""O armazenamento de materiais não é feito de forma adequada e segura"",""texto_constatacao_sim"":""O armazenamento de materiais é feito de forma adequada e segura""},{""id"":""2ab4b747-f28c-4f55-b2ef-fc95f3136b28"",""ativo"":true,""ordem"":2,""gera_nc"":true,""pergunta"":""As tubulações são armazenadas em ambiente coberto, longe da exposição solar?"",""texto_nc"":""30"",""is_sample"":false,""created_at"":""2026-04-01T15:08:30.148736+00:00"",""created_by"":null,""prazo_dias"":30,""created_date"":""2026-04-01T15:08:30.148736+00:00"",""updated_date"":""2026-04-01T15:08:30.148736+00:00"",""created_by_id"":null,""artigo_portaria"":""art. 24, inciso VI da Portaria AGEMS nº 321/25"",""tipo_unidade_id"":""b3fdb769-f4fc-4a3b-a11f-221611613f57"",""texto_determinacao"":""apresentar registros fotográficos que as tubulações estão armazenadas em ambiente coberto, isto é, longe da exposição solar"",""texto_recomendacao"":"""",""texto_constatacao_nao"":""As tubulações não são armazenadas em ambiente coberto e longe da exposição solar"",""texto_constatacao_sim"":""As tubulações são armazenadas em ambiente coberto e estão longe da exposição solar""},{""id"":""b156da1e-5790-4ffe-91a1-b899dba07c82"",""ativo"":true,""ordem"":3,""gera_nc"":true,""pergunta"":""Os materiais e equipamentos estão armazenados exclusivamente no interior do almoxarifado?"",""texto_nc"":""30"",""is_sample"":false,""created_at"":""2026-04-01T15:08:30.148736+00:00"",""created_by"":null,""prazo_dias"":30,""created_date"":""2026-04-01T15:08:30.148736+00:00"",""updated_date"":""2026-04-01T15:08:30.148736+00:00"",""created_by_id"":null,""artigo_portaria"":""art. 24, inciso VII da Portaria AGEMS nº 321/25"",""tipo_unidade_id"":""b3fdb769-f4fc-4a3b-a11f-221611613f57"",""texto_determinacao"":""apresentar registros fotográficos de que os materiais que estavam armazenados fora do almoxarifado, agora encontram-se acondicionados no interior do almoxarifado"",""texto_recomendacao"":"""",""texto_constatacao_nao"":""Os materiais e/ou equipamentos estão armazenados fora do almoxarifado"",""texto_constatacao_sim"":""Os materiais e equipamentos estão armazenados dentro do almoxarifado e de forma adequada""},{""id"":""d50b3ef3-457f-4418-9c52-dfa407f181be"",""ativo"":true,""ordem"":4,""gera_nc"":true,""pergunta"":""Recipientes com substâncias perigosas estão corretamente armazenados?"",""texto_nc"":""30"",""is_sample"":false,""created_at"":""2026-04-01T15:08:30.148736+00:00"",""created_by"":null,""prazo_dias"":30,""created_date"":""2026-04-01T15:08:30.148736+00:00"",""updated_date"":""2026-04-01T15:08:30.148736+00:00"",""created_by_id"":null,""artigo_portaria"":""art. 24, inciso VII da Portaria AGEMS nº 321/25"",""tipo_unidade_id"":""b3fdb769-f4fc-4a3b-a11f-221611613f57"",""texto_determinacao"":""apresentar registros fotográficos que comprovem que os recipientes com substâncias perigosas estejam armazenados de forma segura e correta"",""texto_recomendacao"":"""",""texto_constatacao_nao"":""Os recipientes com substâncias perigosas não estão armazenados de forma adequada"",""texto_constatacao_sim"":""Os recipientes com substâncias perigosas estão armazenados de forma adequada""},{""id"":""71fca60d-f13d-4fc2-8a98-2ef7534e5ea7"",""ativo"":true,""ordem"":5,""gera_nc"":true,""pergunta"":""Os materiais armazenados são suficientes para atender à demanda?"",""texto_nc"":""30"",""is_sample"":false,""created_at"":""2026-04-01T15:08:30.148736+00:00"",""created_by"":null,""prazo_dias"":30,""created_date"":""2026-04-01T15:08:30.148736+00:00"",""updated_date"":""2026-04-01T15:08:30.148736+00:00"",""created_by_id"":null,""artigo_portaria"":""art. 24, inciso VI da Portaria AGEMS nº 321/25"",""tipo_unidade_id"":""b3fdb769-f4fc-4a3b-a11f-221611613f57"",""texto_determinacao"":""apresentar registros fotográficos de que os materiais armazenados atualmente no almoxarifado são suficientes para atender à demanda da unidade"",""texto_recomendacao"":"""",""texto_constatacao_nao"":""Os materiais armazenados não são suficientes para atender à demanda"",""texto_constatacao_sim"":""Os materiais armazenados são suficientes para atender à demanda""},{""id"":""f42fc431-a927-4448-b44d-1b2429c14de5"",""ativo"":true,""ordem"":1,""gera_nc"":true,""pergunta"":""A unidade possui identificação externa (ID) adequada?"",""texto_nc"":""30"",""is_sample"":false,""created_at"":""2026-04-01T15:08:36.919752+00:00"",""created_by"":null,""prazo_dias"":30,""created_date"":""2026-04-01T15:08:36.919752+00:00"",""updated_date"":""2026-04-01T15:08:36.919752+00:00"",""created_by_id"":null,""artigo_portaria"":""art. 24, inciso VII da Portaria AGEMS nº 321/25"",""tipo_unidade_id"":""1bb55f5e-0039-4598-84de-56dbdfedb3f0"",""texto_determinacao"":""apresentar registros fotográficos comprovando que a unidade possui identificação externa adequada"",""texto_recomendacao"":"""",""texto_constatacao_nao"":""A unidade não possui identificação externa adequada"",""texto_constatacao_sim"":""A unidade possui identificação externa adequada""},{""id"":""462a2c17-b71c-492f-bc6f-a8e242c677a3"",""ativo"":true,""ordem"":2,""gera_nc"":true,""pergunta"":""A unidade possui cercamento (alambrado/muros) garantindo a segurança?"",""texto_nc"":""30"",""is_sample"":false,""created_at"":""2026-04-01T15:08:36.919752+00:00"",""created_by"":null,""prazo_dias"":30,""created_date"":""2026-04-01T15:08:36.919752+00:00"",""updated_date"":""2026-04-01T15:08:36.919752+00:00"",""created_by_id"":null,""artigo_portaria"":""art. 24, inciso VII da Portaria AGEMS nº 321/25"",""tipo_unidade_id"":""1bb55f5e-0039-4598-84de-56dbdfedb3f0"",""texto_determinacao"":""apresentar registros fotográficos de que foi instalado cercamento com Alambrado, Muros ou materiais equivalentes"",""texto_recomendacao"":"""",""texto_constatacao_nao"":""A unidade não possui cercamento adequado, favorecendo a insegurança"",""texto_constatacao_sim"":""A unidade possui cercamento adequado""},{""id"":""fd36e85e-b034-49c2-b200-342961b36bd9"",""ativo"":true,""ordem"":3,""gera_nc"":true,""pergunta"":""Os portões possuem cadeados e garantem a segurança?"",""texto_nc"":""30"",""is_sample"":false,""created_at"":""2026-04-01T15:08:36.919752+00:00"",""created_by"":null,""prazo_dias"":30,""created_date"":""2026-04-01T15:08:36.919752+00:00"",""updated_date"":""2026-04-01T15:08:36.919752+00:00"",""created_by_id"":null,""artigo_portaria"":""art. 24, inciso VII da Portaria AGEMS nº 321/25"",""tipo_unidade_id"":""1bb55f5e-0039-4598-84de-56dbdfedb3f0"",""texto_determinacao"":""apresentar registros fotográficos de que foram instalados cadeados nos portões"",""texto_recomendacao"":"""",""texto_constatacao_nao"":""Os portões não possuem cadeados, favorecendo a insegurança"",""texto_constatacao_sim"":""Os portões possuem cadeados, garantindo a segurança""},{""id"":""bb7aa64d-d099-434d-8c14-a6d1636551de"",""ativo"":true,""ordem"":4,""gera_nc"":true,""pergunta"":""A unidade possui sinalização de 'Entrada Proibida'?"",""texto_nc"":""30"",""is_sample"":false,""created_at"":""2026-04-01T15:08:36.919752+00:00"",""created_by"":null,""prazo_dias"":30,""created_date"":""2026-04-01T15:08:36.919752+00:00"",""updated_date"":""2026-04-01T15:08:36.919752+00:00"",""created_by_id"":null,""artigo_portaria"":""art. 24, inciso VII da Portaria AGEMS nº 321/25"",""tipo_unidade_id"":""1bb55f5e-0039-4598-84de-56dbdfedb3f0"",""texto_determinacao"":""apresentar registros fotográficos de que foi instalada sinalização de 'Entrada Proibida'"",""texto_recomendacao"":"""",""texto_constatacao_nao"":""A unidade não possui sinalização de 'Entrada Proibida'"",""texto_constatacao_sim"":""A unidade possui sinalização de 'Entrada Proibida'""},{""id"":""66009c00-08c0-4685-baa9-d96359e75162"",""ativo"":true,""ordem"":5,""gera_nc"":true,""pergunta"":""O entorno das unidades está roçado e livre de entulhos?"",""texto_nc"":""30"",""is_sample"":false,""created_at"":""2026-04-01T15:08:36.919752+00:00"",""created_by"":null,""prazo_dias"":30,""created_date"":""2026-04-01T15:08:36.919752+00:00"",""updated_date"":""2026-04-01T15:08:36.919752+00:00"",""created_by_id"":null,""artigo_portaria"":""art. 24, inciso VII da Portaria AGEMS nº 321/25"",""tipo_unidade_id"":""1bb55f5e-0039-4598-84de-56dbdfedb3f0"",""texto_determinacao"":""apresentar registros fotográficos de que o entorno das unidades está roçado e livre de entulhos"",""texto_recomendacao"":"""",""texto_constatacao_nao"":""O entorno das unidades não está roçado ou possui entulhos"",""texto_constatacao_sim"":""O entorno das unidades está roçado e livre de entulhos""},{""id"":""e8cf8b31-a7d9-419b-8a81-b05068b96502"",""ativo"":true,""ordem"":6,""gera_nc"":true,""pergunta"":""O entorno das unidades está livre de vazamentos aparentes?"",""texto_nc"":""30"",""is_sample"":false,""created_at"":""2026-04-01T15:08:36.919752+00:00"",""created_by"":null,""prazo_dias"":30,""created_date"":""2026-04-01T15:08:36.919752+00:00"",""updated_date"":""2026-04-01T15:08:36.919752+00:00"",""created_by_id"":null,""artigo_portaria"":""art. 24, inciso VII da Portaria AGEMS nº 321/25"",""tipo_unidade_id"":""1bb55f5e-0039-4598-84de-56dbdfedb3f0"",""texto_determinacao"":""apresentar registros fotográficos de que foram sanados os vazamentos aparentes"",""texto_recomendacao"":"""",""texto_constatacao_nao"":""Há vazamentos aparentes no entorno das unidades"",""texto_constatacao_sim"":""O entorno das unidades está livre de vazamentos aparentes""},{""id"":""ff7ce968-fd5a-4154-a959-d2eb9354ad68"",""ativo"":true,""ordem"":7,""gera_nc"":true,""pergunta"":""A unidade encontra-se livre de exalação excessiva de odores ou reclamações da vizinhança?"",""texto_nc"":""30"",""is_sample"":false,""created_at"":""2026-04-01T15:08:36.919752+00:00"",""created_by"":null,""prazo_dias"":30,""created_date"":""2026-04-01T15:08:36.919752+00:00"",""updated_date"":""2026-04-01T15:08:36.919752+00:00"",""created_by_id"":null,""artigo_portaria"":""art. 26, inciso VII da Portaria AGEMS nº 321/25"",""tipo_unidade_id"":""1bb55f5e-0039-4598-84de-56dbdfedb3f0"",""texto_determinacao"":""apresentar Plano de ação e justificar cada item do Plano a fim de mitigar os odores originados pela EEE"",""texto_recomendacao"":"""",""texto_constatacao_nao"":""Há evidências de exalação excessiva de odores ou reclamações da vizinhança"",""texto_constatacao_sim"":""Não há evidências de exalação excessiva de odores ou reclamações da vizinhança""},{""id"":""f730fd99-3128-4c1e-bc12-37c24b8ce67c"",""ativo"":true,""ordem"":8,""gera_nc"":true,""pergunta"":""O gradeamento está limpo e opera de maneira adequada?"",""texto_nc"":""30"",""is_sample"":false,""created_at"":""2026-04-01T15:08:36.919752+00:00"",""created_by"":null,""prazo_dias"":30,""created_date"":""2026-04-01T15:08:36.919752+00:00"",""updated_date"":""2026-04-01T15:08:36.919752+00:00"",""created_by_id"":null,""artigo_portaria"":""art. 26, inciso VII da Portaria AGEMS nº 321/25"",""tipo_unidade_id"":""1bb55f5e-0039-4598-84de-56dbdfedb3f0"",""texto_determinacao"":""apresentar registros fotográficos comprovando que o gradeamento está operando de forma adequada"",""texto_recomendacao"":"""",""texto_constatacao_nao"":""Há acúmulo de sólidos no gradeamento, comprometendo o fluxo"",""texto_constatacao_sim"":""O gradeamento está limpo e opera de maneira adequada""},{""id"":""2a57722a-6fc5-44c3-b7bc-f99fc7e0582c"",""ativo"":true,""ordem"":9,""gera_nc"":true,""pergunta"":""O desarenador (caixa de areia) está limpo e opera de maneira adequada?"",""texto_nc"":""30"",""is_sample"":false,""created_at"":""2026-04-01T15:08:36.919752+00:00"",""created_by"":null,""prazo_dias"":30,""created_date"":""2026-04-01T15:08:36.919752+00:00"",""updated_date"":""2026-04-01T15:08:36.919752+00:00"",""created_by_id"":null,""artigo_portaria"":""art. 26, inciso VII da Portaria AGEMS nº 321/25"",""tipo_unidade_id"":""1bb55f5e-0039-4598-84de-56dbdfedb3f0"",""texto_determinacao"":""apresentar registros fotográficos comprovando que o desarenador está operando de forma adequada"",""texto_recomendacao"":"""",""texto_constatacao_nao"":""Há acúmulo de sólidos no desarenador, comprometendo o fluxo"",""texto_constatacao_sim"":""O desarenador está limpo e opera de maneira adequada""},{""id"":""7a5701eb-4965-4823-bed3-c1cc4674dd35"",""ativo"":true,""ordem"":10,""gera_nc"":true,""pergunta"":""O material do gradeamento é armazenado em caçambas até a destinação final?"",""texto_nc"":""30"",""is_sample"":false,""created_at"":""2026-04-01T15:08:36.919752+00:00"",""created_by"":null,""prazo_dias"":30,""created_date"":""2026-04-01T15:08:36.919752+00:00"",""updated_date"":""2026-04-01T15:08:36.919752+00:00"",""created_by_id"":null,""artigo_portaria"":""art. 26, inciso VII da Portaria AGEMS nº 321/25"",""tipo_unidade_id"":""1bb55f5e-0039-4598-84de-56dbdfedb3f0"",""texto_determinacao"":""apresentar Plano de Ação e justificar cada escolha do Plano a fim de armazenar os rejeitos do gradeamento de forma ambientalmente adequada"",""texto_recomendacao"":"""",""texto_constatacao_nao"":""O material do gradeamento não é armazenado de maneira adequada, permanecendo exposto sem nenhum tratamento"",""texto_constatacao_sim"":""O material do gradeamento é armazenado de forma correta e adequada até a destinação final""},{""id"":""8260a732-1688-41fa-9ebf-4224eae071d5"",""ativo"":true,""ordem"":11,""gera_nc"":true,""pergunta"":""As tampas de proteção do poço de sucção estão em boas condições de uso e segurança?"",""texto_nc"":""30"",""is_sample"":false,""created_at"":""2026-04-01T15:08:36.919752+00:00"",""created_by"":null,""prazo_dias"":30,""created_date"":""2026-04-01T15:08:36.919752+00:00"",""updated_date"":""2026-04-01T15:08:36.919752+00:00"",""created_by_id"":null,""artigo_portaria"":""art. 24, inciso VII da Portaria AGEMS nº 321/25"",""tipo_unidade_id"":""1bb55f5e-0039-4598-84de-56dbdfedb3f0"",""texto_determinacao"":""apresentar registros fotográficos de que as tampas de proteção do poço de sucção estão afixadas de forma adequada"",""texto_recomendacao"":"""",""texto_constatacao_nao"":""As tampas de proteção do poço de sucção não estão em boas condições"",""texto_constatacao_sim"":""As tampas de proteção do poço de sucção estão em boas condições de uso e segurança""},{""id"":""5f8d3c1d-2f04-4694-a1bc-4515d4fe98f0"",""ativo"":true,""ordem"":12,""gera_nc"":true,""pergunta"":""As tampas de proteção do gradeamento estão em boas condições de uso e segurança?"",""texto_nc"":""30"",""is_sample"":false,""created_at"":""2026-04-01T15:08:36.919752+00:00"",""created_by"":null,""prazo_dias"":30,""created_date"":""2026-04-01T15:08:36.919752+00:00"",""updated_date"":""2026-04-01T15:08:36.919752+00:00"",""created_by_id"":null,""artigo_portaria"":""art. 24, inciso VII da Portaria AGEMS nº 321/25"",""tipo_unidade_id"":""1bb55f5e-0039-4598-84de-56dbdfedb3f0"",""texto_determinacao"":""apresentar registros fotográficos de que as tampas de proteção do gradeamento estão afixadas de forma adequada"",""texto_recomendacao"":"""",""texto_constatacao_nao"":""As tampas de proteção do gradeamento não estão em boas condições"",""texto_constatacao_sim"":""As tampas de proteção do gradeamento estão em boas condições de uso e segurança""},{""id"":""edd67e9c-cdb2-45d9-ad30-f3e52ca55305"",""ativo"":true,""ordem"":13,""gera_nc"":true,""pergunta"":""Os conjuntos motobombas operam sem ruído excessivo ou vibração anormal?"",""texto_nc"":""30"",""is_sample"":false,""created_at"":""2026-04-01T15:08:36.919752+00:00"",""created_by"":null,""prazo_dias"":30,""created_date"":""2026-04-01T15:08:36.919752+00:00"",""updated_date"":""2026-04-01T15:08:36.919752+00:00"",""created_by_id"":null,""artigo_portaria"":""art. 26, inciso VII da Portaria AGEMS nº 321/25"",""tipo_unidade_id"":""1bb55f5e-0039-4598-84de-56dbdfedb3f0"",""texto_determinacao"":""apresentar justificativa técnica, documentos comprobatórios ou Plano de Ação (se for o caso) para comprovar que as manutenções preventivas/corretivas foram realizadas nos conjuntos motobombas"",""texto_recomendacao"":"""",""texto_constatacao_nao"":""Os conjuntos motobombas apresentam ruído excessivo ou vibração anormal"",""texto_constatacao_sim"":""Os conjuntos motobombas não apresentam ruído excessivo ou vibração anormal""},{""id"":""de674e96-56f3-4169-af7b-1f46c1e0f12a"",""ativo"":true,""ordem"":14,""gera_nc"":true,""pergunta"":""Possui conjunto motobomba reserva?"",""texto_nc"":""30"",""is_sample"":false,""created_at"":""2026-04-01T15:08:36.919752+00:00"",""created_by"":null,""prazo_dias"":30,""created_date"":""2026-04-01T15:08:36.919752+00:00"",""updated_date"":""2026-04-01T15:08:36.919752+00:00"",""created_by_id"":null,""artigo_portaria"":""art. 26, inciso VII da Portaria AGEMS nº 321/25"",""tipo_unidade_id"":""1bb55f5e-0039-4598-84de-56dbdfedb3f0"",""texto_determinacao"":""apresentar registros fotográficos e documentos comprobatórios da existência de conjunto motobomba reserva na Unidade em conformidade com o Art. 115 da Portaria AGEMS nº 320/2025"",""texto_recomendacao"":"""",""texto_constatacao_nao"":""Não possui conjunto motobomba reserva"",""texto_constatacao_sim"":""Possui conjunto motobomba reserva pronto para utilização""},{""id"":""95d996ba-afd4-4717-b90a-1280466cc51f"",""ativo"":true,""ordem"":15,""gera_nc"":true,""pergunta"":""Possui gerador de energia elétrica pronto para utilização?"",""texto_nc"":""30"",""is_sample"":false,""created_at"":""2026-04-01T15:08:36.919752+00:00"",""created_by"":null,""prazo_dias"":30,""created_date"":""2026-04-01T15:08:36.919752+00:00"",""updated_date"":""2026-04-01T15:08:36.919752+00:00"",""created_by_id"":null,""artigo_portaria"":""art. 26, inciso VII da Portaria AGEMS nº 321/25"",""tipo_unidade_id"":""1bb55f5e-0039-4598-84de-56dbdfedb3f0"",""texto_determinacao"":""apresentar registros fotográficos ou documentos comprobatórios da existência de equipamento gerador de energia elétrica ou justificativas técnicas para a não implantação do equipamento na unidade"",""texto_recomendacao"":"""",""texto_constatacao_nao"":""Não possui gerador de energia elétrica"",""texto_constatacao_sim"":""Possui gerador de energia elétrica pronto para utilização""},{""id"":""583f9933-9665-4f71-8d5b-3b1e9b623999"",""ativo"":true,""ordem"":16,""gera_nc"":true,""pergunta"":""O Abrigo do Quadro de Comando Elétrico do poço está em bom estado de conservação, uso e operação?"",""texto_nc"":""30"",""is_sample"":false,""created_at"":""2026-04-01T15:08:36.919752+00:00"",""created_by"":null,""prazo_dias"":30,""created_date"":""2026-04-01T15:08:36.919752+00:00"",""updated_date"":""2026-04-01T15:08:36.919752+00:00"",""created_by_id"":null,""artigo_portaria"":""art. 24, inciso VII da Portaria AGEMS nº 321/25"",""tipo_unidade_id"":""1bb55f5e-0039-4598-84de-56dbdfedb3f0"",""texto_determinacao"":""apresentar registros fotográficos de que o Abrigo do Quadro de Comando Elétrico da captação está em bom estado de conservação, uso e operação"",""texto_recomendacao"":"""",""texto_constatacao_nao"":""O Abrigo do Quadro de Comando Elétrico da captação não está em bom estado de conservação, uso e operação"",""texto_constatacao_sim"":""O Abrigo do Quadro de Comando Elétrico da captação está em bom estado de conservação, uso e operação""},{""id"":""a96e55be-7a88-4270-845a-d59363b1e87a"",""ativo"":true,""ordem"":17,""gera_nc"":true,""pergunta"":""As instalações elétricas do poço estão adequadas?"",""texto_nc"":""30"",""is_sample"":false,""created_at"":""2026-04-01T15:08:36.919752+00:00"",""created_by"":null,""prazo_dias"":30,""created_date"":""2026-04-01T15:08:36.919752+00:00"",""updated_date"":""2026-04-01T15:08:36.919752+00:00"",""created_by_id"":null,""artigo_portaria"":""art. 26, inciso VII da Portaria AGEMS nº 321/25"",""tipo_unidade_id"":""1bb55f5e-0039-4598-84de-56dbdfedb3f0"",""texto_determinacao"":""apresentar registros fotográficos e documentação comprobatória de que as instalações elétricas do poço estão adequadas para o uso e não oferecem risco de choque elétrico ou demais sinistros para os colaboradores"",""texto_recomendacao"":"""",""texto_constatacao_nao"":""As instalações elétricas do poço não estão adequadas"",""texto_constatacao_sim"":""As instalações elétricas do poço estão adequadas""},{""id"":""7b06fe10-120f-49fa-958a-e96fb5aa30f6"",""ativo"":true,""ordem"":18,""gera_nc"":true,""pergunta"":""As condições do quadro de comando estão em bom estado de uso, segurança e operação?"",""texto_nc"":""30"",""is_sample"":false,""created_at"":""2026-04-01T15:08:36.919752+00:00"",""created_by"":null,""prazo_dias"":30,""created_date"":""2026-04-01T15:08:36.919752+00:00"",""updated_date"":""2026-04-01T15:08:36.919752+00:00"",""created_by_id"":null,""artigo_portaria"":""art. 26, inciso VII da Portaria AGEMS nº 321/25"",""tipo_unidade_id"":""1bb55f5e-0039-4598-84de-56dbdfedb3f0"",""texto_determinacao"":""apresentar registros fotográficos e documentos comprobatórios de que as condições do quadro de comando estão em bom estado de segurança, não oferecendo riscos aos colaboradores"",""texto_recomendacao"":"""",""texto_constatacao_nao"":""As condições do quadro de comando não estão em bom estado de uso, segurança e operação"",""texto_constatacao_sim"":""As condições do quadro de comando estão em bom estado de uso, segurança e operação""},{""id"":""3d409243-9f3a-456a-9d6b-7eb1455655da"",""ativo"":true,""ordem"":19,""gera_nc"":true,""pergunta"":""A unidade encontra-se livre de sinais de extravasamento?"",""texto_nc"":""30"",""is_sample"":false,""created_at"":""2026-04-01T15:08:36.919752+00:00"",""created_by"":null,""prazo_dias"":30,""created_date"":""2026-04-01T15:08:36.919752+00:00"",""updated_date"":""2026-04-01T15:08:36.919752+00:00"",""created_by_id"":null,""artigo_portaria"":""art. 26, inciso VII da Portaria AGEMS nº 321/25"",""tipo_unidade_id"":""1bb55f5e-0039-4598-84de-56dbdfedb3f0"",""texto_determinacao"":""apresentar registros fotográficos de que o extravasamento foi resolvido e comprovar com registro de ordem de serviço"",""texto_recomendacao"":"""",""texto_constatacao_nao"":""Há sinais de extravasametno visíveis dentro da unidade"",""texto_constatacao_sim"":""Não há sinais de extravasamento visíveis dentro da unidade""},{""id"":""4c8c0aa8-3107-4d33-b70d-087575f2dc63"",""ativo"":true,""ordem"":1,""gera_nc"":true,""pergunta"":""A unidade possui identificação externa (ID) adequada?"",""texto_nc"":""30"",""is_sample"":false,""created_at"":""2026-04-01T15:08:42.591896+00:00"",""created_by"":null,""prazo_dias"":30,""created_date"":""2026-04-01T15:08:42.591896+00:00"",""updated_date"":""2026-04-01T15:08:42.591896+00:00"",""created_by_id"":null,""artigo_portaria"":""art. 24, inciso VII da Portaria AGEMS nº 321/25"",""tipo_unidade_id"":""3b62db96-dedc-4886-b591-f73ccff0a686"",""texto_determinacao"":""apresentar registros fotográficos de que a unidade possui identificação externa adequada"",""texto_recomendacao"":"""",""texto_constatacao_nao"":""A unidade não possui identificação externa adequada"",""texto_constatacao_sim"":""A unidade possui identificação externa adequada""},{""id"":""7745b944-9ac4-455b-a0f8-2aba65e1c9b9"",""ativo"":true,""ordem"":2,""gera_nc"":true,""pergunta"":""A unidade possui cercamento (alambrado/muros) garantindo a segurança?"",""texto_nc"":""30"",""is_sample"":false,""created_at"":""2026-04-01T15:08:42.591896+00:00"",""created_by"":null,""prazo_dias"":30,""created_date"":""2026-04-01T15:08:42.591896+00:00"",""updated_date"":""2026-04-01T15:08:42.591896+00:00"",""created_by_id"":null,""artigo_portaria"":""art. 24, inciso VII da Portaria AGEMS nº 321/25"",""tipo_unidade_id"":""3b62db96-dedc-4886-b591-f73ccff0a686"",""texto_determinacao"":""apresentar registros fotográficos de que foi instalado cercamento com Alambrado, Muros ou materiais equivalentes"",""texto_recomendacao"":"""",""texto_constatacao_nao"":""A unidade não possui cercamento adequado"",""texto_constatacao_sim"":""A unidade possui cercamento adequado""},{""id"":""51d023e2-9bde-4ade-9009-1fb027e68f1b"",""ativo"":true,""ordem"":3,""gera_nc"":true,""pergunta"":""Os portões possuem cadeados e garantem a segurança?"",""texto_nc"":""30"",""is_sample"":false,""created_at"":""2026-04-01T15:08:42.591896+00:00"",""created_by"":null,""prazo_dias"":30,""created_date"":""2026-04-01T15:08:42.591896+00:00"",""updated_date"":""2026-04-01T15:08:42.591896+00:00"",""created_by_id"":null,""artigo_portaria"":""art. 24, inciso VII da Portaria AGEMS nº 321/25"",""tipo_unidade_id"":""3b62db96-dedc-4886-b591-f73ccff0a686"",""texto_determinacao"":""apresentar registros fotográficos de que foram instalados cadeados nos portões"",""texto_recomendacao"":"""",""texto_constatacao_nao"":""Os portões não possuem cadeados"",""texto_constatacao_sim"":""Os portões possuem cadeados""},{""id"":""35d18cb0-0fd9-455d-a5cd-3194778ebde5"",""ativo"":true,""ordem"":4,""gera_nc"":true,""pergunta"":""A unidade possui sinalização de 'Entrada Proibida'?"",""texto_nc"":""30"",""is_sample"":false,""created_at"":""2026-04-01T15:08:42.591896+00:00"",""created_by"":null,""prazo_dias"":30,""created_date"":""2026-04-01T15:08:42.591896+00:00"",""updated_date"":""2026-04-01T15:08:42.591896+00:00"",""created_by_id"":null,""artigo_portaria"":""art. 24, inciso VII da Portaria AGEMS nº 321/25"",""tipo_unidade_id"":""3b62db96-dedc-4886-b591-f73ccff0a686"",""texto_determinacao"":""apresentar registros fotográficos de que foi instalada sinalização de 'Entrada Proibida'"",""texto_recomendacao"":"""",""texto_constatacao_nao"":""A unidade não possui sinalização de 'Entrada Proibida'"",""texto_constatacao_sim"":""A unidade possui sinalização de 'Entrada Proibida'""},{""id"":""5a0e6f13-efde-411c-8161-d3d71bd2e902"",""ativo"":true,""ordem"":5,""gera_nc"":true,""pergunta"":""O entorno das unidades está roçado e livre de entulhos?"",""texto_nc"":""30"",""is_sample"":false,""created_at"":""2026-04-01T15:08:42.591896+00:00"",""created_by"":null,""prazo_dias"":30,""created_date"":""2026-04-01T15:08:42.591896+00:00"",""updated_date"":""2026-04-01T15:08:42.591896+00:00"",""created_by_id"":null,""artigo_portaria"":""art. 24, inciso VII da Portaria AGEMS nº 321/25"",""tipo_unidade_id"":""3b62db96-dedc-4886-b591-f73ccff0a686"",""texto_determinacao"":""apresentar registros fotográficos de que o entorno das unidades está roçado e livre de entulhos"",""texto_recomendacao"":"""",""texto_constatacao_nao"":""O entorno das unidades não está roçado ou possui entulhos"",""texto_constatacao_sim"":""O entorno das unidades está roçado e livre de entulhos""},{""id"":""31459622-94c0-4885-a907-d021a6a4b8d0"",""ativo"":true,""ordem"":6,""gera_nc"":true,""pergunta"":""O entorno das unidades está livre de vazamentos aparentes?"",""texto_nc"":""30"",""is_sample"":false,""created_at"":""2026-04-01T15:08:42.591896+00:00"",""created_by"":null,""prazo_dias"":30,""created_date"":""2026-04-01T15:08:42.591896+00:00"",""updated_date"":""2026-04-01T15:08:42.591896+00:00"",""created_by_id"":null,""artigo_portaria"":""art. 24, inciso VII da Portaria AGEMS nº 321/25"",""tipo_unidade_id"":""3b62db96-dedc-4886-b591-f73ccff0a686"",""texto_determinacao"":""apresentar registros fotográficos de que foram sanados os vazamentos aparentes"",""texto_recomendacao"":"""",""texto_constatacao_nao"":""Há vazamentos aparentes no entorno das unidades"",""texto_constatacao_sim"":""O entorno das unidades está livre de vazamentos aparentes""},{""id"":""a57d17e4-1ff0-4301-8811-4ea8326df077"",""ativo"":true,""ordem"":8,""gera_nc"":true,""pergunta"":""O desarenador está limpo e opera de maneira adequada?"",""texto_nc"":""30"",""is_sample"":false,""created_at"":""2026-04-01T15:08:42.591896+00:00"",""created_by"":null,""prazo_dias"":30,""created_date"":""2026-04-01T15:08:42.591896+00:00"",""updated_date"":""2026-04-01T15:08:42.591896+00:00"",""created_by_id"":null,""artigo_portaria"":""art. 26, inciso VII da Portaria AGEMS nº 321/25"",""tipo_unidade_id"":""3b62db96-dedc-4886-b591-f73ccff0a686"",""texto_determinacao"":""apresentar registros fotográficos comprovando que o gradeamento e o desarenador estão operando de forma adequada, sem acúmulo de sedimentos que comprometem o fluxo"",""texto_recomendacao"":"""",""texto_constatacao_nao"":""Há acúmulo de sólidos no desarenador, comprometendo o fluxo"",""texto_constatacao_sim"":""O desarenador está limpo e opera de maneira adequada""},{""id"":""97328371-d400-43e3-bd2f-7013473a1c77"",""ativo"":true,""ordem"":9,""gera_nc"":true,""pergunta"":""O medidor (Calha Parshall ou eletromagnético) está operacional e com leitura atualizada?"",""texto_nc"":""30"",""is_sample"":false,""created_at"":""2026-04-01T15:08:42.591896+00:00"",""created_by"":null,""prazo_dias"":30,""created_date"":""2026-04-01T15:08:42.591896+00:00"",""updated_date"":""2026-04-01T15:08:42.591896+00:00"",""created_by_id"":null,""artigo_portaria"":""art. 26, inciso VII da Portaria AGEMS nº 321/25"",""tipo_unidade_id"":""3b62db96-dedc-4886-b591-f73ccff0a686"",""texto_determinacao"":""apresentar registros fotográficos e documentos que comprovem que o medidor de vazão está operando de forma adequada, com leitura atualizada e que houve manutenção adequada"",""texto_recomendacao"":"""",""texto_constatacao_nao"":""O medidor de vazão não está operando de forma adequada ou não apresenta leitura atualizada"",""texto_constatacao_sim"":""O medidor de vazão está operacional e com leitura atualizada""},{""id"":""a46cce33-369b-4179-ace7-ffaec8782a5d"",""ativo"":true,""ordem"":10,""gera_nc"":true,""pergunta"":""O perímetro da ETE está livre de exalação de odores fortes?"",""texto_nc"":""30"",""is_sample"":false,""created_at"":""2026-04-01T15:08:42.591896+00:00"",""created_by"":null,""prazo_dias"":30,""created_date"":""2026-04-01T15:08:42.591896+00:00"",""updated_date"":""2026-04-01T15:08:42.591896+00:00"",""created_by_id"":null,""artigo_portaria"":""art. 26, inciso VII da Portaria AGEMS nº 321/25"",""tipo_unidade_id"":""3b62db96-dedc-4886-b591-f73ccff0a686"",""texto_determinacao"":""apresentar Plano de ação e justificar cada item do Plano a fim de mitigar os odores originados pela EEE"",""texto_recomendacao"":"""",""texto_constatacao_nao"":""Há evidências de exalação excessiva de odores ou reclamações da vizinhança"",""texto_constatacao_sim"":""Não há evidências de exalação excessiva de odores ou reclamações da vizinhança""},{""id"":""9cc6b58e-613f-47d0-815e-6282545f66fb"",""ativo"":true,""ordem"":11,""gera_nc"":true,""pergunta"":""Existem barreiras vegetais ou sistemas de neutralização?"",""texto_nc"":""30"",""is_sample"":false,""created_at"":""2026-04-01T15:08:42.591896+00:00"",""created_by"":null,""prazo_dias"":30,""created_date"":""2026-04-01T15:08:42.591896+00:00"",""updated_date"":""2026-04-01T15:08:42.591896+00:00"",""created_by_id"":null,""artigo_portaria"":""art. 26, inciso VII da Portaria AGEMS nº 321/25"",""tipo_unidade_id"":""3b62db96-dedc-4886-b591-f73ccff0a686"",""texto_determinacao"":""apresentar Cronograma para implantação da barreira vegetal como sistema de neutralização de odores, conforme licença ambiental de operação da unidade"",""texto_recomendacao"":"""",""texto_constatacao_nao"":""Não há barreiras vegetais (cobertura arbórea) para o sistema de neutralização de odores"",""texto_constatacao_sim"":""Há barreiras vegetais (cobertura arbórea) para o sistema de neutralização de odores""},{""id"":""5f717461-8041-46c3-915d-dfb618ccfbb5"",""ativo"":true,""ordem"":12,""gera_nc"":true,""pergunta"":""O material do gradeamento é armazenado adequadamente (caçambas cobertas) até a destinação?"",""texto_nc"":""30"",""is_sample"":false,""created_at"":""2026-04-01T15:08:42.591896+00:00"",""created_by"":null,""prazo_dias"":30,""created_date"":""2026-04-01T15:08:42.591896+00:00"",""updated_date"":""2026-04-01T15:08:42.591896+00:00"",""created_by_id"":null,""artigo_portaria"":""art. 26, inciso VII da Portaria AGEMS nº 321/25"",""tipo_unidade_id"":""3b62db96-dedc-4886-b591-f73ccff0a686"",""texto_determinacao"":""apresentar Plano de Ação para armazenar os rejeitos do gradeamento de forma adequada"",""texto_recomendacao"":"""",""texto_constatacao_nao"":""O material do gradeamento não é armazenado de maneira adequada"",""texto_constatacao_sim"":""O material do gradeamento é armazenado de forma ambientalmente adequada""},{""id"":""134c0a3b-ce06-4a68-a056-75757ed563c1"",""ativo"":true,""ordem"":13,""gera_nc"":true,""pergunta"":""O lodo seco é armazenado adequadamente (caçambas cobertas/locais apropriados) até a destinação?"",""texto_nc"":""30"",""is_sample"":false,""created_at"":""2026-04-01T15:08:42.591896+00:00"",""created_by"":null,""prazo_dias"":30,""created_date"":""2026-04-01T15:08:42.591896+00:00"",""updated_date"":""2026-04-01T15:08:42.591896+00:00"",""created_by_id"":null,""artigo_portaria"":""art. 26, inciso VII da Portaria AGEMS nº 321/25"",""tipo_unidade_id"":""3b62db96-dedc-4886-b591-f73ccff0a686"",""texto_determinacao"":""apresentar Plano de Ação para armazenar o lodo seco de forma adequada"",""texto_recomendacao"":"""",""texto_constatacao_nao"":""O lodo seco não é armazenado de maneira adequada"",""texto_constatacao_sim"":""O lodo seco é armazenado de forma ambientalmente adequada""},{""id"":""adfd054e-6e26-4600-b1f4-860f6a5d5207"",""ativo"":true,""ordem"":14,""gera_nc"":true,""pergunta"":""Há presença e uso de EPIs específicos para risco biológico e gases (H2S)?"",""texto_nc"":""30"",""is_sample"":false,""created_at"":""2026-04-01T15:08:42.591896+00:00"",""created_by"":null,""prazo_dias"":30,""created_date"":""2026-04-01T15:08:42.591896+00:00"",""updated_date"":""2026-04-01T15:08:42.591896+00:00"",""created_by_id"":null,""artigo_portaria"":""art. 24, inciso VI da Portaria AGEMS nº 321/25"",""tipo_unidade_id"":""3b62db96-dedc-4886-b591-f73ccff0a686"",""texto_determinacao"":""apresentar registros fotográficos ou documentos que comprovem que foi implementado o uso de EPIs ou EPCs pela equipe operacional"",""texto_recomendacao"":"""",""texto_constatacao_nao"":""Não há presença e uso de EPIs específicos para risco biológico e gases (H2S)"",""texto_constatacao_sim"":""Há presença e uso de EPIs específicos para risco biológico e gases (H2S)""},{""id"":""3f737603-b403-4a6b-b94e-c250840cf83f"",""ativo"":true,""ordem"":15,""gera_nc"":true,""pergunta"":""O efluente final apresenta aspecto visual adequado (sem sólidos visíveis ou óleos)?"",""texto_nc"":""30"",""is_sample"":false,""created_at"":""2026-04-01T15:08:42.591896+00:00"",""created_by"":null,""prazo_dias"":30,""created_date"":""2026-04-01T15:08:42.591896+00:00"",""updated_date"":""2026-04-01T15:08:42.591896+00:00"",""created_by_id"":null,""artigo_portaria"":""art. 26, inciso VII da Portaria AGEMS nº 321/25"",""tipo_unidade_id"":""3b62db96-dedc-4886-b591-f73ccff0a686"",""texto_determinacao"":""apresentar Plano de Ação e justificar cada escolha do Plano a fim de evitar a presença de sólidos ou óleos visíveis na saída da ETE (efluente tratado)"",""texto_recomendacao"":"""",""texto_constatacao_nao"":""O efluente final não apresenta um aspecto visual adequado"",""texto_constatacao_sim"":""O efluente final apresenta aspecto visual adequado""},{""id"":""0fa1db7b-a888-4e99-93fb-a1bcf57a88bb"",""ativo"":true,""ordem"":16,""gera_nc"":true,""pergunta"":""Os leitos de secagem ou centrífugas estão em operação?"",""texto_nc"":""30"",""is_sample"":false,""created_at"":""2026-04-01T15:08:42.591896+00:00"",""created_by"":null,""prazo_dias"":30,""created_date"":""2026-04-01T15:08:42.591896+00:00"",""updated_date"":""2026-04-01T15:08:42.591896+00:00"",""created_by_id"":null,""artigo_portaria"":""art. 26, inciso VII da Portaria AGEMS nº 321/25"",""tipo_unidade_id"":""3b62db96-dedc-4886-b591-f73ccff0a686"",""texto_determinacao"":""apresentar registros fotográficos que comprovem que os leitos de secagem estão operando de forma adequada"",""texto_recomendacao"":"""",""texto_constatacao_nao"":""Os leitos de secagem (ou centrífuga) não estão em operação"",""texto_constatacao_sim"":""Os leitos de secagem (ou centrífugas) estão em operação de forma adequada""},{""id"":""af6ff17c-7766-48e5-94f7-86bee7a1ca58"",""ativo"":true,""ordem"":17,""gera_nc"":true,""pergunta"":""O local está livre de acúmulo excessivo de lodo seco aguardando descarte?"",""texto_nc"":""30"",""is_sample"":false,""created_at"":""2026-04-01T15:08:42.591896+00:00"",""created_by"":null,""prazo_dias"":30,""created_date"":""2026-04-01T15:08:42.591896+00:00"",""updated_date"":""2026-04-01T15:08:42.591896+00:00"",""created_by_id"":null,""artigo_portaria"":""art. 24, inciso VI da Portaria AGEMS nº 321/25"",""tipo_unidade_id"":""3b62db96-dedc-4886-b591-f73ccff0a686"",""texto_determinacao"":""apresentar cronograma mensal de retirada de lodo da ETE por empresa especializada"",""texto_recomendacao"":"""",""texto_constatacao_nao"":""Há acúmulo excessivo de lodo seco aguardando descarte"",""texto_constatacao_sim"":""Não há acúmulo excessivo de lodo seco aguardando descarte""},{""id"":""c4025a52-cccc-4b40-aa54-19db06323c25"",""ativo"":true,""ordem"":18,""gera_nc"":true,""pergunta"":""O reator UASB está estanque, livre de vazamentos ou infiltrações?"",""texto_nc"":""30"",""is_sample"":false,""created_at"":""2026-04-01T15:08:42.591896+00:00"",""created_by"":null,""prazo_dias"":30,""created_date"":""2026-04-01T15:08:42.591896+00:00"",""updated_date"":""2026-04-01T15:08:42.591896+00:00"",""created_by_id"":null,""artigo_portaria"":""art. 26, inciso VII da Portaria AGEMS nº 321/25"",""tipo_unidade_id"":""3b62db96-dedc-4886-b591-f73ccff0a686"",""texto_determinacao"":""apresentar Plano de Ação das ações a serem realizadas no reator UASB que garantam a estanqueidade e a operacionalidade do sistema de tratamento de esgoto do município"",""texto_recomendacao"":"""",""texto_constatacao_nao"":""O reator UASB possui vazamento ou infiltração"",""texto_constatacao_sim"":""O reator UASB não possui vazamento ou infiltração""},{""id"":""829fbb0e-a518-4d28-9321-508a52d3edb2"",""ativo"":true,""ordem"":19,""gera_nc"":true,""pergunta"":""Os vertedouros centrais estão em bom estado de conservação e limpeza?"",""texto_nc"":""30"",""is_sample"":false,""created_at"":""2026-04-01T15:08:42.591896+00:00"",""created_by"":null,""prazo_dias"":30,""created_date"":""2026-04-01T15:08:42.591896+00:00"",""updated_date"":""2026-04-01T15:08:42.591896+00:00"",""created_by_id"":null,""artigo_portaria"":""art. 24, inciso VII da Portaria AGEMS nº 321/25"",""tipo_unidade_id"":""3b62db96-dedc-4886-b591-f73ccff0a686"",""texto_determinacao"":""apresentar registros fotográficos de limpeza do reator bem como implantar Procedimento Operacional Padrão para as manutenções preventivas obrigatórias"",""texto_recomendacao"":"""",""texto_constatacao_nao"":""Os vertedouros centrais do reator UASB estão obstruídos, necessitando de manutenção"",""texto_constatacao_sim"":""Os vertedouros centrais do reator UASB estão em bom estado de conservação e limpeza""},{""id"":""e89c387f-a1a6-4fa1-9e63-a125933fc5d0"",""ativo"":true,""ordem"":20,""gera_nc"":true,""pergunta"":""A superfície do reator está livre de acúmulo excessivo de escuma?"",""texto_nc"":""30"",""is_sample"":false,""created_at"":""2026-04-01T15:08:42.591896+00:00"",""created_by"":null,""prazo_dias"":30,""created_date"":""2026-04-01T15:08:42.591896+00:00"",""updated_date"":""2026-04-01T15:08:42.591896+00:00"",""created_by_id"":null,""artigo_portaria"":""art. 24, inciso VII da Portaria AGEMS nº 321/25"",""tipo_unidade_id"":""3b62db96-dedc-4886-b591-f73ccff0a686"",""texto_determinacao"":""apresentar registros fotográficos de limpeza e retirada do excesso de escuma do reator UASB"",""texto_recomendacao"":"""",""texto_constatacao_nao"":""Há acúmulo excessivo de escuma"",""texto_constatacao_sim"":""Não há acúmulo excessivo de escuma""},{""id"":""247de486-2c7c-4012-83d0-65d0ac6629d8"",""ativo"":true,""ordem"":21,""gera_nc"":true,""pergunta"":""As tampas do reator UASB estão estanques (livres de vazamento de gás ou efluente)?"",""texto_nc"":""30"",""is_sample"":false,""created_at"":""2026-04-01T15:08:42.591896+00:00"",""created_by"":null,""prazo_dias"":30,""created_date"":""2026-04-01T15:08:42.591896+00:00"",""updated_date"":""2026-04-01T15:08:42.591896+00:00"",""created_by_id"":null,""artigo_portaria"":""art. 24, inciso VII da Portaria AGEMS nº 321/25"",""tipo_unidade_id"":""3b62db96-dedc-4886-b591-f73ccff0a686"",""texto_determinacao"":""apresentar registros fotográficos e ordem de serviço ou documento similar de que foi realizado manutenção no sistema, eliminando extravasamentos ou vazamentos de gás"",""texto_recomendacao"":"""",""texto_constatacao_nao"":""Há vazamento aparente de gás ou de efluentes pelas tampas"",""texto_constatacao_sim"":""Não há vazamento aparente de gás ou de efluentes pelas tampas""},{""id"":""ad02d8b0-934c-496f-8f0c-c46610087ff3"",""ativo"":true,""ordem"":11,""gera_nc"":true,""pergunta"":""As tampas de proteção do poço estão em boas condições de uso e segurança?"",""texto_nc"":""30"",""is_sample"":false,""created_at"":""2026-05-22T17:07:52.416786+00:00"",""created_by"":null,""prazo_dias"":30,""created_date"":""2026-05-22T17:07:52.416786+00:00"",""updated_date"":""2026-05-22T17:07:52.416786+00:00"",""created_by_id"":null,""artigo_portaria"":""art. 24, inciso VII da Portaria AGEMS nº 321/25"",""tipo_unidade_id"":""1bb55f5e-0039-4598-84de-56dbdfedb3f0"",""texto_determinacao"":""apresentar registros fotográficos de que as tampas de proteção do poço estão afixadas de forma adequada"",""texto_recomendacao"":"""",""texto_constatacao_nao"":""As tampas de proteção do poço não estão em boas condições"",""texto_constatacao_sim"":""As tampas de proteção do poço estão em boas condições de uso e segurança""},{""id"":""2e8c2c0d-0f88-461b-aff8-7bd3dc509407"",""ativo"":true,""ordem"":12,""gera_nc"":true,""pergunta"":""As tampas de proteção do gradeamento estão em boas condições de uso e segurança?"",""texto_nc"":""30"",""is_sample"":false,""created_at"":""2026-05-22T17:07:52.416786+00:00"",""created_by"":null,""prazo_dias"":30,""created_date"":""2026-05-22T17:07:52.416786+00:00"",""updated_date"":""2026-05-22T17:07:52.416786+00:00"",""created_by_id"":null,""artigo_portaria"":""art. 24, inciso VII da Portaria AGEMS nº 321/25"",""tipo_unidade_id"":""1bb55f5e-0039-4598-84de-56dbdfedb3f0"",""texto_determinacao"":""apresentar registros fotográficos de que as tampas de proteção do gradeamento estão afixadas de forma adequada"",""texto_recomendacao"":"""",""texto_constatacao_nao"":""As tampas de proteção do gradeamento não estão em boas condições"",""texto_constatacao_sim"":""As tampas de proteção do gradeamento estão em boas condições de uso e segurança""},{""id"":""d7b67144-16ef-44e9-b0df-6dae10718c60"",""ativo"":true,""ordem"":22,""gera_nc"":true,""pergunta"":""O biogás está sendo queimado com o queimador aceso, principalmente em horários de pico?"",""texto_nc"":""30"",""is_sample"":false,""created_at"":""2026-04-01T15:08:42.591896+00:00"",""created_by"":null,""prazo_dias"":30,""created_date"":""2026-04-01T15:08:42.591896+00:00"",""updated_date"":""2026-04-01T15:08:42.591896+00:00"",""created_by_id"":null,""artigo_portaria"":""art. 24, inciso VII da Portaria AGEMS nº 321/25"",""tipo_unidade_id"":""3b62db96-dedc-4886-b591-f73ccff0a686"",""texto_determinacao"":""apresentar Plano de Ação para manutenção do queimador do Sistema de Coleta de Gases, favorecendo a eliminação dos gases do interior do reator UASB"",""texto_recomendacao"":"""",""texto_constatacao_nao"":""O biogás não está sendo queimado através do queimador e não opera de forma adequada"",""texto_constatacao_sim"":""O biogás é queimado através do queimador, tanto em horários de pico como em baixos volumes""},{""id"":""8b83ccc9-9fe3-454d-8a50-038f836f84f1"",""ativo"":true,""ordem"":23,""gera_nc"":true,""pergunta"":""Os braços distribuidores ou bicos aspersores estão girando/aplicando o esgoto de forma uniforme sobre o meio filtrante?"",""texto_nc"":""30"",""is_sample"":false,""created_at"":""2026-04-01T15:08:42.591896+00:00"",""created_by"":null,""prazo_dias"":30,""created_date"":""2026-04-01T15:08:42.591896+00:00"",""updated_date"":""2026-04-01T15:08:42.591896+00:00"",""created_by_id"":null,""artigo_portaria"":""art. 26, inciso VII da Portaria AGEMS nº 321/25"",""tipo_unidade_id"":""3b62db96-dedc-4886-b591-f73ccff0a686"",""texto_determinacao"":""apresentar Plano de Ação com etapas que visem a manutenção do Filtro Biológico Percolador; ao final do Plano, comprovar com registros fotográficos que os braços distribuidores estão firando de forma adequada e aplicando o efluente de forma uniforme sobre o meio filtrante"",""texto_recomendacao"":"""",""texto_constatacao_nao"":""Os braços distribuidores do Filtro FBP não operam de forma adequada e não aplicam o efluente de forma uniforme sobre o meio filtrante"",""texto_constatacao_sim"":""Os braços distribuidores do Filtro FBP estão girando de forma adequada e aplicando oe fluente de forma uniforme sobre o meio filtrante""},{""id"":""35aa61fe-7b83-4245-900b-3c158ba9e25e"",""ativo"":true,""ordem"":24,""gera_nc"":true,""pergunta"":""O FBP está estanque, livre de vazamentos ou infiltrações?"",""texto_nc"":""30"",""is_sample"":false,""created_at"":""2026-04-01T15:08:42.591896+00:00"",""created_by"":null,""prazo_dias"":30,""created_date"":""2026-04-01T15:08:42.591896+00:00"",""updated_date"":""2026-04-01T15:08:42.591896+00:00"",""created_by_id"":null,""artigo_portaria"":""art. 26, inciso VII da Portaria AGEMS nº 321/25"",""tipo_unidade_id"":""3b62db96-dedc-4886-b591-f73ccff0a686"",""texto_determinacao"":""apresentar Plano de Ação com etapas que visem a estanqueidade do FBP, garantindo com que ele opere de forma adequada; ao final do Plano comprovar com registros fotográficos que o FBP não possui vazamento ou infiltração e está operando de forma adequada"",""texto_recomendacao"":"""",""texto_constatacao_nao"":""O FBP possui vazamento ou infiltração"",""texto_constatacao_sim"":""O FBP não possui vazamento ou infiltração""},{""id"":""2b7950cb-bbd3-495f-bc69-b19b44239be6"",""ativo"":true,""ordem"":25,""gera_nc"":true,""pergunta"":""A passagem da água sobre os vertedores do decantador está uniforme?"",""texto_nc"":""30"",""is_sample"":false,""created_at"":""2026-04-01T15:08:42.591896+00:00"",""created_by"":null,""prazo_dias"":30,""created_date"":""2026-04-01T15:08:42.591896+00:00"",""updated_date"":""2026-04-01T15:08:42.591896+00:00"",""created_by_id"":null,""artigo_portaria"":""art. 24, inciso VII da Portaria AGEMS nº 321/25"",""tipo_unidade_id"":""3b62db96-dedc-4886-b591-f73ccff0a686"",""texto_determinacao"":""apresentar registros fotográficos que comprove que a passagem do efluente sobre os vertedores do decantador está uniforme, sem a presença de sólidos visíveis"",""texto_recomendacao"":"""",""texto_constatacao_nao"":""A passagem do efluente sobre os vertedores do decantador não está uniforme ou de forma adequada"",""texto_constatacao_sim"":""A passagem do efluente sobre os vertedores do decantador está uniforme e de forma adequada""},{""id"":""71667491-d6aa-48f5-bc42-3f66a6d5ad2f"",""ativo"":true,""ordem"":26,""gera_nc"":true,""pergunta"":""O efluente de saída do decantador está livre de arraste de sólidos (lodo)?"",""texto_nc"":""30"",""is_sample"":false,""created_at"":""2026-04-01T15:08:42.591896+00:00"",""created_by"":null,""prazo_dias"":30,""created_date"":""2026-04-01T15:08:42.591896+00:00"",""updated_date"":""2026-04-01T15:08:42.591896+00:00"",""created_by_id"":null,""artigo_portaria"":""art. 24, inciso VII da Portaria AGEMS nº 321/25"",""tipo_unidade_id"":""3b62db96-dedc-4886-b591-f73ccff0a686"",""texto_determinacao"":""apresentar registros fotográficos que comprove que não há arraste de sólidos visíveis para o corpo receptor após a saída do decantador"",""texto_recomendacao"":"""",""texto_constatacao_nao"":""Há arraste de sólidos visíveis"",""texto_constatacao_sim"":""Não há arraste de sólidos visíveis""},{""id"":""cfa22988-dfb7-4d1b-a425-fdc4eee2878a"",""ativo"":true,""ordem"":27,""gera_nc"":true,""pergunta"":""O Decantador Secundário (DS) está estanque, livre de vazamentos ou infiltrações?"",""texto_nc"":""30"",""is_sample"":false,""created_at"":""2026-04-01T15:08:42.591896+00:00"",""created_by"":null,""prazo_dias"":30,""created_date"":""2026-04-01T15:08:42.591896+00:00"",""updated_date"":""2026-04-01T15:08:42.591896+00:00"",""created_by_id"":null,""artigo_portaria"":""art. 26, inciso VII da Portaria AGEMS nº 321/25"",""tipo_unidade_id"":""3b62db96-dedc-4886-b591-f73ccff0a686"",""texto_determinacao"":""apresentar Plano de Ação com etapas que visem a estanqueidade do Decantador Secundário, garantindo com que ele opere de forma adequada; ao final do Plano, comprovar com registros fotográficos que o DS não possui vazamento ou infiltração e está operando de forma adequada"",""texto_recomendacao"":"""",""texto_constatacao_nao"":""O decantador possui vazamento ou infiltração"",""texto_constatacao_sim"":""O decantador não possui vazamento ou infiltração""},{""id"":""32a3167d-eb98-4dd3-87f7-d9cc8757d877"",""ativo"":true,""ordem"":28,""gera_nc"":true,""pergunta"":""Os taludes externos das lagoas  estão roçados?"",""texto_nc"":""30"",""is_sample"":false,""created_at"":""2026-04-01T15:08:42.591896+00:00"",""created_by"":null,""prazo_dias"":30,""created_date"":""2026-04-01T15:08:42.591896+00:00"",""updated_date"":""2026-04-01T15:08:42.591896+00:00"",""created_by_id"":null,""artigo_portaria"":""art. 24, inciso VII da Portaria AGEMS nº 321/25"",""tipo_unidade_id"":""3b62db96-dedc-4886-b591-f73ccff0a686"",""texto_determinacao"":""apresentar registros fotográficos que comprovem a retirada do excesso de vegetação dos taludes externos das lagoas"",""texto_recomendacao"":"""",""texto_constatacao_nao"":""Os taludes externos das lagoas não estão roçados, mantendo um excesso de vegetação e prejudicando a operação adequada do sistema"",""texto_constatacao_sim"":""Os taludes externos das lagoas estão roçados de forma adequada""},{""id"":""988ac5e3-2dd1-4ce7-84c9-3a44c157c763"",""ativo"":true,""ordem"":29,""gera_nc"":true,""pergunta"":""As lagoas estão livres de vegetação aquática (macrófitas) excessiva?"",""texto_nc"":""30"",""is_sample"":false,""created_at"":""2026-04-01T15:08:42.591896+00:00"",""created_by"":null,""prazo_dias"":30,""created_date"":""2026-04-01T15:08:42.591896+00:00"",""updated_date"":""2026-04-01T15:08:42.591896+00:00"",""created_by_id"":null,""artigo_portaria"":""art. 24, inciso VII da Portaria AGEMS nº 321/25"",""tipo_unidade_id"":""3b62db96-dedc-4886-b591-f73ccff0a686"",""texto_determinacao"":""apresentar registros fotográficos que comprovem a retirada da vegetação aquática ou dos sobrenadantes nas lagoas"",""texto_recomendacao"":"""",""texto_constatacao_nao"":""Há presença de vegetação aquática excessiva"",""texto_constatacao_sim"":""Não há presença de vegetação aquática excessiva""},{""id"":""89129659-8377-41d6-9bbc-90de779c9074"",""ativo"":true,""ordem"":30,""gera_nc"":true,""pergunta"":""A lagoa facultativa apresenta coloração verde (indício de algas e boa oxigenação)?"",""texto_nc"":""30"",""is_sample"":false,""created_at"":""2026-04-01T15:08:42.591896+00:00"",""created_by"":null,""prazo_dias"":30,""created_date"":""2026-04-01T15:08:42.591896+00:00"",""updated_date"":""2026-04-01T15:08:42.591896+00:00"",""created_by_id"":null,""artigo_portaria"":""art. 24, inciso VII da Portaria AGEMS nº 321/25"",""tipo_unidade_id"":""3b62db96-dedc-4886-b591-f73ccff0a686"",""texto_determinacao"":""apresentar Plano de Ação com etapas que visem monitoramento contínuo da lagoa e a predominância de condições adequadas; ao final do Plano, comprovar com registros fotogáficos e relatório técnico que a lagoa está saudável"",""texto_recomendacao"":"""",""texto_constatacao_nao"":""A lagoa facultativa não apresenta coloração adequada, indicando necessidade de boa oxigenação"",""texto_constatacao_sim"":""A lagoa facultativa apresenta coloração verde, indício de algas e boa oxigenação""},{""id"":""45788ae1-949a-45f1-9bb4-5fe32848362c"",""ativo"":true,""ordem"":31,""gera_nc"":true,""pergunta"":""Os diques de terra estão íntegros, livres de infiltração ou erosão?"",""texto_nc"":""30"",""is_sample"":false,""created_at"":""2026-04-01T15:08:42.591896+00:00"",""created_by"":null,""prazo_dias"":30,""created_date"":""2026-04-01T15:08:42.591896+00:00"",""updated_date"":""2026-04-01T15:08:42.591896+00:00"",""created_by_id"":null,""artigo_portaria"":""art. 26, inciso VII da Portaria AGEMS nº 321/25"",""tipo_unidade_id"":""3b62db96-dedc-4886-b591-f73ccff0a686"",""texto_determinacao"":""apresentar Plano de Ação com etapas que visem a segurança da estrutura e estanqueidade do sistema; ao final do Plano, comprovar com registros fotográficos e relatório técnico que houve mitigação dos riscos nos diques de terra"",""texto_recomendacao"":"""",""texto_constatacao_nao"":""Há sinais de infiltração ou erosão nos diques"",""texto_constatacao_sim"":""Não há sinais de infiltração ou erosão nos diques""},{""id"":""5f21d5b2-6ebb-497e-8e06-e4e95093fc86"",""ativo"":true,""ordem"":32,""gera_nc"":true,""pergunta"":""Os sopradores de ar do Reator de Biofilme em Leito Móvel (MBBR) estão funcionando?"",""texto_nc"":""30"",""is_sample"":false,""created_at"":""2026-04-01T15:08:42.591896+00:00"",""created_by"":null,""prazo_dias"":30,""created_date"":""2026-04-01T15:08:42.591896+00:00"",""updated_date"":""2026-04-01T15:08:42.591896+00:00"",""created_by_id"":null,""artigo_portaria"":""art. 24, inciso VII da Portaria AGEMS nº 321/25"",""tipo_unidade_id"":""3b62db96-dedc-4886-b591-f73ccff0a686"",""texto_determinacao"":""apresentar justificativa técnica, documentos comprobatórios ou Plano de Ação (se for o caso) para comprovar que as manutenções preventivas/corretivas foram realizadas nos sopradores de ar"",""texto_recomendacao"":"""",""texto_constatacao_nao"":""Os sopradores de ar do MBBR não funcionam de forma adequada"",""texto_constatacao_sim"":""Os sopradores de ar do MBBR estão funcionando de forma adequada""},{""id"":""b3a87a51-6937-4585-bce4-aba86388e1de"",""ativo"":true,""ordem"":33,""gera_nc"":true,""pergunta"":""A agitação no tanque de aeração do Sistema MBBR está vigorosa e uniforme?"",""texto_nc"":""30"",""is_sample"":false,""created_at"":""2026-04-01T15:08:42.591896+00:00"",""created_by"":null,""prazo_dias"":30,""created_date"":""2026-04-01T15:08:42.591896+00:00"",""updated_date"":""2026-04-01T15:08:42.591896+00:00"",""created_by_id"":null,""artigo_portaria"":""art. 24, inciso VII da Portaria AGEMS nº 321/25"",""tipo_unidade_id"":""3b62db96-dedc-4886-b591-f73ccff0a686"",""texto_determinacao"":""apresentar justificativa técnica e Plano de Ação, se for o caso, para comprovar que a agitação no tanque de aeração do Sistema MBBR ocorre de forma vigorosa e de maneira adequada"",""texto_recomendacao"":"""",""texto_constatacao_nao"":""A agitação no tanque de aeração do Sistema MBBR não está vigorosa, não ocorrendo de maneira adequada"",""texto_constatacao_sim"":""A agitação no tanque de aeração do Sistema MBBR está vigorosa e ocorre de maneira adequada""},{""id"":""1d0ee082-34d3-4a71-84de-f1ab9f384bb5"",""ativo"":true,""ordem"":34,""gera_nc"":true,""pergunta"":""As mídias plásticas (Kaldnes) do MBBR estão circulando de forma adequada (sem acúmulo em cantos)?"",""texto_nc"":""30"",""is_sample"":false,""created_at"":""2026-04-01T15:08:42.591896+00:00"",""created_by"":null,""prazo_dias"":30,""created_date"":""2026-04-01T15:08:42.591896+00:00"",""updated_date"":""2026-04-01T15:08:42.591896+00:00"",""created_by_id"":null,""artigo_portaria"":""art. 26, inciso VII da Portaria AGEMS nº 321/25"",""tipo_unidade_id"":""3b62db96-dedc-4886-b591-f73ccff0a686"",""texto_determinacao"":""apresentar justificativa técnica e Plano de Ação, se for o caso, para comprovar que as mídias plásticas (Kaldnes) estão circulando de forma adequada na operação do Sistema de MBBR"",""texto_recomendacao"":"""",""texto_constatacao_nao"":""Os Kaldnes não estão circulando de forma adequada, estando acumulados em um canto, indicado falha no difusor"",""texto_constatacao_sim"":""Os Kaldnes estão circulando de forma adequada para a operação do Sistema de MBBR""},{""id"":""7289f5bc-b5b9-4aa1-ba53-6fe02ead0789"",""ativo"":true,""ordem"":35,""gera_nc"":true,""pergunta"":""Os sopradores possuem proteção acústica para não incomodar a vizinhança?"",""texto_nc"":""30"",""is_sample"":false,""created_at"":""2026-04-01T15:08:42.591896+00:00"",""created_by"":null,""prazo_dias"":30,""created_date"":""2026-04-01T15:08:42.591896+00:00"",""updated_date"":""2026-04-01T15:08:42.591896+00:00"",""created_by_id"":null,""artigo_portaria"":""art. 24, inciso VI da Portaria AGEMS nº 321/25"",""tipo_unidade_id"":""3b62db96-dedc-4886-b591-f73ccff0a686"",""texto_determinacao"":""apresentar registros fotográficos de que foram implantados proteção acústica nos sopradores de ar do Sistema de MBBR, minimizando impactos negativos do Sistema com a vizinhança"",""texto_recomendacao"":"""",""texto_constatacao_nao"":""Os sopradores de ar do Sistema de MBBR não possuem proteção acústica, podendo incomodar a vizinhança"",""texto_constatacao_sim"":""Os sopradores de ar do Sistema de MBBR possuem proteção acústica e operam de forma adequada""},{""id"":""e07dad76-3154-44c1-b673-081fa36ee297"",""ativo"":true,""ordem"":1,""gera_nc"":true,""pergunta"":""As instalações do escritório estão em bom estado de conservação e limpeza?"",""texto_nc"":""30"",""is_sample"":false,""created_at"":""2026-04-01T15:08:48.790576+00:00"",""created_by"":null,""prazo_dias"":30,""created_date"":""2026-04-01T15:08:48.790576+00:00"",""updated_date"":""2026-04-01T15:08:48.790576+00:00"",""created_by_id"":null,""artigo_portaria"":""art. 24, inciso VII da Portaria AGEMS nº 321/25"",""tipo_unidade_id"":""0b4872d1-3efc-47b1-b26d-b7de680c5d21"",""texto_determinacao"":""apresentar registros fotográficos que comprovem que foi realizada manutenção e limpeza da área do escritório e laboratório operacional da Estação de Tratamento de Esgoto"",""texto_recomendacao"":"""",""texto_constatacao_nao"":""As instalações do escritório e laboratório não estão em bom estado de conservação e limpeza"",""texto_constatacao_sim"":""As instalações do escritório e laboratório estão em bom estado de conservação e limpeza""},{""id"":""05ab2c64-9983-4d71-b6fd-2f31056cc3b7"",""ativo"":true,""ordem"":2,""gera_nc"":true,""pergunta"":""O número de funcionários atende a demanda de serviço existente?"",""texto_nc"":""30"",""is_sample"":false,""created_at"":""2026-04-01T15:08:48.790576+00:00"",""created_by"":null,""prazo_dias"":30,""created_date"":""2026-04-01T15:08:48.790576+00:00"",""updated_date"":""2026-04-01T15:08:48.790576+00:00"",""created_by_id"":null,""artigo_portaria"":""art. 24, inciso VI da Portaria AGEMS nº 321/25"",""tipo_unidade_id"":""0b4872d1-3efc-47b1-b26d-b7de680c5d21"",""texto_determinacao"":""apresentar justificativa técnica para o baixo número de funcionários da Unidade bem como Cronograma para contratação de novos funcionários, se for o caso"",""texto_recomendacao"":"""",""texto_constatacao_nao"":""O número de funcionários não atende a demanda de serviço existente"",""texto_constatacao_sim"":""O número de funcionários atende a demanda de serviço existente""},{""id"":""d94c5170-16c9-4a76-bd3c-f88e3f9e4137"",""ativo"":true,""ordem"":3,""gera_nc"":true,""pergunta"":""O laboratório possui reagentes dentro da validade?"",""texto_nc"":""30"",""is_sample"":false,""created_at"":""2026-04-01T15:08:48.790576+00:00"",""created_by"":null,""prazo_dias"":30,""created_date"":""2026-04-01T15:08:48.790576+00:00"",""updated_date"":""2026-04-01T15:08:48.790576+00:00"",""created_by_id"":null,""artigo_portaria"":""art. 26, inciso VII da Portaria AGEMS nº 321/25"",""tipo_unidade_id"":""0b4872d1-3efc-47b1-b26d-b7de680c5d21"",""texto_determinacao"":""apresentar registros fotográficos que comprovem que foi realizada a substituição dos reagentes com data de validade expirada"",""texto_recomendacao"":"""",""texto_constatacao_nao"":""O laboratório não possui alguns reagentes dentro da validade"",""texto_constatacao_sim"":""O laboratório possui reagentes dentro da validade""},{""id"":""6e3fc096-4a6f-4994-9388-e3a1ef9e6e0d"",""ativo"":true,""ordem"":4,""gera_nc"":true,""pergunta"":""Os equipamentos utilizados para monitoramento diário estão calibrados?"",""texto_nc"":""30"",""is_sample"":false,""created_at"":""2026-04-01T15:08:48.790576+00:00"",""created_by"":null,""prazo_dias"":30,""created_date"":""2026-04-01T15:08:48.790576+00:00"",""updated_date"":""2026-04-01T15:08:48.790576+00:00"",""created_by_id"":null,""artigo_portaria"":""art. 24, inciso VII da Portaria AGEMS nº 321/25"",""tipo_unidade_id"":""0b4872d1-3efc-47b1-b26d-b7de680c5d21"",""texto_determinacao"":""apresentar justificativa técnica, documentos comprobatórios ou Plano de Ação (se for o caso) para comprovar que a calibração dos equipamentos foram realizadas de forma adequada"",""texto_recomendacao"":"""",""texto_constatacao_nao"":""Os equipamentos utilizados para monitoramento diário não estão calibrados"",""texto_constatacao_sim"":""Os equipamentos utilizados para monitoramento diário estão calibrados""},{""id"":""d930540a-a5f5-4d47-9b23-396557d1dd1b"",""ativo"":true,""ordem"":5,""gera_nc"":true,""pergunta"":""Existem chuveiros de emergência e lava-olhos operacionais próximos à manipulação de produtos químicos?"",""texto_nc"":""30"",""is_sample"":false,""created_at"":""2026-04-01T15:08:48.790576+00:00"",""created_by"":null,""prazo_dias"":30,""created_date"":""2026-04-01T15:08:48.790576+00:00"",""updated_date"":""2026-04-01T15:08:48.790576+00:00"",""created_by_id"":null,""artigo_portaria"":""art. 24, inciso VI da Portaria AGEMS nº 321/25"",""tipo_unidade_id"":""0b4872d1-3efc-47b1-b26d-b7de680c5d21"",""texto_determinacao"":""apresentar registros fotográficos que comprovem a implantação de chuveiro de emergência e lava-olhos operacionais próximos à manipulação de produtos químicos"",""texto_recomendacao"":"""",""texto_constatacao_nao"":""Não existem chuveiros de emergência e lava-olhos operacionais pronto para utilização"",""texto_constatacao_sim"":""Existem chuveiros de emergência e lava-olhos operacionais pronto para utilização""},{""id"":""2768de8d-01c0-4866-bf58-ed55e3ca103b"",""ativo"":true,""ordem"":1,""gera_nc"":true,""pergunta"":""A unidade possui identificação externa (ID) adequada?"",""texto_nc"":""30"",""is_sample"":false,""created_at"":""2026-05-22T17:07:52.416786+00:00"",""created_by"":null,""prazo_dias"":30,""created_date"":""2026-05-22T17:07:52.416786+00:00"",""updated_date"":""2026-05-22T17:07:52.416786+00:00"",""created_by_id"":null,""artigo_portaria"":""art. 24, inciso VII da Portaria AGEMS nº 321/25"",""tipo_unidade_id"":""1bb55f5e-0039-4598-84de-56dbdfedb3f0"",""texto_determinacao"":""apresentar registros fotográficos comprovando que os materiais estão armazenados de forma adequada e segura"",""texto_recomendacao"":"""",""texto_constatacao_nao"":""A unidade não possui identificação externa adequada"",""texto_constatacao_sim"":""A unidade possui identificação externa adequada""},{""id"":""54615d72-5b15-415e-8503-0fc067ac64e0"",""ativo"":true,""ordem"":2,""gera_nc"":true,""pergunta"":""A unidade possui cercamento (alambrado/muros) garantindo a segurança?"",""texto_nc"":""30"",""is_sample"":false,""created_at"":""2026-05-22T17:07:52.416786+00:00"",""created_by"":null,""prazo_dias"":30,""created_date"":""2026-05-22T17:07:52.416786+00:00"",""updated_date"":""2026-05-22T17:07:52.416786+00:00"",""created_by_id"":null,""artigo_portaria"":""art. 24, inciso VII da Portaria AGEMS nº 321/25"",""tipo_unidade_id"":""1bb55f5e-0039-4598-84de-56dbdfedb3f0"",""texto_determinacao"":""apresentar registros fotográficos de que foi instalado cercamento com Alambrado, Muros ou materiais equivalentes"",""texto_recomendacao"":"""",""texto_constatacao_nao"":""A unidade não possui cercamento adequado, favorecendo a insegurança"",""texto_constatacao_sim"":""A unidade possui cercamento adequado""},{""id"":""427e1bf9-41b1-4550-b892-1a0ce7b8dc9c"",""ativo"":true,""ordem"":3,""gera_nc"":true,""pergunta"":""Os portões possuem cadeados e garantem a segurança?"",""texto_nc"":""30"",""is_sample"":false,""created_at"":""2026-05-22T17:07:52.416786+00:00"",""created_by"":null,""prazo_dias"":30,""created_date"":""2026-05-22T17:07:52.416786+00:00"",""updated_date"":""2026-05-22T17:07:52.416786+00:00"",""created_by_id"":null,""artigo_portaria"":""art. 24, inciso VII da Portaria AGEMS nº 321/25"",""tipo_unidade_id"":""1bb55f5e-0039-4598-84de-56dbdfedb3f0"",""texto_determinacao"":""apresentar registros fotográficos de que foram instalados cadeados nos portões"",""texto_recomendacao"":"""",""texto_constatacao_nao"":""Os portões não possuem cadeados, favorecendo a insegurança"",""texto_constatacao_sim"":""Os portões possuem cadeados, garantindo a segurança""},{""id"":""5308cbb4-b569-4a37-88b3-e7a50a30ab29"",""ativo"":true,""ordem"":4,""gera_nc"":true,""pergunta"":""A unidade possui sinalização de 'Entrada Proibida'?"",""texto_nc"":""30"",""is_sample"":false,""created_at"":""2026-05-22T17:07:52.416786+00:00"",""created_by"":null,""prazo_dias"":30,""created_date"":""2026-05-22T17:07:52.416786+00:00"",""updated_date"":""2026-05-22T17:07:52.416786+00:00"",""created_by_id"":null,""artigo_portaria"":""art. 24, inciso VII da Portaria AGEMS nº 321/25"",""tipo_unidade_id"":""1bb55f5e-0039-4598-84de-56dbdfedb3f0"",""texto_determinacao"":""apresentar registros fotográficos de que foi instalada sinalização de 'Entrada Proibida'"",""texto_recomendacao"":"""",""texto_constatacao_nao"":""A unidade não possui sinalização de 'Entrada Proibida'"",""texto_constatacao_sim"":""A unidade possui sinalização de 'Entrada Proibida'""},{""id"":""dccae229-79d0-428d-b2e3-ecf427ccfed5"",""ativo"":true,""ordem"":5,""gera_nc"":true,""pergunta"":""O entorno das unidades está roçado e livre de entulhos?"",""texto_nc"":""30"",""is_sample"":false,""created_at"":""2026-05-22T17:07:52.416786+00:00"",""created_by"":null,""prazo_dias"":30,""created_date"":""2026-05-22T17:07:52.416786+00:00"",""updated_date"":""2026-05-22T17:07:52.416786+00:00"",""created_by_id"":null,""artigo_portaria"":""art. 24, inciso VII da Portaria AGEMS nº 321/25"",""tipo_unidade_id"":""1bb55f5e-0039-4598-84de-56dbdfedb3f0"",""texto_determinacao"":""apresentar registros fotográficos de que o entorno das unidades está roçado e livre de entulhos"",""texto_recomendacao"":"""",""texto_constatacao_nao"":""O entorno das unidades não está roçado ou possui entulhos"",""texto_constatacao_sim"":""O entorno das unidades está roçado e livre de entulhos""},{""id"":""d66cf1ac-f0d7-4d64-9be3-c0b0c71b6f66"",""ativo"":true,""ordem"":6,""gera_nc"":true,""pergunta"":""O entorno das unidades está livre de vazamentos aparentes?"",""texto_nc"":""30"",""is_sample"":false,""created_at"":""2026-05-22T17:07:52.416786+00:00"",""created_by"":null,""prazo_dias"":30,""created_date"":""2026-05-22T17:07:52.416786+00:00"",""updated_date"":""2026-05-22T17:07:52.416786+00:00"",""created_by_id"":null,""artigo_portaria"":""art. 24, inciso VII da Portaria AGEMS nº 321/25"",""tipo_unidade_id"":""1bb55f5e-0039-4598-84de-56dbdfedb3f0"",""texto_determinacao"":""apresentar registros fotográficos de que foram sanados os vazamentos aparentes"",""texto_recomendacao"":"""",""texto_constatacao_nao"":""Há vazamentos aparentes no entorno das unidades"",""texto_constatacao_sim"":""O entorno das unidades está livre de vazamentos aparentes""},{""id"":""c64a1e9d-feb0-40b4-a059-436182b32c01"",""ativo"":true,""ordem"":7,""gera_nc"":true,""pergunta"":""A unidade encontra-se livre de exalação excessiva de odores ou reclamações da vizinhança?"",""texto_nc"":""30"",""is_sample"":false,""created_at"":""2026-05-22T17:07:52.416786+00:00"",""created_by"":null,""prazo_dias"":30,""created_date"":""2026-05-22T17:07:52.416786+00:00"",""updated_date"":""2026-05-22T17:07:52.416786+00:00"",""created_by_id"":null,""artigo_portaria"":""art. 26, inciso VII da Portaria AGEMS nº 321/25"",""tipo_unidade_id"":""1bb55f5e-0039-4598-84de-56dbdfedb3f0"",""texto_determinacao"":""apresentar Plano de ação e justificar cada item do Plano a fim de mitigar os odores originados pela EEE"",""texto_recomendacao"":"""",""texto_constatacao_nao"":""Há evidências de exalação excessiva de odores ou reclamações da vizinhança"",""texto_constatacao_sim"":""Não há evidências de exalação excessiva de odores ou reclamações da vizinhança""},{""id"":""e8872527-e107-4a8a-bcbb-319079b47293"",""ativo"":true,""ordem"":8,""gera_nc"":true,""pergunta"":""O gradeamento está limpo e opera de maneira adequada?"",""texto_nc"":""30"",""is_sample"":false,""created_at"":""2026-05-22T17:07:52.416786+00:00"",""created_by"":null,""prazo_dias"":30,""created_date"":""2026-05-22T17:07:52.416786+00:00"",""updated_date"":""2026-05-22T17:07:52.416786+00:00"",""created_by_id"":null,""artigo_portaria"":""art. 26, inciso VII da Portaria AGEMS nº 321/25"",""tipo_unidade_id"":""1bb55f5e-0039-4598-84de-56dbdfedb3f0"",""texto_determinacao"":""apresentar registros fotográficos comprovando que o gradeamento está operando de forma adequada"",""texto_recomendacao"":"""",""texto_constatacao_nao"":""Há acúmulo de sólidos no gradeamento, comprometendo o fluxo"",""texto_constatacao_sim"":""O gradeamento está limpo e opera de maneira adequada""},{""id"":""ec915c76-19a8-4d7a-9ec0-93d3fbb40dad"",""ativo"":true,""ordem"":9,""gera_nc"":true,""pergunta"":""O desarenador (caixa de areia) está limpo e opera de maneira adequada?"",""texto_nc"":""30"",""is_sample"":false,""created_at"":""2026-05-22T17:07:52.416786+00:00"",""created_by"":null,""prazo_dias"":30,""created_date"":""2026-05-22T17:07:52.416786+00:00"",""updated_date"":""2026-05-22T17:07:52.416786+00:00"",""created_by_id"":null,""artigo_portaria"":""art. 26, inciso VII da Portaria AGEMS nº 321/25"",""tipo_unidade_id"":""1bb55f5e-0039-4598-84de-56dbdfedb3f0"",""texto_determinacao"":""apresentar registros fotográficos comprovando que o desarenador está operando de forma adequada"",""texto_recomendacao"":"""",""texto_constatacao_nao"":""Há acúmulo de sólidos no desarenador, comprometendo o fluxo"",""texto_constatacao_sim"":""O desarenador está limpo e opera de maneira adequada""},{""id"":""69be9adb-eabf-48e9-80bd-57e3161ba520"",""ativo"":true,""ordem"":10,""gera_nc"":true,""pergunta"":""O material do gradeamento é armazenado em caçambas até a destinação final?"",""texto_nc"":""30"",""is_sample"":false,""created_at"":""2026-05-22T17:07:52.416786+00:00"",""created_by"":null,""prazo_dias"":30,""created_date"":""2026-05-22T17:07:52.416786+00:00"",""updated_date"":""2026-05-22T17:07:52.416786+00:00"",""created_by_id"":null,""artigo_portaria"":""art. 26, inciso VII da Portaria AGEMS nº 321/25"",""tipo_unidade_id"":""1bb55f5e-0039-4598-84de-56dbdfedb3f0"",""texto_determinacao"":""apresentar Plano de Ação e justificar cada escolha do Plano a fim de armazenar os rejeitos do gradeamento de forma ambientalmente adequada"",""texto_recomendacao"":"""",""texto_constatacao_nao"":""O material do gradeamento não é armazenado de maneira adequada, permanecendo exposto sem nenhum tratamento"",""texto_constatacao_sim"":""O material do gradeamento é armazenado de forma correta e adequada até a destinação final""},{""id"":""5c9aa195-3523-4e30-8f23-2665e7ed57c7"",""ativo"":true,""ordem"":13,""gera_nc"":true,""pergunta"":""Os conjuntos motobombas operam sem ruído excessivo ou vibração anormal?"",""texto_nc"":""30"",""is_sample"":false,""created_at"":""2026-05-22T17:07:52.416786+00:00"",""created_by"":null,""prazo_dias"":30,""created_date"":""2026-05-22T17:07:52.416786+00:00"",""updated_date"":""2026-05-22T17:07:52.416786+00:00"",""created_by_id"":null,""artigo_portaria"":""art. 26, inciso VII da Portaria AGEMS nº 321/25"",""tipo_unidade_id"":""1bb55f5e-0039-4598-84de-56dbdfedb3f0"",""texto_determinacao"":""apresentar justificativa técnica, documentos comprobatórios ou Plano de Ação (se for o caso) para comprovar que as manutenções preventivas/corretivas foram realizadas nos conjuntos motobombas"",""texto_recomendacao"":"""",""texto_constatacao_nao"":""Os conjuntos motobombas apresentam ruído excessivo ou vibração anormal"",""texto_constatacao_sim"":""Os conjuntos motobombas não apresentam ruído excessivo ou vibração anormal""},{""id"":""060627c4-dca1-4774-a609-9cee2445cc64"",""ativo"":true,""ordem"":14,""gera_nc"":true,""pergunta"":""Possui conjunto motobomba reserva?"",""texto_nc"":""30"",""is_sample"":false,""created_at"":""2026-05-22T17:07:52.416786+00:00"",""created_by"":null,""prazo_dias"":30,""created_date"":""2026-05-22T17:07:52.416786+00:00"",""updated_date"":""2026-05-22T17:07:52.416786+00:00"",""created_by_id"":null,""artigo_portaria"":""art. 26, inciso VII da Portaria AGEMS nº 321/25"",""tipo_unidade_id"":""1bb55f5e-0039-4598-84de-56dbdfedb3f0"",""texto_determinacao"":""apresentar registros fotográficos e documentos comprobatórios da existência de conjunto motobomba reserva na Unidade em conformidade com o Art. 115 da Portaria AGEMS nº 320/2025"",""texto_recomendacao"":"""",""texto_constatacao_nao"":""Não possui conjunto motobomba reserva"",""texto_constatacao_sim"":""Possui conjunto motobomba reserva pronto para utilização""},{""id"":""c52d48c4-6048-40fc-9525-ce20f3cf5b76"",""ativo"":true,""ordem"":15,""gera_nc"":true,""pergunta"":""Possui gerador de energia elétrica pronto para utilização?"",""texto_nc"":""30"",""is_sample"":false,""created_at"":""2026-05-22T17:07:52.416786+00:00"",""created_by"":null,""prazo_dias"":30,""created_date"":""2026-05-22T17:07:52.416786+00:00"",""updated_date"":""2026-05-22T17:07:52.416786+00:00"",""created_by_id"":null,""artigo_portaria"":""art. 26, inciso VII da Portaria AGEMS nº 321/25"",""tipo_unidade_id"":""1bb55f5e-0039-4598-84de-56dbdfedb3f0"",""texto_determinacao"":""apresentar registros fotográficos ou documentos comprobatórios da existência de equipamento gerador de energia elétrica ou justificativas técnicas para a não implantação do equipamento na unidade"",""texto_recomendacao"":"""",""texto_constatacao_nao"":""Não possui gerador de energia elétrica"",""texto_constatacao_sim"":""Possui gerador de energia elétrica pronto para utilização""},{""id"":""1418e18a-258d-455c-9347-9409464c93f5"",""ativo"":true,""ordem"":16,""gera_nc"":true,""pergunta"":""O Abrigo do Quadro de Comando Elétrico do poço está em bom estado de conservação, uso e operação?"",""texto_nc"":""30"",""is_sample"":false,""created_at"":""2026-05-22T17:07:52.416786+00:00"",""created_by"":null,""prazo_dias"":30,""created_date"":""2026-05-22T17:07:52.416786+00:00"",""updated_date"":""2026-05-22T17:07:52.416786+00:00"",""created_by_id"":null,""artigo_portaria"":""art. 24, inciso VII da Portaria AGEMS nº 321/25"",""tipo_unidade_id"":""1bb55f5e-0039-4598-84de-56dbdfedb3f0"",""texto_determinacao"":""apresentar registros fotográficos de que o Abrigo do Quadro de Comando Elétrico da captação está em bom estado de conservação, uso e operação"",""texto_recomendacao"":"""",""texto_constatacao_nao"":""O Abrigo do Quadro de Comando Elétrico da captação não está em bom estado de conservação, uso e operação"",""texto_constatacao_sim"":""O Abrigo do Quadro de Comando Elétrico da captação está em bom estado de conservação, uso e operação""},{""id"":""525a3469-2704-40fe-a010-911e2b211930"",""ativo"":true,""ordem"":17,""gera_nc"":true,""pergunta"":""As instalações elétricas do poço estão adequadas?"",""texto_nc"":""30"",""is_sample"":false,""created_at"":""2026-05-22T17:07:52.416786+00:00"",""created_by"":null,""prazo_dias"":30,""created_date"":""2026-05-22T17:07:52.416786+00:00"",""updated_date"":""2026-05-22T17:07:52.416786+00:00"",""created_by_id"":null,""artigo_portaria"":""art. 26, inciso VII da Portaria AGEMS nº 321/25"",""tipo_unidade_id"":""1bb55f5e-0039-4598-84de-56dbdfedb3f0"",""texto_determinacao"":""apresentar registros fotográficos e documentação comprobatória de que as instalações elétricas do poço estão adequadas para o uso e não oferecem risco de choque elétrico ou demais sinistros para os colaboradores"",""texto_recomendacao"":"""",""texto_constatacao_nao"":""As instalações elétricas do poço não estão adequadas"",""texto_constatacao_sim"":""As instalações elétricas do poço estão adequadas""},{""id"":""db9b2716-1de8-4089-abe9-7e65207cf440"",""ativo"":true,""ordem"":18,""gera_nc"":true,""pergunta"":""As condições do quadro de comando estão em bom estado de uso, segurança e operação?"",""texto_nc"":""30"",""is_sample"":false,""created_at"":""2026-05-22T17:07:52.416786+00:00"",""created_by"":null,""prazo_dias"":30,""created_date"":""2026-05-22T17:07:52.416786+00:00"",""updated_date"":""2026-05-22T17:07:52.416786+00:00"",""created_by_id"":null,""artigo_portaria"":""art. 26, inciso VII da Portaria AGEMS nº 321/25"",""tipo_unidade_id"":""1bb55f5e-0039-4598-84de-56dbdfedb3f0"",""texto_determinacao"":""apresentar registros fotográficos e documentos comprobatórios de que as condições do quadro de comando estão em bom estado de segurança, não oferecendo riscos aos colaboradores"",""texto_recomendacao"":"""",""texto_constatacao_nao"":""As condições do quadro de comando não estão em bom estado de uso, segurança e operação"",""texto_constatacao_sim"":""As condições do quadro de comando estão em bom estado de uso, segurança e operação""},{""id"":""41875e5f-bf2c-4937-b6d8-02d4751fcb26"",""ativo"":true,""ordem"":19,""gera_nc"":true,""pergunta"":""A unidade encontra-se livre de sinais de extravasamento?"",""texto_nc"":""30"",""is_sample"":false,""created_at"":""2026-05-22T17:07:52.416786+00:00"",""created_by"":null,""prazo_dias"":30,""created_date"":""2026-05-22T17:07:52.416786+00:00"",""updated_date"":""2026-05-22T17:07:52.416786+00:00"",""created_by_id"":null,""artigo_portaria"":""art. 26, inciso VII da Portaria AGEMS nº 321/25"",""tipo_unidade_id"":""1bb55f5e-0039-4598-84de-56dbdfedb3f0"",""texto_determinacao"":""apresentar registros fotográficos de que o extravasamento foi resolvido e comprovar com registro de ordem de serviço"",""texto_recomendacao"":"""",""texto_constatacao_nao"":""Há sinais de extravasametno visíveis dentro da unidade"",""texto_constatacao_sim"":""Não há sinais de extravasamento visíveis dentro da unidade""},{""id"":""5e8b8400-a4e1-49e4-a9f1-95ac20bd6638"",""ativo"":true,""ordem"":1,""gera_nc"":true,""pergunta"":""A unidade possui identificação externa (ID) adequada?"",""texto_nc"":""30"",""is_sample"":false,""created_at"":""2026-05-22T17:07:59.41791+00:00"",""created_by"":null,""prazo_dias"":30,""created_date"":""2026-05-22T17:07:59.41791+00:00"",""updated_date"":""2026-05-22T17:07:59.41791+00:00"",""created_by_id"":null,""artigo_portaria"":""art. 24, inciso VII da Portaria AGEMS nº 321/25"",""tipo_unidade_id"":""3b62db96-dedc-4886-b591-f73ccff0a686"",""texto_determinacao"":""apresentar registros fotográficos de que a unidade possui identificação externa adequada"",""texto_recomendacao"":"""",""texto_constatacao_nao"":""A unidade não possui identificação externa adequada"",""texto_constatacao_sim"":""A unidade possui identificação externa adequada""},{""id"":""6b8e37f8-a4b5-4126-8c4d-a446fdb97a89"",""ativo"":true,""ordem"":2,""gera_nc"":true,""pergunta"":""A unidade possui cercamento (alambrado/muros) garantindo a segurança?"",""texto_nc"":""30"",""is_sample"":false,""created_at"":""2026-05-22T17:07:59.41791+00:00"",""created_by"":null,""prazo_dias"":30,""created_date"":""2026-05-22T17:07:59.41791+00:00"",""updated_date"":""2026-05-22T17:07:59.41791+00:00"",""created_by_id"":null,""artigo_portaria"":""art. 24, inciso VII da Portaria AGEMS nº 321/25"",""tipo_unidade_id"":""3b62db96-dedc-4886-b591-f73ccff0a686"",""texto_determinacao"":""apresentar registros fotográficos de que foi instalado cercamento com Alambrado, Muros ou materiais equivalentes"",""texto_recomendacao"":"""",""texto_constatacao_nao"":""A unidade não possui cercamento adequado"",""texto_constatacao_sim"":""A unidade possui cercamento adequado""},{""id"":""1ffefc0d-f3d0-43dc-9048-350efd291e7b"",""ativo"":true,""ordem"":3,""gera_nc"":true,""pergunta"":""Os portões possuem cadeados e garantem a segurança?"",""texto_nc"":""30"",""is_sample"":false,""created_at"":""2026-05-22T17:07:59.41791+00:00"",""created_by"":null,""prazo_dias"":30,""created_date"":""2026-05-22T17:07:59.41791+00:00"",""updated_date"":""2026-05-22T17:07:59.41791+00:00"",""created_by_id"":null,""artigo_portaria"":""art. 24, inciso VII da Portaria AGEMS nº 321/25"",""tipo_unidade_id"":""3b62db96-dedc-4886-b591-f73ccff0a686"",""texto_determinacao"":""apresentar registros fotográficos de que foram instalados cadeados nos portões"",""texto_recomendacao"":"""",""texto_constatacao_nao"":""Os portões não possuem cadeados"",""texto_constatacao_sim"":""Os portões possuem cadeados""},{""id"":""e1a7f8ec-d27e-420f-9e72-d3a53b33f75a"",""ativo"":true,""ordem"":4,""gera_nc"":true,""pergunta"":""A unidade possui sinalização de 'Entrada Proibida'?"",""texto_nc"":""30"",""is_sample"":false,""created_at"":""2026-05-22T17:07:59.41791+00:00"",""created_by"":null,""prazo_dias"":30,""created_date"":""2026-05-22T17:07:59.41791+00:00"",""updated_date"":""2026-05-22T17:07:59.41791+00:00"",""created_by_id"":null,""artigo_portaria"":""art. 24, inciso VII da Portaria AGEMS nº 321/25"",""tipo_unidade_id"":""3b62db96-dedc-4886-b591-f73ccff0a686"",""texto_determinacao"":""apresentar registros fotográficos de que foi instalada sinalização de 'Entrada Proibida'"",""texto_recomendacao"":"""",""texto_constatacao_nao"":""A unidade não possui sinalização de 'Entrada Proibida'"",""texto_constatacao_sim"":""A unidade possui sinalização de 'Entrada Proibida'""},{""id"":""6c78348d-7a7a-4e57-a5c2-d77ef1b37be5"",""ativo"":true,""ordem"":5,""gera_nc"":true,""pergunta"":""O entorno das unidades está roçado e livre de entulhos?"",""texto_nc"":""30"",""is_sample"":false,""created_at"":""2026-05-22T17:07:59.41791+00:00"",""created_by"":null,""prazo_dias"":30,""created_date"":""2026-05-22T17:07:59.41791+00:00"",""updated_date"":""2026-05-22T17:07:59.41791+00:00"",""created_by_id"":null,""artigo_portaria"":""art. 24, inciso VII da Portaria AGEMS nº 321/25"",""tipo_unidade_id"":""3b62db96-dedc-4886-b591-f73ccff0a686"",""texto_determinacao"":""apresentar registros fotográficos de que o entorno das unidades está roçado e livre de entulhos"",""texto_recomendacao"":"""",""texto_constatacao_nao"":""O entorno das unidades não está roçado ou possui entulhos"",""texto_constatacao_sim"":""O entorno das unidades está roçado e livre de entulhos""},{""id"":""7b8b0c72-55b4-4257-a07e-8925647bff6c"",""ativo"":true,""ordem"":6,""gera_nc"":true,""pergunta"":""O entorno das unidades está livre de vazamentos aparentes?"",""texto_nc"":""30"",""is_sample"":false,""created_at"":""2026-05-22T17:07:59.41791+00:00"",""created_by"":null,""prazo_dias"":30,""created_date"":""2026-05-22T17:07:59.41791+00:00"",""updated_date"":""2026-05-22T17:07:59.41791+00:00"",""created_by_id"":null,""artigo_portaria"":""art. 24, inciso VII da Portaria AGEMS nº 321/25"",""tipo_unidade_id"":""3b62db96-dedc-4886-b591-f73ccff0a686"",""texto_determinacao"":""apresentar registros fotográficos de que foram sanados os vazamentos aparentes"",""texto_recomendacao"":"""",""texto_constatacao_nao"":""Há vazamentos aparentes no entorno das unidades"",""texto_constatacao_sim"":""O entorno das unidades está livre de vazamentos aparentes""},{""id"":""cea01cbd-ebcc-4bf4-921c-d62771009afa"",""ativo"":true,""ordem"":7,""gera_nc"":true,""pergunta"":""O gradeamento está limpo e opera de maneira adequada?"",""texto_nc"":""30"",""is_sample"":false,""created_at"":""2026-05-22T17:07:59.41791+00:00"",""created_by"":null,""prazo_dias"":30,""created_date"":""2026-05-22T17:07:59.41791+00:00"",""updated_date"":""2026-05-22T17:07:59.41791+00:00"",""created_by_id"":null,""artigo_portaria"":""art. 26, inciso VII da Portaria AGEMS nº 321/25"",""tipo_unidade_id"":""3b62db96-dedc-4886-b591-f73ccff0a686"",""texto_determinacao"":""apresentar registros fotográficos comprovando que o gradeamento e o desarenador estão operando de forma adequada, sem acúmulo de sedimentos que comprometem o fluxo"",""texto_recomendacao"":"""",""texto_constatacao_nao"":""Há acúmulo de sólidos no gradeamento, comprometendo o fluxo"",""texto_constatacao_sim"":""O gradeamento está limpo e opera de maneira adequada""},{""id"":""b10748c5-8d5d-4814-9849-823a4a3015f6"",""ativo"":true,""ordem"":8,""gera_nc"":true,""pergunta"":""O desarenador está limpo e opera de maneira adequada?"",""texto_nc"":""30"",""is_sample"":false,""created_at"":""2026-05-22T17:07:59.41791+00:00"",""created_by"":null,""prazo_dias"":30,""created_date"":""2026-05-22T17:07:59.41791+00:00"",""updated_date"":""2026-05-22T17:07:59.41791+00:00"",""created_by_id"":null,""artigo_portaria"":""art. 26, inciso VII da Portaria AGEMS nº 321/25"",""tipo_unidade_id"":""3b62db96-dedc-4886-b591-f73ccff0a686"",""texto_determinacao"":""apresentar registros fotográficos comprovando que o gradeamento e o desarenador estão operando de forma adequada, sem acúmulo de sedimentos que comprometem o fluxo"",""texto_recomendacao"":"""",""texto_constatacao_nao"":""Há acúmulo de sólidos no desarenador, comprometendo o fluxo"",""texto_constatacao_sim"":""O desarenador está limpo e opera de maneira adequada""},{""id"":""5a0fe306-396f-4bff-b25f-0b679c49a310"",""ativo"":true,""ordem"":9,""gera_nc"":true,""pergunta"":""O medidor (Calha Parshall ou eletromagnético) está operacional e com leitura atualizada?"",""texto_nc"":""30"",""is_sample"":false,""created_at"":""2026-05-22T17:07:59.41791+00:00"",""created_by"":null,""prazo_dias"":30,""created_date"":""2026-05-22T17:07:59.41791+00:00"",""updated_date"":""2026-05-22T17:07:59.41791+00:00"",""created_by_id"":null,""artigo_portaria"":""art. 26, inciso VII da Portaria AGEMS nº 321/25"",""tipo_unidade_id"":""3b62db96-dedc-4886-b591-f73ccff0a686"",""texto_determinacao"":""apresentar registros fotográficos e documentos que comprovem que o medidor de vazão está operando de forma adequada, com leitura atualizada e que houve manutenção adequada"",""texto_recomendacao"":"""",""texto_constatacao_nao"":""O medidor de vazão não está operando de forma adequada ou não apresenta leitura atualizada"",""texto_constatacao_sim"":""O medidor de vazão está operacional e com leitura atualizada""},{""id"":""fbf75265-a530-4853-ba7d-b1cfea3fb20f"",""ativo"":true,""ordem"":10,""gera_nc"":true,""pergunta"":""O perímetro da ETE está livre de exalação de odores fortes?"",""texto_nc"":""30"",""is_sample"":false,""created_at"":""2026-05-22T17:07:59.41791+00:00"",""created_by"":null,""prazo_dias"":30,""created_date"":""2026-05-22T17:07:59.41791+00:00"",""updated_date"":""2026-05-22T17:07:59.41791+00:00"",""created_by_id"":null,""artigo_portaria"":""art. 26, inciso VII da Portaria AGEMS nº 321/25"",""tipo_unidade_id"":""3b62db96-dedc-4886-b591-f73ccff0a686"",""texto_determinacao"":""apresentar Plano de ação e justificar cada item do Plano a fim de mitigar os odores originados pela EEE"",""texto_recomendacao"":"""",""texto_constatacao_nao"":""Há evidências de exalação excessiva de odores ou reclamações da vizinhança"",""texto_constatacao_sim"":""Não há evidências de exalação excessiva de odores ou reclamações da vizinhança""},{""id"":""27f15532-2ae8-404d-887c-c67d72ba96f0"",""ativo"":true,""ordem"":11,""gera_nc"":true,""pergunta"":""Existem barreiras vegetais ou sistemas de neutralização?"",""texto_nc"":""30"",""is_sample"":false,""created_at"":""2026-05-22T17:07:59.41791+00:00"",""created_by"":null,""prazo_dias"":30,""created_date"":""2026-05-22T17:07:59.41791+00:00"",""updated_date"":""2026-05-22T17:07:59.41791+00:00"",""created_by_id"":null,""artigo_portaria"":""art. 26, inciso VII da Portaria AGEMS nº 321/25"",""tipo_unidade_id"":""3b62db96-dedc-4886-b591-f73ccff0a686"",""texto_determinacao"":""apresentar Cronograma para implantação da barreira vegetal como sistema de neutralização de odores, conforme licença ambiental de operação da unidade"",""texto_recomendacao"":"""",""texto_constatacao_nao"":""Não há barreiras vegetais (cobertura arbórea) para o sistema de neutralização de odores"",""texto_constatacao_sim"":""Há barreiras vegetais (cobertura arbórea) para o sistema de neutralização de odores""},{""id"":""af1235c1-17ec-420c-beff-b3f3501f5968"",""ativo"":true,""ordem"":12,""gera_nc"":true,""pergunta"":""O material do gradeamento é armazenado adequadamente (caçambas cobertas) até a destinação?"",""texto_nc"":""30"",""is_sample"":false,""created_at"":""2026-05-22T17:07:59.41791+00:00"",""created_by"":null,""prazo_dias"":30,""created_date"":""2026-05-22T17:07:59.41791+00:00"",""updated_date"":""2026-05-22T17:07:59.41791+00:00"",""created_by_id"":null,""artigo_portaria"":""art. 26, inciso VII da Portaria AGEMS nº 321/25"",""tipo_unidade_id"":""3b62db96-dedc-4886-b591-f73ccff0a686"",""texto_determinacao"":""apresentar Plano de Ação para armazenar os rejeitos do gradeamento de forma adequada"",""texto_recomendacao"":"""",""texto_constatacao_nao"":""O material do gradeamento não é armazenado de maneira adequada"",""texto_constatacao_sim"":""O material do gradeamento é armazenado de forma ambientalmente adequada""},{""id"":""c03fb784-3f74-498b-9c66-057cebc47163"",""ativo"":true,""ordem"":13,""gera_nc"":true,""pergunta"":""O lodo seco é armazenado adequadamente (caçambas cobertas/locais apropriados) até a destinação?"",""texto_nc"":""30"",""is_sample"":false,""created_at"":""2026-05-22T17:07:59.41791+00:00"",""created_by"":null,""prazo_dias"":30,""created_date"":""2026-05-22T17:07:59.41791+00:00"",""updated_date"":""2026-05-22T17:07:59.41791+00:00"",""created_by_id"":null,""artigo_portaria"":""art. 26, inciso VII da Portaria AGEMS nº 321/25"",""tipo_unidade_id"":""3b62db96-dedc-4886-b591-f73ccff0a686"",""texto_determinacao"":""apresentar Plano de Ação para armazenar o lodo seco de forma adequada"",""texto_recomendacao"":"""",""texto_constatacao_nao"":""O lodo seco não é armazenado de maneira adequada"",""texto_constatacao_sim"":""O lodo seco é armazenado de forma ambientalmente adequada""},{""id"":""5976b650-83f6-432a-902c-e4bb92dd1465"",""ativo"":true,""ordem"":14,""gera_nc"":true,""pergunta"":""Há presença e uso de EPIs específicos para risco biológico e gases (H2S)?"",""texto_nc"":""30"",""is_sample"":false,""created_at"":""2026-05-22T17:07:59.41791+00:00"",""created_by"":null,""prazo_dias"":30,""created_date"":""2026-05-22T17:07:59.41791+00:00"",""updated_date"":""2026-05-22T17:07:59.41791+00:00"",""created_by_id"":null,""artigo_portaria"":""art. 24, inciso VI da Portaria AGEMS nº 321/25"",""tipo_unidade_id"":""3b62db96-dedc-4886-b591-f73ccff0a686"",""texto_determinacao"":""apresentar registros fotográficos ou documentos que comprovem que foi implementado o uso de EPIs ou EPCs pela equipe operacional"",""texto_recomendacao"":"""",""texto_constatacao_nao"":""Não há presença e uso de EPIs específicos para risco biológico e gases (H2S)"",""texto_constatacao_sim"":""Há presença e uso de EPIs específicos para risco biológico e gases (H2S)""},{""id"":""ce9f1f49-f296-4bcf-9502-5187f183707f"",""ativo"":true,""ordem"":15,""gera_nc"":true,""pergunta"":""O efluente final apresenta aspecto visual adequado (sem sólidos visíveis ou óleos)?"",""texto_nc"":""30"",""is_sample"":false,""created_at"":""2026-05-22T17:07:59.41791+00:00"",""created_by"":null,""prazo_dias"":30,""created_date"":""2026-05-22T17:07:59.41791+00:00"",""updated_date"":""2026-05-22T17:07:59.41791+00:00"",""created_by_id"":null,""artigo_portaria"":""art. 26, inciso VII da Portaria AGEMS nº 321/25"",""tipo_unidade_id"":""3b62db96-dedc-4886-b591-f73ccff0a686"",""texto_determinacao"":""apresentar Plano de Ação e justificar cada escolha do Plano a fim de evitar a presença de sólidos ou óleos visíveis na saída da ETE (efluente tratado)"",""texto_recomendacao"":"""",""texto_constatacao_nao"":""O efluente final não apresenta um aspecto visual adequado"",""texto_constatacao_sim"":""O efluente final apresenta aspecto visual adequado""},{""id"":""aeccc89b-efc4-4848-b747-c9e7a8841132"",""ativo"":true,""ordem"":16,""gera_nc"":true,""pergunta"":""Os leitos de secagem ou centrífugas estão em operação?"",""texto_nc"":""30"",""is_sample"":false,""created_at"":""2026-05-22T17:07:59.41791+00:00"",""created_by"":null,""prazo_dias"":30,""created_date"":""2026-05-22T17:07:59.41791+00:00"",""updated_date"":""2026-05-22T17:07:59.41791+00:00"",""created_by_id"":null,""artigo_portaria"":""art. 26, inciso VII da Portaria AGEMS nº 321/25"",""tipo_unidade_id"":""3b62db96-dedc-4886-b591-f73ccff0a686"",""texto_determinacao"":""apresentar registros fotográficos que comprovem que os leitos de secagem estão operando de forma adequada"",""texto_recomendacao"":"""",""texto_constatacao_nao"":""Os leitos de secagem (ou centrífuga) não estão em operação"",""texto_constatacao_sim"":""Os leitos de secagem (ou centrífugas) estão em operação de forma adequada""},{""id"":""3508b529-3c23-490d-b90a-fdcea9de1594"",""ativo"":true,""ordem"":17,""gera_nc"":true,""pergunta"":""O local está livre de acúmulo excessivo de lodo seco aguardando descarte?"",""texto_nc"":""30"",""is_sample"":false,""created_at"":""2026-05-22T17:07:59.41791+00:00"",""created_by"":null,""prazo_dias"":30,""created_date"":""2026-05-22T17:07:59.41791+00:00"",""updated_date"":""2026-05-22T17:07:59.41791+00:00"",""created_by_id"":null,""artigo_portaria"":""art. 24, inciso VI da Portaria AGEMS nº 321/25"",""tipo_unidade_id"":""3b62db96-dedc-4886-b591-f73ccff0a686"",""texto_determinacao"":""apresentar registros fotográficos de que o lodo seco já foi retirado e foi descartado de maneira ambientalmente correta (apresentar MTR da retirada)"",""texto_recomendacao"":"""",""texto_constatacao_nao"":""Há acúmulo excessivo de lodo seco aguardando descarte"",""texto_constatacao_sim"":""Não há acúmulo excessivo de lodo seco aguardando descarte""},{""id"":""bee86523-4483-428e-9c47-a5973eccb198"",""ativo"":true,""ordem"":18,""gera_nc"":true,""pergunta"":""O reator UASB está estanque, livre de vazamentos ou infiltrações?"",""texto_nc"":""30"",""is_sample"":false,""created_at"":""2026-05-22T17:07:59.41791+00:00"",""created_by"":null,""prazo_dias"":30,""created_date"":""2026-05-22T17:07:59.41791+00:00"",""updated_date"":""2026-05-22T17:07:59.41791+00:00"",""created_by_id"":null,""artigo_portaria"":""art. 26, inciso VII da Portaria AGEMS nº 321/25"",""tipo_unidade_id"":""3b62db96-dedc-4886-b591-f73ccff0a686"",""texto_determinacao"":""apresentar Plano de Ação das ações a serem realizadas no reator UASB que garantam a estanqueidade e a operacionalidade do sistema de tratamento de esgoto do município"",""texto_recomendacao"":"""",""texto_constatacao_nao"":""O reator UASB possui vazamento ou infiltração"",""texto_constatacao_sim"":""O reator UASB não possui vazamento ou infiltração""},{""id"":""8bd881e3-dcde-406e-bbc0-a90e906267d2"",""ativo"":true,""ordem"":19,""gera_nc"":true,""pergunta"":""Os vertedouros centrais estão em bom estado de conservação e limpeza?"",""texto_nc"":""30"",""is_sample"":false,""created_at"":""2026-05-22T17:07:59.41791+00:00"",""created_by"":null,""prazo_dias"":30,""created_date"":""2026-05-22T17:07:59.41791+00:00"",""updated_date"":""2026-05-22T17:07:59.41791+00:00"",""created_by_id"":null,""artigo_portaria"":""art. 24, inciso VII da Portaria AGEMS nº 321/25"",""tipo_unidade_id"":""3b62db96-dedc-4886-b591-f73ccff0a686"",""texto_determinacao"":""apresentar registros fotográficos de limpeza do reator bem como implantar Procedimento Operacional Padrão para as manutenções preventivas obrigatórias"",""texto_recomendacao"":"""",""texto_constatacao_nao"":""Os vertedouros centrais do reator UASB estão obstruídos, necessitando de manutenção"",""texto_constatacao_sim"":""Os vertedouros centrais do reator UASB estão em bom estado de conservação e limpeza""},{""id"":""27f95081-d46a-4640-847a-64de52e68696"",""ativo"":true,""ordem"":20,""gera_nc"":true,""pergunta"":""A superfície do reator está livre de acúmulo excessivo de escuma?"",""texto_nc"":""30"",""is_sample"":false,""created_at"":""2026-05-22T17:07:59.41791+00:00"",""created_by"":null,""prazo_dias"":30,""created_date"":""2026-05-22T17:07:59.41791+00:00"",""updated_date"":""2026-05-22T17:07:59.41791+00:00"",""created_by_id"":null,""artigo_portaria"":""art. 24, inciso VII da Portaria AGEMS nº 321/25"",""tipo_unidade_id"":""3b62db96-dedc-4886-b591-f73ccff0a686"",""texto_determinacao"":""apresentar registros fotográficos de limpeza e retirada do excesso de escuma do reator UASB, favorecendo a operação adequada do Sistema de Coleta de Gases"",""texto_recomendacao"":"""",""texto_constatacao_nao"":""Há acúmulo excessivo de escuma"",""texto_constatacao_sim"":""Não há acúmulo excessivo de escuma""},{""id"":""79bf0ae7-79a6-4cc8-b3e2-6dca8cfa02a4"",""ativo"":true,""ordem"":21,""gera_nc"":true,""pergunta"":""As tampas do reator UASB estão estanques (livres de vazamento de gás ou efluente)?"",""texto_nc"":""30"",""is_sample"":false,""created_at"":""2026-05-22T17:07:59.41791+00:00"",""created_by"":null,""prazo_dias"":30,""created_date"":""2026-05-22T17:07:59.41791+00:00"",""updated_date"":""2026-05-22T17:07:59.41791+00:00"",""created_by_id"":null,""artigo_portaria"":""art. 24, inciso VII da Portaria AGEMS nº 321/25"",""tipo_unidade_id"":""3b62db96-dedc-4886-b591-f73ccff0a686"",""texto_determinacao"":""apresentar registros fotográficos de que foi realizado manutenção no sistema, eliminando extravasamentos ou vazamentos de gás"",""texto_recomendacao"":"""",""texto_constatacao_nao"":""Há vazamento aparente de gás ou de efluentes pelas tampas"",""texto_constatacao_sim"":""Não há vazamento aparente de gás ou de efluentes pelas tampas""},{""id"":""402243f7-6321-418a-9122-9bf990d05510"",""ativo"":true,""ordem"":22,""gera_nc"":true,""pergunta"":""O biogás está sendo queimado com o queimador aceso, principalmente em horários de pico?"",""texto_nc"":""30"",""is_sample"":false,""created_at"":""2026-05-22T17:07:59.41791+00:00"",""created_by"":null,""prazo_dias"":30,""created_date"":""2026-05-22T17:07:59.41791+00:00"",""updated_date"":""2026-05-22T17:07:59.41791+00:00"",""created_by_id"":null,""artigo_portaria"":""art. 24, inciso VII da Portaria AGEMS nº 321/25"",""tipo_unidade_id"":""3b62db96-dedc-4886-b591-f73ccff0a686"",""texto_determinacao"":""apresentar Plano de Ação para manutenção do queimador do Sistema de Coleta de Gases, favorecendo a eliminação dos gases do interior do reator UASB"",""texto_recomendacao"":"""",""texto_constatacao_nao"":""O biogás não está sendo queimado através do queimador e não opera de forma adequada"",""texto_constatacao_sim"":""O biogás é queimado através do queimador, tanto em horários de pico como em baixos volumes""},{""id"":""77287ab1-4d40-4cd3-9083-aff2c6e9f090"",""ativo"":true,""ordem"":23,""gera_nc"":true,""pergunta"":""Os braços distribuidores ou bicos aspersores estão girando/aplicando o esgoto de forma uniforme sobre o meio filtrante?"",""texto_nc"":""30"",""is_sample"":false,""created_at"":""2026-05-22T17:07:59.41791+00:00"",""created_by"":null,""prazo_dias"":30,""created_date"":""2026-05-22T17:07:59.41791+00:00"",""updated_date"":""2026-05-22T17:07:59.41791+00:00"",""created_by_id"":null,""artigo_portaria"":""art. 26, inciso VII da Portaria AGEMS nº 321/25"",""tipo_unidade_id"":""3b62db96-dedc-4886-b591-f73ccff0a686"",""texto_determinacao"":""apresentar Plano de Ação com etapas que visem a manutenção do Filtro Biológico Percolador"",""texto_recomendacao"":"""",""texto_constatacao_nao"":""Os braços distribuidores do Filtro FBP não operam de forma adequada e não aplicam o efluente de forma uniforme sobre o meio filtrante"",""texto_constatacao_sim"":""Os braços distribuidores do Filtro FBP estão girando de forma adequada e aplicando oe fluente de forma uniforme sobre o meio filtrante""},{""id"":""5bcbed18-8b6d-47b4-9b54-7c9a96a3ccc1"",""ativo"":true,""ordem"":24,""gera_nc"":true,""pergunta"":""O FBP está estanque, livre de vazamentos ou infiltrações?"",""texto_nc"":""30"",""is_sample"":false,""created_at"":""2026-05-22T17:07:59.41791+00:00"",""created_by"":null,""prazo_dias"":30,""created_date"":""2026-05-22T17:07:59.41791+00:00"",""updated_date"":""2026-05-22T17:07:59.41791+00:00"",""created_by_id"":null,""artigo_portaria"":""art. 26, inciso VII da Portaria AGEMS nº 321/25"",""tipo_unidade_id"":""3b62db96-dedc-4886-b591-f73ccff0a686"",""texto_determinacao"":""apresentar Plano de Ação com etapas que visem a estanqueidade do FBP, garantindo com que ele opere de forma adequada"",""texto_recomendacao"":"""",""texto_constatacao_nao"":""O FBP possui vazamento ou infiltração"",""texto_constatacao_sim"":""O FBP não possui vazamento ou infiltração""},{""id"":""3cd28b4a-cabe-4155-8eb3-e5178f505af1"",""ativo"":true,""ordem"":25,""gera_nc"":true,""pergunta"":""A passagem da água sobre os vertedores do decantador está uniforme?"",""texto_nc"":""30"",""is_sample"":false,""created_at"":""2026-05-22T17:07:59.41791+00:00"",""created_by"":null,""prazo_dias"":30,""created_date"":""2026-05-22T17:07:59.41791+00:00"",""updated_date"":""2026-05-22T17:07:59.41791+00:00"",""created_by_id"":null,""artigo_portaria"":""art. 24, inciso VII da Portaria AGEMS nº 321/25"",""tipo_unidade_id"":""3b62db96-dedc-4886-b591-f73ccff0a686"",""texto_determinacao"":""apresentar registros fotográficos que comprove que a passagem do efluente sobre os vertedores do decantador está uniforme, sem a presença de sólidos visíveis"",""texto_recomendacao"":"""",""texto_constatacao_nao"":""A passagem do efluente sobre os vertedores do decantador não está uniforme ou de forma adequada"",""texto_constatacao_sim"":""A passagem do efluente sobre os vertedores do decantador está uniforme e de forma adequada""},{""id"":""64b002b8-3f64-4681-ad34-17e8bc20e24f"",""ativo"":true,""ordem"":26,""gera_nc"":true,""pergunta"":""O efluente de saída do decantador está livre de arraste de sólidos (lodo)?"",""texto_nc"":""30"",""is_sample"":false,""created_at"":""2026-05-22T17:07:59.41791+00:00"",""created_by"":null,""prazo_dias"":30,""created_date"":""2026-05-22T17:07:59.41791+00:00"",""updated_date"":""2026-05-22T17:07:59.41791+00:00"",""created_by_id"":null,""artigo_portaria"":""art. 24, inciso VII da Portaria AGEMS nº 321/25"",""tipo_unidade_id"":""3b62db96-dedc-4886-b591-f73ccff0a686"",""texto_determinacao"":""apresentar registros fotográficos que comprove que não há arraste de sólidos visíveis para o corpo receptor após a saída do decantador"",""texto_recomendacao"":"""",""texto_constatacao_nao"":""Há arraste de sólidos visíveis"",""texto_constatacao_sim"":""Não há arraste de sólidos visíveis""},{""id"":""162ecf8e-c95a-4697-ab55-5a0756295b52"",""ativo"":true,""ordem"":27,""gera_nc"":true,""pergunta"":""O Decantador Secundário (DS) está estanque, livre de vazamentos ou infiltrações?"",""texto_nc"":""30"",""is_sample"":false,""created_at"":""2026-05-22T17:07:59.41791+00:00"",""created_by"":null,""prazo_dias"":30,""created_date"":""2026-05-22T17:07:59.41791+00:00"",""updated_date"":""2026-05-22T17:07:59.41791+00:00"",""created_by_id"":null,""artigo_portaria"":""art. 26, inciso VII da Portaria AGEMS nº 321/25"",""tipo_unidade_id"":""3b62db96-dedc-4886-b591-f73ccff0a686"",""texto_determinacao"":""apresentar Plano de Ação com etapas que visem a estanqueidade do Decantador Secundário, garantindo com que ele opere de forma adequada"",""texto_recomendacao"":"""",""texto_constatacao_nao"":""O decantador possui vazamento ou infiltração"",""texto_constatacao_sim"":""O decantador não possui vazamento ou infiltração""},{""id"":""d7bde615-e98c-40d7-bd63-39f01869c288"",""ativo"":true,""ordem"":28,""gera_nc"":true,""pergunta"":""Os taludes externos das lagoas  estão roçados?"",""texto_nc"":""30"",""is_sample"":false,""created_at"":""2026-05-22T17:07:59.41791+00:00"",""created_by"":null,""prazo_dias"":30,""created_date"":""2026-05-22T17:07:59.41791+00:00"",""updated_date"":""2026-05-22T17:07:59.41791+00:00"",""created_by_id"":null,""artigo_portaria"":""art. 24, inciso VII da Portaria AGEMS nº 321/25"",""tipo_unidade_id"":""3b62db96-dedc-4886-b591-f73ccff0a686"",""texto_determinacao"":""apresentar registros fotográficos que comprovem a retirada do excesso de vegetação dos taludes externos das lagoas"",""texto_recomendacao"":"""",""texto_constatacao_nao"":""Os taludes externos das lagoas não estão roçados, mantendo um excesso de vegetação e prejudicando a operação adequada do sistema"",""texto_constatacao_sim"":""Os taludes externos das lagoas estão roçados de forma adequada""},{""id"":""20070612-5fc0-4eb7-9f8c-1ce244596045"",""ativo"":true,""ordem"":29,""gera_nc"":true,""pergunta"":""As lagoas estão livres de vegetação aquática (macrófitas) excessiva?"",""texto_nc"":""30"",""is_sample"":false,""created_at"":""2026-05-22T17:07:59.41791+00:00"",""created_by"":null,""prazo_dias"":30,""created_date"":""2026-05-22T17:07:59.41791+00:00"",""updated_date"":""2026-05-22T17:07:59.41791+00:00"",""created_by_id"":null,""artigo_portaria"":""art. 24, inciso VII da Portaria AGEMS nº 321/25"",""tipo_unidade_id"":""3b62db96-dedc-4886-b591-f73ccff0a686"",""texto_determinacao"":""apresentar registros fotográficos que comprovem a retirada da vegetação aquática ou dos sobrenadantes nas lagoas"",""texto_recomendacao"":"""",""texto_constatacao_nao"":""Há presença de vegetação aquática excessiva"",""texto_constatacao_sim"":""Não há presença de vegetação aquática excessiva""},{""id"":""9a0ff44b-eb89-486b-99c3-c1d9ddbe9dc2"",""ativo"":true,""ordem"":30,""gera_nc"":true,""pergunta"":""A lagoa facultativa apresenta coloração verde (indício de algas e boa oxigenação)?"",""texto_nc"":""30"",""is_sample"":false,""created_at"":""2026-05-22T17:07:59.41791+00:00"",""created_by"":null,""prazo_dias"":30,""created_date"":""2026-05-22T17:07:59.41791+00:00"",""updated_date"":""2026-05-22T17:07:59.41791+00:00"",""created_by_id"":null,""artigo_portaria"":""art. 24, inciso VII da Portaria AGEMS nº 321/25"",""tipo_unidade_id"":""3b62db96-dedc-4886-b591-f73ccff0a686"",""texto_determinacao"":""apresentar Plano de Ação com etapas que visem monitoramento contínuo da lagoa e a predominância de condições adequadas"",""texto_recomendacao"":"""",""texto_constatacao_nao"":""A lagoa facultativa não apresenta coloração adequada, indicando necessidade de boa oxigenação"",""texto_constatacao_sim"":""A lagoa facultativa apresenta coloração verde, indício de algas e boa oxigenação""},{""id"":""7b461ff7-9364-4b42-a2d6-006a70564057"",""ativo"":true,""ordem"":31,""gera_nc"":true,""pergunta"":""Os diques de terra estão íntegros, livres de infiltração ou erosão?"",""texto_nc"":""30"",""is_sample"":false,""created_at"":""2026-05-22T17:07:59.41791+00:00"",""created_by"":null,""prazo_dias"":30,""created_date"":""2026-05-22T17:07:59.41791+00:00"",""updated_date"":""2026-05-22T17:07:59.41791+00:00"",""created_by_id"":null,""artigo_portaria"":""art. 26, inciso VII da Portaria AGEMS nº 321/25"",""tipo_unidade_id"":""3b62db96-dedc-4886-b591-f73ccff0a686"",""texto_determinacao"":""apresentar Plano de Ação com etapas que visem a segurança da estrutura e estanqueidade do sistema"",""texto_recomendacao"":"""",""texto_constatacao_nao"":""Há sinais de infiltração ou erosão nos diques"",""texto_constatacao_sim"":""Não há sinais de infiltração ou erosão nos diques""},{""id"":""30dd21b5-4dec-4cec-ad68-1c0ff793f5d0"",""ativo"":true,""ordem"":32,""gera_nc"":true,""pergunta"":""Os sopradores de ar do Reator de Biofilme em Leito Móvel (MBBR) estão funcionando?"",""texto_nc"":""30"",""is_sample"":false,""created_at"":""2026-05-22T17:07:59.41791+00:00"",""created_by"":null,""prazo_dias"":30,""created_date"":""2026-05-22T17:07:59.41791+00:00"",""updated_date"":""2026-05-22T17:07:59.41791+00:00"",""created_by_id"":null,""artigo_portaria"":""art. 24, inciso VII da Portaria AGEMS nº 321/25"",""tipo_unidade_id"":""3b62db96-dedc-4886-b591-f73ccff0a686"",""texto_determinacao"":""apresentar justificativa técnica, documentos comprobatórios ou Plano de Ação (se for o caso) para comprovar que as manutenções preventivas/corretivas foram realizadas nos sopradores de ar"",""texto_recomendacao"":"""",""texto_constatacao_nao"":""Os sopradores de ar do MBBR não funcionam de forma adequada"",""texto_constatacao_sim"":""Os sopradores de ar do MBBR estão funcionando de forma adequada""},{""id"":""af77cc33-2e0f-492f-a4bb-495373391d0a"",""ativo"":true,""ordem"":33,""gera_nc"":true,""pergunta"":""A agitação no tanque de aeração do Sistema MBBR está vigorosa e uniforme?"",""texto_nc"":""30"",""is_sample"":false,""created_at"":""2026-05-22T17:07:59.41791+00:00"",""created_by"":null,""prazo_dias"":30,""created_date"":""2026-05-22T17:07:59.41791+00:00"",""updated_date"":""2026-05-22T17:07:59.41791+00:00"",""created_by_id"":null,""artigo_portaria"":""art. 24, inciso VII da Portaria AGEMS nº 321/25"",""tipo_unidade_id"":""3b62db96-dedc-4886-b591-f73ccff0a686"",""texto_determinacao"":""apresentar justificativa técnica e Plano de Ação, se for o caso, para comprovar que a agitação no tanque de aeração do Sistema MBBR ocorre de forma vigorosa e de maneira adequada"",""texto_recomendacao"":"""",""texto_constatacao_nao"":""A agitação no tanque de aeração do Sistema MBBR não está vigorosa, não ocorrendo de maneira adequada"",""texto_constatacao_sim"":""A agitação no tanque de aeração do Sistema MBBR está vigorosa e ocorre de maneira adequada""},{""id"":""fa2e7fef-85eb-4179-ae8c-57ec41093e82"",""ativo"":true,""ordem"":34,""gera_nc"":true,""pergunta"":""As mídias plásticas (Kaldnes) do MBBR estão circulando de forma adequada (sem acúmulo em cantos)?"",""texto_nc"":""30"",""is_sample"":false,""created_at"":""2026-05-22T17:07:59.41791+00:00"",""created_by"":null,""prazo_dias"":30,""created_date"":""2026-05-22T17:07:59.41791+00:00"",""updated_date"":""2026-05-22T17:07:59.41791+00:00"",""created_by_id"":null,""artigo_portaria"":""art. 26, inciso VII da Portaria AGEMS nº 321/25"",""tipo_unidade_id"":""3b62db96-dedc-4886-b591-f73ccff0a686"",""texto_determinacao"":""apresentar justificativa técnica e Plano de Ação, se for o caso, para comprovar que as mídias plásticas (Kaldnes) estão circulando de forma adequada na operação do Sistema de MBBR"",""texto_recomendacao"":"""",""texto_constatacao_nao"":""Os Kaldnes não estão circulando de forma adequada, estando acumulados em um canto, indicado falha no difusor"",""texto_constatacao_sim"":""Os Kaldnes estão circulando de forma adequada para a operação do Sistema de MBBR""},{""id"":""42b69f02-b3d7-4051-b9f9-1a2f0850d275"",""ativo"":true,""ordem"":35,""gera_nc"":true,""pergunta"":""Os sopradores possuem proteção acústica para não incomodar a vizinhança?"",""texto_nc"":""30"",""is_sample"":false,""created_at"":""2026-05-22T17:07:59.41791+00:00"",""created_by"":null,""prazo_dias"":30,""created_date"":""2026-05-22T17:07:59.41791+00:00"",""updated_date"":""2026-05-22T17:07:59.41791+00:00"",""created_by_id"":null,""artigo_portaria"":""art. 24, inciso VI da Portaria AGEMS nº 321/25"",""tipo_unidade_id"":""3b62db96-dedc-4886-b591-f73ccff0a686"",""texto_determinacao"":""apresentar registros fotográficos de que foram implantados proteção acústica nos sopradores de ar do Sistema de MBBR, minimizando impactos negativos do Sistema com a vizinhança"",""texto_recomendacao"":"""",""texto_constatacao_nao"":""Os sopradores de ar do Sistema de MBBR não possuem proteção acústica, podendo incomodar a vizinhança"",""texto_constatacao_sim"":""Os sopradores de ar do Sistema de MBBR possuem proteção acústica e operam de forma adequada""},{""id"":""f4da4466-3500-4e5c-97e7-df739b961580"",""ativo"":true,""ordem"":1,""gera_nc"":true,""pergunta"":""As instalações do escritório estão em bom estado de conservação e limpeza?"",""texto_nc"":""30"",""is_sample"":false,""created_at"":""2026-05-22T17:08:05.180131+00:00"",""created_by"":null,""prazo_dias"":30,""created_date"":""2026-05-22T17:08:05.180131+00:00"",""updated_date"":""2026-05-22T17:08:05.180131+00:00"",""created_by_id"":null,""artigo_portaria"":""art. 24, inciso VII da Portaria AGEMS nº 321/25"",""tipo_unidade_id"":""0b4872d1-3efc-47b1-b26d-b7de680c5d21"",""texto_determinacao"":""apresentar registros fotográficos que comprovem que foi realizada manutenção e limpeza da área do escritório e laboratório operacional da Estação de Tratamento de Esgoto"",""texto_recomendacao"":"""",""texto_constatacao_nao"":""As instalações do escritório e laboratório não estão em bom estado de conservação e limpeza"",""texto_constatacao_sim"":""As instalações do escritório e laboratório estão em bom estado de conservação e limpeza""},{""id"":""8b38d004-7cad-4d50-8485-2c6479143033"",""ativo"":true,""ordem"":2,""gera_nc"":true,""pergunta"":""O número de funcionários atende a demanda de serviço existente?"",""texto_nc"":""30"",""is_sample"":false,""created_at"":""2026-05-22T17:08:05.180131+00:00"",""created_by"":null,""prazo_dias"":30,""created_date"":""2026-05-22T17:08:05.180131+00:00"",""updated_date"":""2026-05-22T17:08:05.180131+00:00"",""created_by_id"":null,""artigo_portaria"":""art. 24, inciso VI da Portaria AGEMS nº 321/25"",""tipo_unidade_id"":""0b4872d1-3efc-47b1-b26d-b7de680c5d21"",""texto_determinacao"":""apresentar justificativa técnica para o baixo número de funcionários da Unidade bem como Cronogrmaa para contratação de novos funcionários, se for o caso"",""texto_recomendacao"":"""",""texto_constatacao_nao"":""O número de funcionários não atende a demanda de serviço existente"",""texto_constatacao_sim"":""O número de funcionários atende a demanda de serviço existente""},{""id"":""dffbf270-0f62-4e16-a92c-3dc714356c75"",""ativo"":true,""ordem"":3,""gera_nc"":true,""pergunta"":""O laboratório possui reagentes dentro da validade?"",""texto_nc"":""30"",""is_sample"":false,""created_at"":""2026-05-22T17:08:05.180131+00:00"",""created_by"":null,""prazo_dias"":30,""created_date"":""2026-05-22T17:08:05.180131+00:00"",""updated_date"":""2026-05-22T17:08:05.180131+00:00"",""created_by_id"":null,""artigo_portaria"":""art. 26, inciso VII da Portaria AGEMS nº 321/25"",""tipo_unidade_id"":""0b4872d1-3efc-47b1-b26d-b7de680c5d21"",""texto_determinacao"":""apresentar registros fotográficos que comprovem que foi realizada a substituição dos reagentes com data de validade expirada"",""texto_recomendacao"":"""",""texto_constatacao_nao"":""O laboratório não possui alguns reagentes dentro da validade"",""texto_constatacao_sim"":""O laboratório possui reagentes dentro da validade""},{""id"":""54445711-0c80-464a-9186-8518ab834091"",""ativo"":true,""ordem"":7,""gera_nc"":true,""pergunta"":""O gradeamento está limpo e opera de maneira adequada?"",""texto_nc"":""30"",""is_sample"":false,""created_at"":""2026-05-22T17:22:34.826392+00:00"",""created_by"":null,""prazo_dias"":30,""created_date"":""2026-05-22T17:22:34.826392+00:00"",""updated_date"":""2026-05-22T17:22:34.826392+00:00"",""created_by_id"":null,""artigo_portaria"":""art. 26, inciso VII da Portaria AGEMS nº 321/25"",""tipo_unidade_id"":""3b62db96-dedc-4886-b591-f73ccff0a686"",""texto_determinacao"":""apresentar registros fotográficos comprovando que o gradeamento e o desarenador estão operando de forma adequada, sem acúmulo de sedimentos que comprometem o fluxo"",""texto_recomendacao"":"""",""texto_constatacao_nao"":""Há acúmulo de sólidos no gradeamento, comprometendo o fluxo"",""texto_constatacao_sim"":""O gradeamento está limpo e opera de maneira adequada""},{""id"":""59d0e68e-f06c-4bab-b507-6a170ad7a0c1"",""ativo"":true,""ordem"":4,""gera_nc"":true,""pergunta"":""Os equipamentos utilizados para monitoramento diário estão calibrados?"",""texto_nc"":""30"",""is_sample"":false,""created_at"":""2026-05-22T17:08:05.180131+00:00"",""created_by"":null,""prazo_dias"":30,""created_date"":""2026-05-22T17:08:05.180131+00:00"",""updated_date"":""2026-05-22T17:08:05.180131+00:00"",""created_by_id"":null,""artigo_portaria"":""art. 24, inciso VII da Portaria AGEMS nº 321/25"",""tipo_unidade_id"":""0b4872d1-3efc-47b1-b26d-b7de680c5d21"",""texto_determinacao"":""apresentar justificativa técnica, documentos comprobatórios ou Plano de Ação (se for o caso) para comprovar que a calibração dos equipamentos foram realizadas de forma adequada"",""texto_recomendacao"":"""",""texto_constatacao_nao"":""Os equipamentos utilizados para monitoramento diário não estão calibrados"",""texto_constatacao_sim"":""Os equipamentos utilizados para monitoramento diário estão calibrados""},{""id"":""160697f5-6dd3-48b9-b4a6-8d68952e94a5"",""ativo"":true,""ordem"":5,""gera_nc"":true,""pergunta"":""Existem chuveiros de emergência e lava-olhos operacionais próximos à manipulação de produtos químicos?"",""texto_nc"":""30"",""is_sample"":false,""created_at"":""2026-05-22T17:08:05.180131+00:00"",""created_by"":null,""prazo_dias"":30,""created_date"":""2026-05-22T17:08:05.180131+00:00"",""updated_date"":""2026-05-22T17:08:05.180131+00:00"",""created_by_id"":null,""artigo_portaria"":""art. 24, inciso VI da Portaria AGEMS nº 321/25"",""tipo_unidade_id"":""0b4872d1-3efc-47b1-b26d-b7de680c5d21"",""texto_determinacao"":""apresentar registros fotográficos que comprovem a implantação de chuveiro de emergência e lava-olhos operacionais próximos à manipulação de produtos químicos"",""texto_recomendacao"":"""",""texto_constatacao_nao"":""Não existem chuveiros de emergência e lava-olhos operacionais pronto para utilização"",""texto_constatacao_sim"":""Existem chuveiros de emergência e lava-olhos operacionais pronto para utilização""},{""id"":""05d476a4-3be2-42c7-84cf-254119562e4f"",""ativo"":true,""ordem"":1,""gera_nc"":true,""pergunta"":""O armazenamento de materiais é feito de forma adequada e segura?"",""texto_nc"":""30"",""is_sample"":false,""created_at"":""2026-05-22T17:22:25.718257+00:00"",""created_by"":null,""prazo_dias"":30,""created_date"":""2026-05-22T17:22:25.718257+00:00"",""updated_date"":""2026-05-22T17:22:25.718257+00:00"",""created_by_id"":null,""artigo_portaria"":""art. 24, inciso VI da Portaria AGEMS nº 321/25"",""tipo_unidade_id"":""b3fdb769-f4fc-4a3b-a11f-221611613f57"",""texto_determinacao"":""apresentar registros fotográficos comprovando que os materiais estão armazenados de forma adequada e segura"",""texto_recomendacao"":"""",""texto_constatacao_nao"":""O armazenamento de materiais não é feito de forma adequada e segura"",""texto_constatacao_sim"":""O armazenamento de materiais é feito de forma adequada e segura""},{""id"":""c9183087-1790-456f-b3ef-5900fddf3886"",""ativo"":true,""ordem"":2,""gera_nc"":true,""pergunta"":""As tubulações são armazenadas em ambiente coberto, longe da exposição solar?"",""texto_nc"":""30"",""is_sample"":false,""created_at"":""2026-05-22T17:22:25.718257+00:00"",""created_by"":null,""prazo_dias"":30,""created_date"":""2026-05-22T17:22:25.718257+00:00"",""updated_date"":""2026-05-22T17:22:25.718257+00:00"",""created_by_id"":null,""artigo_portaria"":""art. 24, inciso VI da Portaria AGEMS nº 321/25"",""tipo_unidade_id"":""b3fdb769-f4fc-4a3b-a11f-221611613f57"",""texto_determinacao"":""apresentar registros fotográficos que as tubulações estão armazenadas em ambiente coberto, isto é, longe da exposição solar"",""texto_recomendacao"":"""",""texto_constatacao_nao"":""As tubulações não são armazenadas em ambiente coberto e longe da exposição solar"",""texto_constatacao_sim"":""As tubulações são armazenadas em ambiente coberto e estão longe da exposição solar""},{""id"":""6af7539d-d812-41fc-a69b-da5737350679"",""ativo"":true,""ordem"":3,""gera_nc"":true,""pergunta"":""Os materiais e equipamentos estão armazenados exclusivamente no interior do almoxarifado?"",""texto_nc"":""30"",""is_sample"":false,""created_at"":""2026-05-22T17:22:25.718257+00:00"",""created_by"":null,""prazo_dias"":30,""created_date"":""2026-05-22T17:22:25.718257+00:00"",""updated_date"":""2026-05-22T17:22:25.718257+00:00"",""created_by_id"":null,""artigo_portaria"":""art. 24, inciso VII da Portaria AGEMS nº 321/25"",""tipo_unidade_id"":""b3fdb769-f4fc-4a3b-a11f-221611613f57"",""texto_determinacao"":""apresentar registros fotográficos de que os materiais que estavam armazenados fora do almoxarifado, agora encontram-se acondicionados no interior do almoxarifado"",""texto_recomendacao"":"""",""texto_constatacao_nao"":""Os materiais e/ou equipamentos estão armazenados fora do almoxarifado"",""texto_constatacao_sim"":""Os materiais e equipamentos estão armazenados dentro do almoxarifado e de forma adequada""},{""id"":""712060e4-aa1b-4002-af4e-96b41feb5991"",""ativo"":true,""ordem"":4,""gera_nc"":true,""pergunta"":""Recipientes com substâncias perigosas estão corretamente armazenados?"",""texto_nc"":""30"",""is_sample"":false,""created_at"":""2026-05-22T17:22:25.718257+00:00"",""created_by"":null,""prazo_dias"":30,""created_date"":""2026-05-22T17:22:25.718257+00:00"",""updated_date"":""2026-05-22T17:22:25.718257+00:00"",""created_by_id"":null,""artigo_portaria"":""art. 24, inciso VII da Portaria AGEMS nº 321/25"",""tipo_unidade_id"":""b3fdb769-f4fc-4a3b-a11f-221611613f57"",""texto_determinacao"":""apresentar registros fotográficos que comprovem que os recipientes com substâncias perigosas estejam armazenados de forma segura e correta"",""texto_recomendacao"":"""",""texto_constatacao_nao"":""Os recipientes com substâncias perigosas não estão armazenados de forma adequada"",""texto_constatacao_sim"":""Os recipientes com substâncias perigosas estão armazenados de forma adequada""},{""id"":""2b2f5569-e2b5-4946-9fef-7910d9de6393"",""ativo"":true,""ordem"":5,""gera_nc"":true,""pergunta"":""Os materiais armazenados são suficientes para atender à demanda?"",""texto_nc"":""30"",""is_sample"":false,""created_at"":""2026-05-22T17:22:25.718257+00:00"",""created_by"":null,""prazo_dias"":30,""created_date"":""2026-05-22T17:22:25.718257+00:00"",""updated_date"":""2026-05-22T17:22:25.718257+00:00"",""created_by_id"":null,""artigo_portaria"":""art. 24, inciso VI da Portaria AGEMS nº 321/25"",""tipo_unidade_id"":""b3fdb769-f4fc-4a3b-a11f-221611613f57"",""texto_determinacao"":""apresentar registros fotográfico, documentos comprobatórios e justifica técnica de que os materiais armazenados atualmente no almoxarifado são suficientes para atender à demanda da unidade"",""texto_recomendacao"":"""",""texto_constatacao_nao"":""Os materiais armazenados não são suficientes para atender à demanda"",""texto_constatacao_sim"":""Os materiais armazenados são suficientes para atender à demanda""},{""id"":""1221ae08-b333-441c-95fe-f001e1208432"",""ativo"":true,""ordem"":1,""gera_nc"":true,""pergunta"":""A unidade possui identificação externa (ID) adequada?"",""texto_nc"":""30"",""is_sample"":false,""created_at"":""2026-05-22T17:22:30.387614+00:00"",""created_by"":null,""prazo_dias"":30,""created_date"":""2026-05-22T17:22:30.387614+00:00"",""updated_date"":""2026-05-22T17:22:30.387614+00:00"",""created_by_id"":null,""artigo_portaria"":""art. 24, inciso VII da Portaria AGEMS nº 321/25"",""tipo_unidade_id"":""1bb55f5e-0039-4598-84de-56dbdfedb3f0"",""texto_determinacao"":""apresentar registros fotográficos comprovando que os materiais estão armazenados de forma adequada e segura"",""texto_recomendacao"":"""",""texto_constatacao_nao"":""A unidade não possui identificação externa adequada"",""texto_constatacao_sim"":""A unidade possui identificação externa adequada""},{""id"":""63d97145-1bf2-4062-a871-664d811ce046"",""ativo"":true,""ordem"":2,""gera_nc"":true,""pergunta"":""A unidade possui cercamento (alambrado/muros) garantindo a segurança?"",""texto_nc"":""30"",""is_sample"":false,""created_at"":""2026-05-22T17:22:30.387614+00:00"",""created_by"":null,""prazo_dias"":30,""created_date"":""2026-05-22T17:22:30.387614+00:00"",""updated_date"":""2026-05-22T17:22:30.387614+00:00"",""created_by_id"":null,""artigo_portaria"":""art. 24, inciso VII da Portaria AGEMS nº 321/25"",""tipo_unidade_id"":""1bb55f5e-0039-4598-84de-56dbdfedb3f0"",""texto_determinacao"":""apresentar registros fotográficos de que foi instalado cercamento com Alambrado, Muros ou materiais equivalentes"",""texto_recomendacao"":"""",""texto_constatacao_nao"":""A unidade não possui cercamento adequado, favorecendo a insegurança"",""texto_constatacao_sim"":""A unidade possui cercamento adequado""},{""id"":""0f354548-1e8a-4e3d-babf-1f94fbc7a44f"",""ativo"":true,""ordem"":3,""gera_nc"":true,""pergunta"":""Os portões possuem cadeados e garantem a segurança?"",""texto_nc"":""30"",""is_sample"":false,""created_at"":""2026-05-22T17:22:30.387614+00:00"",""created_by"":null,""prazo_dias"":30,""created_date"":""2026-05-22T17:22:30.387614+00:00"",""updated_date"":""2026-05-22T17:22:30.387614+00:00"",""created_by_id"":null,""artigo_portaria"":""art. 24, inciso VII da Portaria AGEMS nº 321/25"",""tipo_unidade_id"":""1bb55f5e-0039-4598-84de-56dbdfedb3f0"",""texto_determinacao"":""apresentar registros fotográficos de que foram instalados cadeados nos portões"",""texto_recomendacao"":"""",""texto_constatacao_nao"":""Os portões não possuem cadeados, favorecendo a insegurança"",""texto_constatacao_sim"":""Os portões possuem cadeados, garantindo a segurança""},{""id"":""46f7d753-5308-4874-bef5-b61db0bb30de"",""ativo"":true,""ordem"":4,""gera_nc"":true,""pergunta"":""A unidade possui sinalização de 'Entrada Proibida'?"",""texto_nc"":""30"",""is_sample"":false,""created_at"":""2026-05-22T17:22:30.387614+00:00"",""created_by"":null,""prazo_dias"":30,""created_date"":""2026-05-22T17:22:30.387614+00:00"",""updated_date"":""2026-05-22T17:22:30.387614+00:00"",""created_by_id"":null,""artigo_portaria"":""art. 24, inciso VII da Portaria AGEMS nº 321/25"",""tipo_unidade_id"":""1bb55f5e-0039-4598-84de-56dbdfedb3f0"",""texto_determinacao"":""apresentar registros fotográficos de que foi instalada sinalização de 'Entrada Proibida'"",""texto_recomendacao"":"""",""texto_constatacao_nao"":""A unidade não possui sinalização de 'Entrada Proibida'"",""texto_constatacao_sim"":""A unidade possui sinalização de 'Entrada Proibida'""},{""id"":""b8b91c2e-ef19-48ba-bd50-2264d78b6f84"",""ativo"":true,""ordem"":5,""gera_nc"":true,""pergunta"":""O entorno das unidades está roçado e livre de entulhos?"",""texto_nc"":""30"",""is_sample"":false,""created_at"":""2026-05-22T17:22:30.387614+00:00"",""created_by"":null,""prazo_dias"":30,""created_date"":""2026-05-22T17:22:30.387614+00:00"",""updated_date"":""2026-05-22T17:22:30.387614+00:00"",""created_by_id"":null,""artigo_portaria"":""art. 24, inciso VII da Portaria AGEMS nº 321/25"",""tipo_unidade_id"":""1bb55f5e-0039-4598-84de-56dbdfedb3f0"",""texto_determinacao"":""apresentar registros fotográficos de que o entorno das unidades está roçado e livre de entulhos"",""texto_recomendacao"":"""",""texto_constatacao_nao"":""O entorno das unidades não está roçado ou possui entulhos"",""texto_constatacao_sim"":""O entorno das unidades está roçado e livre de entulhos""},{""id"":""f3666b21-c983-4fca-b67c-4519b6935010"",""ativo"":true,""ordem"":6,""gera_nc"":true,""pergunta"":""O entorno das unidades está livre de vazamentos aparentes?"",""texto_nc"":""30"",""is_sample"":false,""created_at"":""2026-05-22T17:22:30.387614+00:00"",""created_by"":null,""prazo_dias"":30,""created_date"":""2026-05-22T17:22:30.387614+00:00"",""updated_date"":""2026-05-22T17:22:30.387614+00:00"",""created_by_id"":null,""artigo_portaria"":""art. 24, inciso VII da Portaria AGEMS nº 321/25"",""tipo_unidade_id"":""1bb55f5e-0039-4598-84de-56dbdfedb3f0"",""texto_determinacao"":""apresentar registros fotográficos de que foram sanados os vazamentos aparentes"",""texto_recomendacao"":"""",""texto_constatacao_nao"":""Há vazamentos aparentes no entorno das unidades"",""texto_constatacao_sim"":""O entorno das unidades está livre de vazamentos aparentes""},{""id"":""e88828f7-6f78-436e-bbd7-f374d01b4d74"",""ativo"":true,""ordem"":7,""gera_nc"":true,""pergunta"":""A unidade encontra-se livre de exalação excessiva de odores ou reclamações da vizinhança?"",""texto_nc"":""30"",""is_sample"":false,""created_at"":""2026-05-22T17:22:30.387614+00:00"",""created_by"":null,""prazo_dias"":30,""created_date"":""2026-05-22T17:22:30.387614+00:00"",""updated_date"":""2026-05-22T17:22:30.387614+00:00"",""created_by_id"":null,""artigo_portaria"":""art. 26, inciso VII da Portaria AGEMS nº 321/25"",""tipo_unidade_id"":""1bb55f5e-0039-4598-84de-56dbdfedb3f0"",""texto_determinacao"":""apresentar Plano de ação e justificar cada item do Plano a fim de mitigar os odores originados pela EEE"",""texto_recomendacao"":"""",""texto_constatacao_nao"":""Há evidências de exalação excessiva de odores ou reclamações da vizinhança"",""texto_constatacao_sim"":""Não há evidências de exalação excessiva de odores ou reclamações da vizinhança""},{""id"":""2c54c35e-c20e-4f40-b43a-df565c9dcc79"",""ativo"":true,""ordem"":8,""gera_nc"":true,""pergunta"":""O gradeamento está limpo e opera de maneira adequada?"",""texto_nc"":""30"",""is_sample"":false,""created_at"":""2026-05-22T17:22:30.387614+00:00"",""created_by"":null,""prazo_dias"":30,""created_date"":""2026-05-22T17:22:30.387614+00:00"",""updated_date"":""2026-05-22T17:22:30.387614+00:00"",""created_by_id"":null,""artigo_portaria"":""art. 26, inciso VII da Portaria AGEMS nº 321/25"",""tipo_unidade_id"":""1bb55f5e-0039-4598-84de-56dbdfedb3f0"",""texto_determinacao"":""apresentar registros fotográficos comprovando que o gradeamento está operando de forma adequada"",""texto_recomendacao"":"""",""texto_constatacao_nao"":""Há acúmulo de sólidos no gradeamento, comprometendo o fluxo"",""texto_constatacao_sim"":""O gradeamento está limpo e opera de maneira adequada""},{""id"":""f24c27d9-06fc-4fe7-b8d6-09a56179bf20"",""ativo"":true,""ordem"":9,""gera_nc"":true,""pergunta"":""O desarenador (caixa de areia) está limpo e opera de maneira adequada?"",""texto_nc"":""30"",""is_sample"":false,""created_at"":""2026-05-22T17:22:30.387614+00:00"",""created_by"":null,""prazo_dias"":30,""created_date"":""2026-05-22T17:22:30.387614+00:00"",""updated_date"":""2026-05-22T17:22:30.387614+00:00"",""created_by_id"":null,""artigo_portaria"":""art. 26, inciso VII da Portaria AGEMS nº 321/25"",""tipo_unidade_id"":""1bb55f5e-0039-4598-84de-56dbdfedb3f0"",""texto_determinacao"":""apresentar registros fotográficos comprovando que o desarenador está operando de forma adequada"",""texto_recomendacao"":"""",""texto_constatacao_nao"":""Há acúmulo de sólidos no desarenador, comprometendo o fluxo"",""texto_constatacao_sim"":""O desarenador está limpo e opera de maneira adequada""},{""id"":""f743a65b-a55a-488b-bd78-27e07fde420a"",""ativo"":true,""ordem"":10,""gera_nc"":true,""pergunta"":""O material do gradeamento é armazenado em caçambas até a destinação final?"",""texto_nc"":""30"",""is_sample"":false,""created_at"":""2026-05-22T17:22:30.387614+00:00"",""created_by"":null,""prazo_dias"":30,""created_date"":""2026-05-22T17:22:30.387614+00:00"",""updated_date"":""2026-05-22T17:22:30.387614+00:00"",""created_by_id"":null,""artigo_portaria"":""art. 26, inciso VII da Portaria AGEMS nº 321/25"",""tipo_unidade_id"":""1bb55f5e-0039-4598-84de-56dbdfedb3f0"",""texto_determinacao"":""apresentar Plano de Ação e justificar cada escolha do Plano a fim de armazenar os rejeitos do gradeamento de forma ambientalmente adequada"",""texto_recomendacao"":"""",""texto_constatacao_nao"":""O material do gradeamento não é armazenado de maneira adequada, permanecendo exposto sem nenhum tratamento"",""texto_constatacao_sim"":""O material do gradeamento é armazenado de forma correta e adequada até a destinação final""},{""id"":""867a27de-9cc0-4e23-82c2-97445e5a0d8d"",""ativo"":true,""ordem"":11,""gera_nc"":true,""pergunta"":""As tampas de proteção do poço estão em boas condições de uso e segurança?"",""texto_nc"":""30"",""is_sample"":false,""created_at"":""2026-05-22T17:22:30.387614+00:00"",""created_by"":null,""prazo_dias"":30,""created_date"":""2026-05-22T17:22:30.387614+00:00"",""updated_date"":""2026-05-22T17:22:30.387614+00:00"",""created_by_id"":null,""artigo_portaria"":""art. 24, inciso VII da Portaria AGEMS nº 321/25"",""tipo_unidade_id"":""1bb55f5e-0039-4598-84de-56dbdfedb3f0"",""texto_determinacao"":""apresentar registros fotográficos de que as tampas de proteção do poço estão afixadas de forma adequada"",""texto_recomendacao"":"""",""texto_constatacao_nao"":""As tampas de proteção do poço não estão em boas condições"",""texto_constatacao_sim"":""As tampas de proteção do poço estão em boas condições de uso e segurança""},{""id"":""4055f5c2-f575-4071-ba5f-6e2675a83e0a"",""ativo"":true,""ordem"":12,""gera_nc"":true,""pergunta"":""As tampas de proteção do gradeamento estão em boas condições de uso e segurança?"",""texto_nc"":""30"",""is_sample"":false,""created_at"":""2026-05-22T17:22:30.387614+00:00"",""created_by"":null,""prazo_dias"":30,""created_date"":""2026-05-22T17:22:30.387614+00:00"",""updated_date"":""2026-05-22T17:22:30.387614+00:00"",""created_by_id"":null,""artigo_portaria"":""art. 24, inciso VII da Portaria AGEMS nº 321/25"",""tipo_unidade_id"":""1bb55f5e-0039-4598-84de-56dbdfedb3f0"",""texto_determinacao"":""apresentar registros fotográficos de que as tampas de proteção do gradeamento estão afixadas de forma adequada"",""texto_recomendacao"":"""",""texto_constatacao_nao"":""As tampas de proteção do gradeamento não estão em boas condições"",""texto_constatacao_sim"":""As tampas de proteção do gradeamento estão em boas condições de uso e segurança""},{""id"":""25ecf419-b3d1-45d4-9851-f237e1d16420"",""ativo"":true,""ordem"":13,""gera_nc"":true,""pergunta"":""Os conjuntos motobombas operam sem ruído excessivo ou vibração anormal?"",""texto_nc"":""30"",""is_sample"":false,""created_at"":""2026-05-22T17:22:30.387614+00:00"",""created_by"":null,""prazo_dias"":30,""created_date"":""2026-05-22T17:22:30.387614+00:00"",""updated_date"":""2026-05-22T17:22:30.387614+00:00"",""created_by_id"":null,""artigo_portaria"":""art. 26, inciso VII da Portaria AGEMS nº 321/25"",""tipo_unidade_id"":""1bb55f5e-0039-4598-84de-56dbdfedb3f0"",""texto_determinacao"":""apresentar justificativa técnica, documentos comprobatórios ou Plano de Ação (se for o caso) para comprovar que as manutenções preventivas/corretivas foram realizadas nos conjuntos motobombas"",""texto_recomendacao"":"""",""texto_constatacao_nao"":""Os conjuntos motobombas apresentam ruído excessivo ou vibração anormal"",""texto_constatacao_sim"":""Os conjuntos motobombas não apresentam ruído excessivo ou vibração anormal""},{""id"":""0d86eb24-09e1-4455-8d37-72eccfb0e1da"",""ativo"":true,""ordem"":14,""gera_nc"":true,""pergunta"":""Possui conjunto motobomba reserva?"",""texto_nc"":""30"",""is_sample"":false,""created_at"":""2026-05-22T17:22:30.387614+00:00"",""created_by"":null,""prazo_dias"":30,""created_date"":""2026-05-22T17:22:30.387614+00:00"",""updated_date"":""2026-05-22T17:22:30.387614+00:00"",""created_by_id"":null,""artigo_portaria"":""art. 26, inciso VII da Portaria AGEMS nº 321/25"",""tipo_unidade_id"":""1bb55f5e-0039-4598-84de-56dbdfedb3f0"",""texto_determinacao"":""apresentar registros fotográficos e documentos comprobatórios da existência de conjunto motobomba reserva na Unidade em conformidade com o Art. 115 da Portaria AGEMS nº 320/2025"",""texto_recomendacao"":"""",""texto_constatacao_nao"":""Não possui conjunto motobomba reserva"",""texto_constatacao_sim"":""Possui conjunto motobomba reserva pronto para utilização""},{""id"":""dd935e97-2746-4253-9179-acc02a815ff8"",""ativo"":true,""ordem"":15,""gera_nc"":true,""pergunta"":""Possui gerador de energia elétrica pronto para utilização?"",""texto_nc"":""30"",""is_sample"":false,""created_at"":""2026-05-22T17:22:30.387614+00:00"",""created_by"":null,""prazo_dias"":30,""created_date"":""2026-05-22T17:22:30.387614+00:00"",""updated_date"":""2026-05-22T17:22:30.387614+00:00"",""created_by_id"":null,""artigo_portaria"":""art. 26, inciso VII da Portaria AGEMS nº 321/25"",""tipo_unidade_id"":""1bb55f5e-0039-4598-84de-56dbdfedb3f0"",""texto_determinacao"":""apresentar registros fotográficos ou documentos comprobatórios da existência de equipamento gerador de energia elétrica ou justificativas técnicas para a não implantação do equipamento na unidade"",""texto_recomendacao"":"""",""texto_constatacao_nao"":""Não possui gerador de energia elétrica"",""texto_constatacao_sim"":""Possui gerador de energia elétrica pronto para utilização""},{""id"":""1ee80027-e0de-4c69-867a-ce7cea0be165"",""ativo"":true,""ordem"":16,""gera_nc"":true,""pergunta"":""O Abrigo do Quadro de Comando Elétrico do poço está em bom estado de conservação, uso e operação?"",""texto_nc"":""30"",""is_sample"":false,""created_at"":""2026-05-22T17:22:30.387614+00:00"",""created_by"":null,""prazo_dias"":30,""created_date"":""2026-05-22T17:22:30.387614+00:00"",""updated_date"":""2026-05-22T17:22:30.387614+00:00"",""created_by_id"":null,""artigo_portaria"":""art. 24, inciso VII da Portaria AGEMS nº 321/25"",""tipo_unidade_id"":""1bb55f5e-0039-4598-84de-56dbdfedb3f0"",""texto_determinacao"":""apresentar registros fotográficos de que o Abrigo do Quadro de Comando Elétrico da captação está em bom estado de conservação, uso e operação"",""texto_recomendacao"":"""",""texto_constatacao_nao"":""O Abrigo do Quadro de Comando Elétrico da captação não está em bom estado de conservação, uso e operação"",""texto_constatacao_sim"":""O Abrigo do Quadro de Comando Elétrico da captação está em bom estado de conservação, uso e operação""},{""id"":""0edcc761-7eca-40a0-af0d-116f339ef9e6"",""ativo"":true,""ordem"":17,""gera_nc"":true,""pergunta"":""As instalações elétricas do poço estão adequadas?"",""texto_nc"":""30"",""is_sample"":false,""created_at"":""2026-05-22T17:22:30.387614+00:00"",""created_by"":null,""prazo_dias"":30,""created_date"":""2026-05-22T17:22:30.387614+00:00"",""updated_date"":""2026-05-22T17:22:30.387614+00:00"",""created_by_id"":null,""artigo_portaria"":""art. 26, inciso VII da Portaria AGEMS nº 321/25"",""tipo_unidade_id"":""1bb55f5e-0039-4598-84de-56dbdfedb3f0"",""texto_determinacao"":""apresentar registros fotográficos e documentação comprobatória de que as instalações elétricas do poço estão adequadas para o uso e não oferecem risco de choque elétrico ou demais sinistros para os colaboradores"",""texto_recomendacao"":"""",""texto_constatacao_nao"":""As instalações elétricas do poço não estão adequadas"",""texto_constatacao_sim"":""As instalações elétricas do poço estão adequadas""},{""id"":""238be08d-3de0-4cb3-ba67-fcf4fb355bce"",""ativo"":true,""ordem"":18,""gera_nc"":true,""pergunta"":""As condições do quadro de comando estão em bom estado de uso, segurança e operação?"",""texto_nc"":""30"",""is_sample"":false,""created_at"":""2026-05-22T17:22:30.387614+00:00"",""created_by"":null,""prazo_dias"":30,""created_date"":""2026-05-22T17:22:30.387614+00:00"",""updated_date"":""2026-05-22T17:22:30.387614+00:00"",""created_by_id"":null,""artigo_portaria"":""art. 26, inciso VII da Portaria AGEMS nº 321/25"",""tipo_unidade_id"":""1bb55f5e-0039-4598-84de-56dbdfedb3f0"",""texto_determinacao"":""apresentar registros fotográficos e documentos comprobatórios de que as condições do quadro de comando estão em bom estado de segurança, não oferecendo riscos aos colaboradores"",""texto_recomendacao"":"""",""texto_constatacao_nao"":""As condições do quadro de comando não estão em bom estado de uso, segurança e operação"",""texto_constatacao_sim"":""As condições do quadro de comando estão em bom estado de uso, segurança e operação""},{""id"":""dbac59f3-40f4-4a34-a548-6f8d2083b487"",""ativo"":true,""ordem"":19,""gera_nc"":true,""pergunta"":""A unidade encontra-se livre de sinais de extravasamento?"",""texto_nc"":""30"",""is_sample"":false,""created_at"":""2026-05-22T17:22:30.387614+00:00"",""created_by"":null,""prazo_dias"":30,""created_date"":""2026-05-22T17:22:30.387614+00:00"",""updated_date"":""2026-05-22T17:22:30.387614+00:00"",""created_by_id"":null,""artigo_portaria"":""art. 26, inciso VII da Portaria AGEMS nº 321/25"",""tipo_unidade_id"":""1bb55f5e-0039-4598-84de-56dbdfedb3f0"",""texto_determinacao"":""apresentar registros fotográficos de que o extravasamento foi resolvido e comprovar com registro de ordem de serviço"",""texto_recomendacao"":"""",""texto_constatacao_nao"":""Há sinais de extravasametno visíveis dentro da unidade"",""texto_constatacao_sim"":""Não há sinais de extravasamento visíveis dentro da unidade""},{""id"":""7922b36a-8da3-4e8f-ab9e-9960d1cd8ccb"",""ativo"":true,""ordem"":1,""gera_nc"":true,""pergunta"":""A unidade possui identificação externa (ID) adequada?"",""texto_nc"":""30"",""is_sample"":false,""created_at"":""2026-05-22T17:22:34.826392+00:00"",""created_by"":null,""prazo_dias"":30,""created_date"":""2026-05-22T17:22:34.826392+00:00"",""updated_date"":""2026-05-22T17:22:34.826392+00:00"",""created_by_id"":null,""artigo_portaria"":""art. 24, inciso VII da Portaria AGEMS nº 321/25"",""tipo_unidade_id"":""3b62db96-dedc-4886-b591-f73ccff0a686"",""texto_determinacao"":""apresentar registros fotográficos de que a unidade possui identificação externa adequada"",""texto_recomendacao"":"""",""texto_constatacao_nao"":""A unidade não possui identificação externa adequada"",""texto_constatacao_sim"":""A unidade possui identificação externa adequada""},{""id"":""fae65a3b-d19a-4686-90ab-6b4301325973"",""ativo"":true,""ordem"":2,""gera_nc"":true,""pergunta"":""A unidade possui cercamento (alambrado/muros) garantindo a segurança?"",""texto_nc"":""30"",""is_sample"":false,""created_at"":""2026-05-22T17:22:34.826392+00:00"",""created_by"":null,""prazo_dias"":30,""created_date"":""2026-05-22T17:22:34.826392+00:00"",""updated_date"":""2026-05-22T17:22:34.826392+00:00"",""created_by_id"":null,""artigo_portaria"":""art. 24, inciso VII da Portaria AGEMS nº 321/25"",""tipo_unidade_id"":""3b62db96-dedc-4886-b591-f73ccff0a686"",""texto_determinacao"":""apresentar registros fotográficos de que foi instalado cercamento com Alambrado, Muros ou materiais equivalentes"",""texto_recomendacao"":"""",""texto_constatacao_nao"":""A unidade não possui cercamento adequado"",""texto_constatacao_sim"":""A unidade possui cercamento adequado""},{""id"":""713afb02-cc14-414d-8c0e-0fdf49354911"",""ativo"":true,""ordem"":3,""gera_nc"":true,""pergunta"":""Os portões possuem cadeados e garantem a segurança?"",""texto_nc"":""30"",""is_sample"":false,""created_at"":""2026-05-22T17:22:34.826392+00:00"",""created_by"":null,""prazo_dias"":30,""created_date"":""2026-05-22T17:22:34.826392+00:00"",""updated_date"":""2026-05-22T17:22:34.826392+00:00"",""created_by_id"":null,""artigo_portaria"":""art. 24, inciso VII da Portaria AGEMS nº 321/25"",""tipo_unidade_id"":""3b62db96-dedc-4886-b591-f73ccff0a686"",""texto_determinacao"":""apresentar registros fotográficos de que foram instalados cadeados nos portões"",""texto_recomendacao"":"""",""texto_constatacao_nao"":""Os portões não possuem cadeados"",""texto_constatacao_sim"":""Os portões possuem cadeados""},{""id"":""362b8b4d-c092-4860-aef4-fae0a0e3c7ea"",""ativo"":true,""ordem"":4,""gera_nc"":true,""pergunta"":""A unidade possui sinalização de 'Entrada Proibida'?"",""texto_nc"":""30"",""is_sample"":false,""created_at"":""2026-05-22T17:22:34.826392+00:00"",""created_by"":null,""prazo_dias"":30,""created_date"":""2026-05-22T17:22:34.826392+00:00"",""updated_date"":""2026-05-22T17:22:34.826392+00:00"",""created_by_id"":null,""artigo_portaria"":""art. 24, inciso VII da Portaria AGEMS nº 321/25"",""tipo_unidade_id"":""3b62db96-dedc-4886-b591-f73ccff0a686"",""texto_determinacao"":""apresentar registros fotográficos de que foi instalada sinalização de 'Entrada Proibida'"",""texto_recomendacao"":"""",""texto_constatacao_nao"":""A unidade não possui sinalização de 'Entrada Proibida'"",""texto_constatacao_sim"":""A unidade possui sinalização de 'Entrada Proibida'""},{""id"":""9a489355-1a5f-4c4e-88d5-30ed0c6abf83"",""ativo"":true,""ordem"":5,""gera_nc"":true,""pergunta"":""O entorno das unidades está roçado e livre de entulhos?"",""texto_nc"":""30"",""is_sample"":false,""created_at"":""2026-05-22T17:22:34.826392+00:00"",""created_by"":null,""prazo_dias"":30,""created_date"":""2026-05-22T17:22:34.826392+00:00"",""updated_date"":""2026-05-22T17:22:34.826392+00:00"",""created_by_id"":null,""artigo_portaria"":""art. 24, inciso VII da Portaria AGEMS nº 321/25"",""tipo_unidade_id"":""3b62db96-dedc-4886-b591-f73ccff0a686"",""texto_determinacao"":""apresentar registros fotográficos de que o entorno das unidades está roçado e livre de entulhos"",""texto_recomendacao"":"""",""texto_constatacao_nao"":""O entorno das unidades não está roçado ou possui entulhos"",""texto_constatacao_sim"":""O entorno das unidades está roçado e livre de entulhos""},{""id"":""30285d24-aa1d-4af2-9d3b-f4e3faf0ee91"",""ativo"":true,""ordem"":6,""gera_nc"":true,""pergunta"":""O entorno das unidades está livre de vazamentos aparentes?"",""texto_nc"":""30"",""is_sample"":false,""created_at"":""2026-05-22T17:22:34.826392+00:00"",""created_by"":null,""prazo_dias"":30,""created_date"":""2026-05-22T17:22:34.826392+00:00"",""updated_date"":""2026-05-22T17:22:34.826392+00:00"",""created_by_id"":null,""artigo_portaria"":""art. 24, inciso VII da Portaria AGEMS nº 321/25"",""tipo_unidade_id"":""3b62db96-dedc-4886-b591-f73ccff0a686"",""texto_determinacao"":""apresentar registros fotográficos de que foram sanados os vazamentos aparentes"",""texto_recomendacao"":"""",""texto_constatacao_nao"":""Há vazamentos aparentes no entorno das unidades"",""texto_constatacao_sim"":""O entorno das unidades está livre de vazamentos aparentes""},{""id"":""39b9e6cd-64b6-4421-836f-5bc7b4cca830"",""ativo"":true,""ordem"":8,""gera_nc"":true,""pergunta"":""O desarenador está limpo e opera de maneira adequada?"",""texto_nc"":""30"",""is_sample"":false,""created_at"":""2026-05-22T17:22:34.826392+00:00"",""created_by"":null,""prazo_dias"":30,""created_date"":""2026-05-22T17:22:34.826392+00:00"",""updated_date"":""2026-05-22T17:22:34.826392+00:00"",""created_by_id"":null,""artigo_portaria"":""art. 26, inciso VII da Portaria AGEMS nº 321/25"",""tipo_unidade_id"":""3b62db96-dedc-4886-b591-f73ccff0a686"",""texto_determinacao"":""apresentar registros fotográficos comprovando que o gradeamento e o desarenador estão operando de forma adequada, sem acúmulo de sedimentos que comprometem o fluxo"",""texto_recomendacao"":"""",""texto_constatacao_nao"":""Há acúmulo de sólidos no desarenador, comprometendo o fluxo"",""texto_constatacao_sim"":""O desarenador está limpo e opera de maneira adequada""},{""id"":""43ebc4d0-33f7-471a-8ced-6aaf0321e414"",""ativo"":true,""ordem"":9,""gera_nc"":true,""pergunta"":""O medidor (Calha Parshall ou eletromagnético) está operacional e com leitura atualizada?"",""texto_nc"":""30"",""is_sample"":false,""created_at"":""2026-05-22T17:22:34.826392+00:00"",""created_by"":null,""prazo_dias"":30,""created_date"":""2026-05-22T17:22:34.826392+00:00"",""updated_date"":""2026-05-22T17:22:34.826392+00:00"",""created_by_id"":null,""artigo_portaria"":""art. 26, inciso VII da Portaria AGEMS nº 321/25"",""tipo_unidade_id"":""3b62db96-dedc-4886-b591-f73ccff0a686"",""texto_determinacao"":""apresentar registros fotográficos e documentos que comprovem que o medidor de vazão está operando de forma adequada, com leitura atualizada e que houve manutenção adequada"",""texto_recomendacao"":"""",""texto_constatacao_nao"":""O medidor de vazão não está operando de forma adequada ou não apresenta leitura atualizada"",""texto_constatacao_sim"":""O medidor de vazão está operacional e com leitura atualizada""},{""id"":""d44e98df-9d64-4223-831a-0b7c34fb9e15"",""ativo"":true,""ordem"":10,""gera_nc"":true,""pergunta"":""O perímetro da ETE está livre de exalação de odores fortes?"",""texto_nc"":""30"",""is_sample"":false,""created_at"":""2026-05-22T17:22:34.826392+00:00"",""created_by"":null,""prazo_dias"":30,""created_date"":""2026-05-22T17:22:34.826392+00:00"",""updated_date"":""2026-05-22T17:22:34.826392+00:00"",""created_by_id"":null,""artigo_portaria"":""art. 26, inciso VII da Portaria AGEMS nº 321/25"",""tipo_unidade_id"":""3b62db96-dedc-4886-b591-f73ccff0a686"",""texto_determinacao"":""apresentar Plano de ação e justificar cada item do Plano a fim de mitigar os odores originados pela EEE"",""texto_recomendacao"":"""",""texto_constatacao_nao"":""Há evidências de exalação excessiva de odores ou reclamações da vizinhança"",""texto_constatacao_sim"":""Não há evidências de exalação excessiva de odores ou reclamações da vizinhança""},{""id"":""1f3a1e35-2c58-4c7b-92bb-5fddea173366"",""ativo"":true,""ordem"":11,""gera_nc"":true,""pergunta"":""Existem barreiras vegetais ou sistemas de neutralização?"",""texto_nc"":""30"",""is_sample"":false,""created_at"":""2026-05-22T17:22:34.826392+00:00"",""created_by"":null,""prazo_dias"":30,""created_date"":""2026-05-22T17:22:34.826392+00:00"",""updated_date"":""2026-05-22T17:22:34.826392+00:00"",""created_by_id"":null,""artigo_portaria"":""art. 26, inciso VII da Portaria AGEMS nº 321/25"",""tipo_unidade_id"":""3b62db96-dedc-4886-b591-f73ccff0a686"",""texto_determinacao"":""apresentar Cronograma para implantação da barreira vegetal como sistema de neutralização de odores, conforme licença ambiental de operação da unidade"",""texto_recomendacao"":"""",""texto_constatacao_nao"":""Não há barreiras vegetais (cobertura arbórea) para o sistema de neutralização de odores"",""texto_constatacao_sim"":""Há barreiras vegetais (cobertura arbórea) para o sistema de neutralização de odores""},{""id"":""e2fa97d0-99d9-4d3f-b365-4fad51371ea7"",""ativo"":true,""ordem"":12,""gera_nc"":true,""pergunta"":""O material do gradeamento é armazenado adequadamente (caçambas cobertas) até a destinação?"",""texto_nc"":""30"",""is_sample"":false,""created_at"":""2026-05-22T17:22:34.826392+00:00"",""created_by"":null,""prazo_dias"":30,""created_date"":""2026-05-22T17:22:34.826392+00:00"",""updated_date"":""2026-05-22T17:22:34.826392+00:00"",""created_by_id"":null,""artigo_portaria"":""art. 26, inciso VII da Portaria AGEMS nº 321/25"",""tipo_unidade_id"":""3b62db96-dedc-4886-b591-f73ccff0a686"",""texto_determinacao"":""apresentar Plano de Ação para armazenar os rejeitos do gradeamento de forma adequada"",""texto_recomendacao"":"""",""texto_constatacao_nao"":""O material do gradeamento não é armazenado de maneira adequada"",""texto_constatacao_sim"":""O material do gradeamento é armazenado de forma ambientalmente adequada""},{""id"":""0f6690ed-4007-4a80-9653-f77f139c4ef8"",""ativo"":true,""ordem"":13,""gera_nc"":true,""pergunta"":""O lodo seco é armazenado adequadamente (caçambas cobertas/locais apropriados) até a destinação?"",""texto_nc"":""30"",""is_sample"":false,""created_at"":""2026-05-22T17:22:34.826392+00:00"",""created_by"":null,""prazo_dias"":30,""created_date"":""2026-05-22T17:22:34.826392+00:00"",""updated_date"":""2026-05-22T17:22:34.826392+00:00"",""created_by_id"":null,""artigo_portaria"":""art. 26, inciso VII da Portaria AGEMS nº 321/25"",""tipo_unidade_id"":""3b62db96-dedc-4886-b591-f73ccff0a686"",""texto_determinacao"":""apresentar Plano de Ação para armazenar o lodo seco de forma adequada"",""texto_recomendacao"":"""",""texto_constatacao_nao"":""O lodo seco não é armazenado de maneira adequada"",""texto_constatacao_sim"":""O lodo seco é armazenado de forma ambientalmente adequada""},{""id"":""b0390bc3-2e4a-48fb-9e30-1e862f012277"",""ativo"":true,""ordem"":14,""gera_nc"":true,""pergunta"":""Há presença e uso de EPIs específicos para risco biológico e gases (H2S)?"",""texto_nc"":""30"",""is_sample"":false,""created_at"":""2026-05-22T17:22:34.826392+00:00"",""created_by"":null,""prazo_dias"":30,""created_date"":""2026-05-22T17:22:34.826392+00:00"",""updated_date"":""2026-05-22T17:22:34.826392+00:00"",""created_by_id"":null,""artigo_portaria"":""art. 24, inciso VI da Portaria AGEMS nº 321/25"",""tipo_unidade_id"":""3b62db96-dedc-4886-b591-f73ccff0a686"",""texto_determinacao"":""apresentar registros fotográficos ou documentos que comprovem que foi implementado o uso de EPIs ou EPCs pela equipe operacional"",""texto_recomendacao"":"""",""texto_constatacao_nao"":""Não há presença e uso de EPIs específicos para risco biológico e gases (H2S)"",""texto_constatacao_sim"":""Há presença e uso de EPIs específicos para risco biológico e gases (H2S)""},{""id"":""26a169c0-6178-4c7e-9d9a-d30757d233ad"",""ativo"":true,""ordem"":15,""gera_nc"":true,""pergunta"":""O efluente final apresenta aspecto visual adequado (sem sólidos visíveis ou óleos)?"",""texto_nc"":""30"",""is_sample"":false,""created_at"":""2026-05-22T17:22:34.826392+00:00"",""created_by"":null,""prazo_dias"":30,""created_date"":""2026-05-22T17:22:34.826392+00:00"",""updated_date"":""2026-05-22T17:22:34.826392+00:00"",""created_by_id"":null,""artigo_portaria"":""art. 26, inciso VII da Portaria AGEMS nº 321/25"",""tipo_unidade_id"":""3b62db96-dedc-4886-b591-f73ccff0a686"",""texto_determinacao"":""apresentar Plano de Ação e justificar cada escolha do Plano a fim de evitar a presença de sólidos ou óleos visíveis na saída da ETE (efluente tratado)"",""texto_recomendacao"":"""",""texto_constatacao_nao"":""O efluente final não apresenta um aspecto visual adequado"",""texto_constatacao_sim"":""O efluente final apresenta aspecto visual adequado""},{""id"":""87519190-ac91-410d-9969-d760764eef43"",""ativo"":true,""ordem"":16,""gera_nc"":true,""pergunta"":""Os leitos de secagem ou centrífugas estão em operação?"",""texto_nc"":""30"",""is_sample"":false,""created_at"":""2026-05-22T17:22:34.826392+00:00"",""created_by"":null,""prazo_dias"":30,""created_date"":""2026-05-22T17:22:34.826392+00:00"",""updated_date"":""2026-05-22T17:22:34.826392+00:00"",""created_by_id"":null,""artigo_portaria"":""art. 26, inciso VII da Portaria AGEMS nº 321/25"",""tipo_unidade_id"":""3b62db96-dedc-4886-b591-f73ccff0a686"",""texto_determinacao"":""apresentar registros fotográficos que comprovem que os leitos de secagem estão operando de forma adequada"",""texto_recomendacao"":"""",""texto_constatacao_nao"":""Os leitos de secagem (ou centrífuga) não estão em operação"",""texto_constatacao_sim"":""Os leitos de secagem (ou centrífugas) estão em operação de forma adequada""},{""id"":""926869a6-a1f1-4c0a-85a1-5796a827ccaf"",""ativo"":true,""ordem"":17,""gera_nc"":true,""pergunta"":""O local está livre de acúmulo excessivo de lodo seco aguardando descarte?"",""texto_nc"":""30"",""is_sample"":false,""created_at"":""2026-05-22T17:22:34.826392+00:00"",""created_by"":null,""prazo_dias"":30,""created_date"":""2026-05-22T17:22:34.826392+00:00"",""updated_date"":""2026-05-22T17:22:34.826392+00:00"",""created_by_id"":null,""artigo_portaria"":""art. 24, inciso VI da Portaria AGEMS nº 321/25"",""tipo_unidade_id"":""3b62db96-dedc-4886-b591-f73ccff0a686"",""texto_determinacao"":""apresentar registros fotográficos de que o lodo seco já foi retirado e foi descartado de maneira ambientalmente correta (apresentar MTR da retirada)"",""texto_recomendacao"":"""",""texto_constatacao_nao"":""Há acúmulo excessivo de lodo seco aguardando descarte"",""texto_constatacao_sim"":""Não há acúmulo excessivo de lodo seco aguardando descarte""},{""id"":""a1e587e4-f530-484d-8753-7c52d80bafed"",""ativo"":true,""ordem"":18,""gera_nc"":true,""pergunta"":""O reator UASB está estanque, livre de vazamentos ou infiltrações?"",""texto_nc"":""30"",""is_sample"":false,""created_at"":""2026-05-22T17:22:34.826392+00:00"",""created_by"":null,""prazo_dias"":30,""created_date"":""2026-05-22T17:22:34.826392+00:00"",""updated_date"":""2026-05-22T17:22:34.826392+00:00"",""created_by_id"":null,""artigo_portaria"":""art. 26, inciso VII da Portaria AGEMS nº 321/25"",""tipo_unidade_id"":""3b62db96-dedc-4886-b591-f73ccff0a686"",""texto_determinacao"":""apresentar Plano de Ação das ações a serem realizadas no reator UASB que garantam a estanqueidade e a operacionalidade do sistema de tratamento de esgoto do município"",""texto_recomendacao"":"""",""texto_constatacao_nao"":""O reator UASB possui vazamento ou infiltração"",""texto_constatacao_sim"":""O reator UASB não possui vazamento ou infiltração""},{""id"":""e7b1466c-fd28-405b-b1bb-25f472d58716"",""ativo"":true,""ordem"":19,""gera_nc"":true,""pergunta"":""Os vertedouros centrais estão em bom estado de conservação e limpeza?"",""texto_nc"":""30"",""is_sample"":false,""created_at"":""2026-05-22T17:22:34.826392+00:00"",""created_by"":null,""prazo_dias"":30,""created_date"":""2026-05-22T17:22:34.826392+00:00"",""updated_date"":""2026-05-22T17:22:34.826392+00:00"",""created_by_id"":null,""artigo_portaria"":""art. 24, inciso VII da Portaria AGEMS nº 321/25"",""tipo_unidade_id"":""3b62db96-dedc-4886-b591-f73ccff0a686"",""texto_determinacao"":""apresentar registros fotográficos de limpeza do reator bem como implantar Procedimento Operacional Padrão para as manutenções preventivas obrigatórias"",""texto_recomendacao"":"""",""texto_constatacao_nao"":""Os vertedouros centrais do reator UASB estão obstruídos, necessitando de manutenção"",""texto_constatacao_sim"":""Os vertedouros centrais do reator UASB estão em bom estado de conservação e limpeza""},{""id"":""c64f7537-5810-4790-b00b-ea90e0afa5cc"",""ativo"":true,""ordem"":20,""gera_nc"":true,""pergunta"":""A superfície do reator está livre de acúmulo excessivo de escuma?"",""texto_nc"":""30"",""is_sample"":false,""created_at"":""2026-05-22T17:22:34.826392+00:00"",""created_by"":null,""prazo_dias"":30,""created_date"":""2026-05-22T17:22:34.826392+00:00"",""updated_date"":""2026-05-22T17:22:34.826392+00:00"",""created_by_id"":null,""artigo_portaria"":""art. 24, inciso VII da Portaria AGEMS nº 321/25"",""tipo_unidade_id"":""3b62db96-dedc-4886-b591-f73ccff0a686"",""texto_determinacao"":""apresentar registros fotográficos de limpeza e retirada do excesso de escuma do reator UASB, favorecendo a operação adequada do Sistema de Coleta de Gases"",""texto_recomendacao"":"""",""texto_constatacao_nao"":""Há acúmulo excessivo de escuma"",""texto_constatacao_sim"":""Não há acúmulo excessivo de escuma""},{""id"":""6dad937b-b47f-4d51-9992-511e04a6e524"",""ativo"":true,""ordem"":21,""gera_nc"":true,""pergunta"":""As tampas do reator UASB estão estanques (livres de vazamento de gás ou efluente)?"",""texto_nc"":""30"",""is_sample"":false,""created_at"":""2026-05-22T17:22:34.826392+00:00"",""created_by"":null,""prazo_dias"":30,""created_date"":""2026-05-22T17:22:34.826392+00:00"",""updated_date"":""2026-05-22T17:22:34.826392+00:00"",""created_by_id"":null,""artigo_portaria"":""art. 24, inciso VII da Portaria AGEMS nº 321/25"",""tipo_unidade_id"":""3b62db96-dedc-4886-b591-f73ccff0a686"",""texto_determinacao"":""apresentar registros fotográficos de que foi realizado manutenção no sistema, eliminando extravasamentos ou vazamentos de gás"",""texto_recomendacao"":"""",""texto_constatacao_nao"":""Há vazamento aparente de gás ou de efluentes pelas tampas"",""texto_constatacao_sim"":""Não há vazamento aparente de gás ou de efluentes pelas tampas""},{""id"":""4d8ca87b-b27f-42ee-8366-06bb34df6e4f"",""ativo"":true,""ordem"":22,""gera_nc"":true,""pergunta"":""O biogás está sendo queimado com o queimador aceso, principalmente em horários de pico?"",""texto_nc"":""30"",""is_sample"":false,""created_at"":""2026-05-22T17:22:34.826392+00:00"",""created_by"":null,""prazo_dias"":30,""created_date"":""2026-05-22T17:22:34.826392+00:00"",""updated_date"":""2026-05-22T17:22:34.826392+00:00"",""created_by_id"":null,""artigo_portaria"":""art. 24, inciso VII da Portaria AGEMS nº 321/25"",""tipo_unidade_id"":""3b62db96-dedc-4886-b591-f73ccff0a686"",""texto_determinacao"":""apresentar Plano de Ação para manutenção do queimador do Sistema de Coleta de Gases, favorecendo a eliminação dos gases do interior do reator UASB"",""texto_recomendacao"":"""",""texto_constatacao_nao"":""O biogás não está sendo queimado através do queimador e não opera de forma adequada"",""texto_constatacao_sim"":""O biogás é queimado através do queimador, tanto em horários de pico como em baixos volumes""},{""id"":""963da661-1e3f-4772-8767-01ecc2a22757"",""ativo"":true,""ordem"":23,""gera_nc"":true,""pergunta"":""Os braços distribuidores ou bicos aspersores estão girando/aplicando o esgoto de forma uniforme sobre o meio filtrante?"",""texto_nc"":""30"",""is_sample"":false,""created_at"":""2026-05-22T17:22:34.826392+00:00"",""created_by"":null,""prazo_dias"":30,""created_date"":""2026-05-22T17:22:34.826392+00:00"",""updated_date"":""2026-05-22T17:22:34.826392+00:00"",""created_by_id"":null,""artigo_portaria"":""art. 26, inciso VII da Portaria AGEMS nº 321/25"",""tipo_unidade_id"":""3b62db96-dedc-4886-b591-f73ccff0a686"",""texto_determinacao"":""apresentar Plano de Ação com etapas que visem a manutenção do Filtro Biológico Percolador"",""texto_recomendacao"":"""",""texto_constatacao_nao"":""Os braços distribuidores do Filtro FBP não operam de forma adequada e não aplicam o efluente de forma uniforme sobre o meio filtrante"",""texto_constatacao_sim"":""Os braços distribuidores do Filtro FBP estão girando de forma adequada e aplicando oe fluente de forma uniforme sobre o meio filtrante""},{""id"":""7f160b59-0e8d-445a-86ac-69c3c605c952"",""ativo"":true,""ordem"":24,""gera_nc"":true,""pergunta"":""O FBP está estanque, livre de vazamentos ou infiltrações?"",""texto_nc"":""30"",""is_sample"":false,""created_at"":""2026-05-22T17:22:34.826392+00:00"",""created_by"":null,""prazo_dias"":30,""created_date"":""2026-05-22T17:22:34.826392+00:00"",""updated_date"":""2026-05-22T17:22:34.826392+00:00"",""created_by_id"":null,""artigo_portaria"":""art. 26, inciso VII da Portaria AGEMS nº 321/25"",""tipo_unidade_id"":""3b62db96-dedc-4886-b591-f73ccff0a686"",""texto_determinacao"":""apresentar Plano de Ação com etapas que visem a estanqueidade do FBP, garantindo com que ele opere de forma adequada"",""texto_recomendacao"":"""",""texto_constatacao_nao"":""O FBP possui vazamento ou infiltração"",""texto_constatacao_sim"":""O FBP não possui vazamento ou infiltração""},{""id"":""713748d7-7960-476c-86c9-136648ff52e1"",""ativo"":true,""ordem"":25,""gera_nc"":true,""pergunta"":""A passagem da água sobre os vertedores do decantador está uniforme?"",""texto_nc"":""30"",""is_sample"":false,""created_at"":""2026-05-22T17:22:34.826392+00:00"",""created_by"":null,""prazo_dias"":30,""created_date"":""2026-05-22T17:22:34.826392+00:00"",""updated_date"":""2026-05-22T17:22:34.826392+00:00"",""created_by_id"":null,""artigo_portaria"":""art. 24, inciso VII da Portaria AGEMS nº 321/25"",""tipo_unidade_id"":""3b62db96-dedc-4886-b591-f73ccff0a686"",""texto_determinacao"":""apresentar registros fotográficos que comprove que a passagem do efluente sobre os vertedores do decantador está uniforme, sem a presença de sólidos visíveis"",""texto_recomendacao"":"""",""texto_constatacao_nao"":""A passagem do efluente sobre os vertedores do decantador não está uniforme ou de forma adequada"",""texto_constatacao_sim"":""A passagem do efluente sobre os vertedores do decantador está uniforme e de forma adequada""},{""id"":""d5ac40b2-7ce1-4c35-93c7-58f66fb8b0f3"",""ativo"":true,""ordem"":26,""gera_nc"":true,""pergunta"":""O efluente de saída do decantador está livre de arraste de sólidos (lodo)?"",""texto_nc"":""30"",""is_sample"":false,""created_at"":""2026-05-22T17:22:34.826392+00:00"",""created_by"":null,""prazo_dias"":30,""created_date"":""2026-05-22T17:22:34.826392+00:00"",""updated_date"":""2026-05-22T17:22:34.826392+00:00"",""created_by_id"":null,""artigo_portaria"":""art. 24, inciso VII da Portaria AGEMS nº 321/25"",""tipo_unidade_id"":""3b62db96-dedc-4886-b591-f73ccff0a686"",""texto_determinacao"":""apresentar registros fotográficos que comprove que não há arraste de sólidos visíveis para o corpo receptor após a saída do decantador"",""texto_recomendacao"":"""",""texto_constatacao_nao"":""Há arraste de sólidos visíveis"",""texto_constatacao_sim"":""Não há arraste de sólidos visíveis""},{""id"":""eb23bcfe-62dc-4b4a-8e49-1c286e55bed7"",""ativo"":true,""ordem"":27,""gera_nc"":true,""pergunta"":""O Decantador Secundário (DS) está estanque, livre de vazamentos ou infiltrações?"",""texto_nc"":""30"",""is_sample"":false,""created_at"":""2026-05-22T17:22:34.826392+00:00"",""created_by"":null,""prazo_dias"":30,""created_date"":""2026-05-22T17:22:34.826392+00:00"",""updated_date"":""2026-05-22T17:22:34.826392+00:00"",""created_by_id"":null,""artigo_portaria"":""art. 26, inciso VII da Portaria AGEMS nº 321/25"",""tipo_unidade_id"":""3b62db96-dedc-4886-b591-f73ccff0a686"",""texto_determinacao"":""apresentar Plano de Ação com etapas que visem a estanqueidade do Decantador Secundário, garantindo com que ele opere de forma adequada"",""texto_recomendacao"":"""",""texto_constatacao_nao"":""O decantador possui vazamento ou infiltração"",""texto_constatacao_sim"":""O decantador não possui vazamento ou infiltração""},{""id"":""80a9f558-ecd1-4b68-a845-4b8210be8162"",""ativo"":true,""ordem"":28,""gera_nc"":true,""pergunta"":""Os taludes externos das lagoas  estão roçados?"",""texto_nc"":""30"",""is_sample"":false,""created_at"":""2026-05-22T17:22:34.826392+00:00"",""created_by"":null,""prazo_dias"":30,""created_date"":""2026-05-22T17:22:34.826392+00:00"",""updated_date"":""2026-05-22T17:22:34.826392+00:00"",""created_by_id"":null,""artigo_portaria"":""art. 24, inciso VII da Portaria AGEMS nº 321/25"",""tipo_unidade_id"":""3b62db96-dedc-4886-b591-f73ccff0a686"",""texto_determinacao"":""apresentar registros fotográficos que comprovem a retirada do excesso de vegetação dos taludes externos das lagoas"",""texto_recomendacao"":"""",""texto_constatacao_nao"":""Os taludes externos das lagoas não estão roçados, mantendo um excesso de vegetação e prejudicando a operação adequada do sistema"",""texto_constatacao_sim"":""Os taludes externos das lagoas estão roçados de forma adequada""},{""id"":""bf342874-b940-49f4-a8eb-5e0eafb43921"",""ativo"":true,""ordem"":29,""gera_nc"":true,""pergunta"":""As lagoas estão livres de vegetação aquática (macrófitas) excessiva?"",""texto_nc"":""30"",""is_sample"":false,""created_at"":""2026-05-22T17:22:34.826392+00:00"",""created_by"":null,""prazo_dias"":30,""created_date"":""2026-05-22T17:22:34.826392+00:00"",""updated_date"":""2026-05-22T17:22:34.826392+00:00"",""created_by_id"":null,""artigo_portaria"":""art. 24, inciso VII da Portaria AGEMS nº 321/25"",""tipo_unidade_id"":""3b62db96-dedc-4886-b591-f73ccff0a686"",""texto_determinacao"":""apresentar registros fotográficos que comprovem a retirada da vegetação aquática ou dos sobrenadantes nas lagoas"",""texto_recomendacao"":"""",""texto_constatacao_nao"":""Há presença de vegetação aquática excessiva"",""texto_constatacao_sim"":""Não há presença de vegetação aquática excessiva""},{""id"":""3bdee8fc-0e2a-4760-9b95-d4707983b78b"",""ativo"":true,""ordem"":30,""gera_nc"":true,""pergunta"":""A lagoa facultativa apresenta coloração verde (indício de algas e boa oxigenação)?"",""texto_nc"":""30"",""is_sample"":false,""created_at"":""2026-05-22T17:22:34.826392+00:00"",""created_by"":null,""prazo_dias"":30,""created_date"":""2026-05-22T17:22:34.826392+00:00"",""updated_date"":""2026-05-22T17:22:34.826392+00:00"",""created_by_id"":null,""artigo_portaria"":""art. 24, inciso VII da Portaria AGEMS nº 321/25"",""tipo_unidade_id"":""3b62db96-dedc-4886-b591-f73ccff0a686"",""texto_determinacao"":""apresentar Plano de Ação com etapas que visem monitoramento contínuo da lagoa e a predominância de condições adequadas"",""texto_recomendacao"":"""",""texto_constatacao_nao"":""A lagoa facultativa não apresenta coloração adequada, indicando necessidade de boa oxigenação"",""texto_constatacao_sim"":""A lagoa facultativa apresenta coloração verde, indício de algas e boa oxigenação""},{""id"":""cb475f21-e531-4650-9b9e-73dc17cbd049"",""ativo"":true,""ordem"":31,""gera_nc"":true,""pergunta"":""Os diques de terra estão íntegros, livres de infiltração ou erosão?"",""texto_nc"":""30"",""is_sample"":false,""created_at"":""2026-05-22T17:22:34.826392+00:00"",""created_by"":null,""prazo_dias"":30,""created_date"":""2026-05-22T17:22:34.826392+00:00"",""updated_date"":""2026-05-22T17:22:34.826392+00:00"",""created_by_id"":null,""artigo_portaria"":""art. 26, inciso VII da Portaria AGEMS nº 321/25"",""tipo_unidade_id"":""3b62db96-dedc-4886-b591-f73ccff0a686"",""texto_determinacao"":""apresentar Plano de Ação com etapas que visem a segurança da estrutura e estanqueidade do sistema"",""texto_recomendacao"":"""",""texto_constatacao_nao"":""Há sinais de infiltração ou erosão nos diques"",""texto_constatacao_sim"":""Não há sinais de infiltração ou erosão nos diques""},{""id"":""84347db5-bf78-4d91-976a-47f41cf0edfc"",""ativo"":true,""ordem"":32,""gera_nc"":true,""pergunta"":""Os sopradores de ar do Reator de Biofilme em Leito Móvel (MBBR) estão funcionando?"",""texto_nc"":""30"",""is_sample"":false,""created_at"":""2026-05-22T17:22:34.826392+00:00"",""created_by"":null,""prazo_dias"":30,""created_date"":""2026-05-22T17:22:34.826392+00:00"",""updated_date"":""2026-05-22T17:22:34.826392+00:00"",""created_by_id"":null,""artigo_portaria"":""art. 24, inciso VII da Portaria AGEMS nº 321/25"",""tipo_unidade_id"":""3b62db96-dedc-4886-b591-f73ccff0a686"",""texto_determinacao"":""apresentar justificativa técnica, documentos comprobatórios ou Plano de Ação (se for o caso) para comprovar que as manutenções preventivas/corretivas foram realizadas nos sopradores de ar"",""texto_recomendacao"":"""",""texto_constatacao_nao"":""Os sopradores de ar do MBBR não funcionam de forma adequada"",""texto_constatacao_sim"":""Os sopradores de ar do MBBR estão funcionando de forma adequada""},{""id"":""b2f992fd-c17a-4f8e-a8c4-4c4c6162012a"",""ativo"":true,""ordem"":33,""gera_nc"":true,""pergunta"":""A agitação no tanque de aeração do Sistema MBBR está vigorosa e uniforme?"",""texto_nc"":""30"",""is_sample"":false,""created_at"":""2026-05-22T17:22:34.826392+00:00"",""created_by"":null,""prazo_dias"":30,""created_date"":""2026-05-22T17:22:34.826392+00:00"",""updated_date"":""2026-05-22T17:22:34.826392+00:00"",""created_by_id"":null,""artigo_portaria"":""art. 24, inciso VII da Portaria AGEMS nº 321/25"",""tipo_unidade_id"":""3b62db96-dedc-4886-b591-f73ccff0a686"",""texto_determinacao"":""apresentar justificativa técnica e Plano de Ação, se for o caso, para comprovar que a agitação no tanque de aeração do Sistema MBBR ocorre de forma vigorosa e de maneira adequada"",""texto_recomendacao"":"""",""texto_constatacao_nao"":""A agitação no tanque de aeração do Sistema MBBR não está vigorosa, não ocorrendo de maneira adequada"",""texto_constatacao_sim"":""A agitação no tanque de aeração do Sistema MBBR está vigorosa e ocorre de maneira adequada""},{""id"":""794e220a-a252-4b25-ad95-ed17582d6270"",""ativo"":true,""ordem"":34,""gera_nc"":true,""pergunta"":""As mídias plásticas (Kaldnes) do MBBR estão circulando de forma adequada (sem acúmulo em cantos)?"",""texto_nc"":""30"",""is_sample"":false,""created_at"":""2026-05-22T17:22:34.826392+00:00"",""created_by"":null,""prazo_dias"":30,""created_date"":""2026-05-22T17:22:34.826392+00:00"",""updated_date"":""2026-05-22T17:22:34.826392+00:00"",""created_by_id"":null,""artigo_portaria"":""art. 26, inciso VII da Portaria AGEMS nº 321/25"",""tipo_unidade_id"":""3b62db96-dedc-4886-b591-f73ccff0a686"",""texto_determinacao"":""apresentar justificativa técnica e Plano de Ação, se for o caso, para comprovar que as mídias plásticas (Kaldnes) estão circulando de forma adequada na operação do Sistema de MBBR"",""texto_recomendacao"":"""",""texto_constatacao_nao"":""Os Kaldnes não estão circulando de forma adequada, estando acumulados em um canto, indicado falha no difusor"",""texto_constatacao_sim"":""Os Kaldnes estão circulando de forma adequada para a operação do Sistema de MBBR""},{""id"":""d045068e-6167-4c75-af19-014ffbb3c278"",""ativo"":true,""ordem"":35,""gera_nc"":true,""pergunta"":""Os sopradores possuem proteção acústica para não incomodar a vizinhança?"",""texto_nc"":""30"",""is_sample"":false,""created_at"":""2026-05-22T17:22:34.826392+00:00"",""created_by"":null,""prazo_dias"":30,""created_date"":""2026-05-22T17:22:34.826392+00:00"",""updated_date"":""2026-05-22T17:22:34.826392+00:00"",""created_by_id"":null,""artigo_portaria"":""art. 24, inciso VI da Portaria AGEMS nº 321/25"",""tipo_unidade_id"":""3b62db96-dedc-4886-b591-f73ccff0a686"",""texto_determinacao"":""apresentar registros fotográficos de que foram implantados proteção acústica nos sopradores de ar do Sistema de MBBR, minimizando impactos negativos do Sistema com a vizinhança"",""texto_recomendacao"":"""",""texto_constatacao_nao"":""Os sopradores de ar do Sistema de MBBR não possuem proteção acústica, podendo incomodar a vizinhança"",""texto_constatacao_sim"":""Os sopradores de ar do Sistema de MBBR possuem proteção acústica e operam de forma adequada""},{""id"":""4a59fe8e-6fbf-42de-8534-4749f5fe23aa"",""ativo"":true,""ordem"":1,""gera_nc"":true,""pergunta"":""As instalações do escritório estão em bom estado de conservação e limpeza?"",""texto_nc"":""30"",""is_sample"":false,""created_at"":""2026-05-22T17:22:39.698286+00:00"",""created_by"":null,""prazo_dias"":30,""created_date"":""2026-05-22T17:22:39.698286+00:00"",""updated_date"":""2026-05-22T17:22:39.698286+00:00"",""created_by_id"":null,""artigo_portaria"":""art. 24, inciso VII da Portaria AGEMS nº 321/25"",""tipo_unidade_id"":""0b4872d1-3efc-47b1-b26d-b7de680c5d21"",""texto_determinacao"":""apresentar registros fotográficos que comprovem que foi realizada manutenção e limpeza da área do escritório e laboratório operacional da Estação de Tratamento de Esgoto"",""texto_recomendacao"":"""",""texto_constatacao_nao"":""As instalações do escritório e laboratório não estão em bom estado de conservação e limpeza"",""texto_constatacao_sim"":""As instalações do escritório e laboratório estão em bom estado de conservação e limpeza""},{""id"":""f46670ce-8413-4f9c-8447-3be3548e3117"",""ativo"":true,""ordem"":2,""gera_nc"":true,""pergunta"":""O número de funcionários atende a demanda de serviço existente?"",""texto_nc"":""30"",""is_sample"":false,""created_at"":""2026-05-22T17:22:39.698286+00:00"",""created_by"":null,""prazo_dias"":30,""created_date"":""2026-05-22T17:22:39.698286+00:00"",""updated_date"":""2026-05-22T17:22:39.698286+00:00"",""created_by_id"":null,""artigo_portaria"":""art. 24, inciso VI da Portaria AGEMS nº 321/25"",""tipo_unidade_id"":""0b4872d1-3efc-47b1-b26d-b7de680c5d21"",""texto_determinacao"":""apresentar justificativa técnica para o baixo número de funcionários da Unidade bem como Cronogrmaa para contratação de novos funcionários, se for o caso"",""texto_recomendacao"":"""",""texto_constatacao_nao"":""O número de funcionários não atende a demanda de serviço existente"",""texto_constatacao_sim"":""O número de funcionários atende a demanda de serviço existente""},{""id"":""6dc80534-8684-40bc-84a3-91b1ffb97868"",""ativo"":true,""ordem"":3,""gera_nc"":true,""pergunta"":""O laboratório possui reagentes dentro da validade?"",""texto_nc"":""30"",""is_sample"":false,""created_at"":""2026-05-22T17:22:39.698286+00:00"",""created_by"":null,""prazo_dias"":30,""created_date"":""2026-05-22T17:22:39.698286+00:00"",""updated_date"":""2026-05-22T17:22:39.698286+00:00"",""created_by_id"":null,""artigo_portaria"":""art. 26, inciso VII da Portaria AGEMS nº 321/25"",""tipo_unidade_id"":""0b4872d1-3efc-47b1-b26d-b7de680c5d21"",""texto_determinacao"":""apresentar registros fotográficos que comprovem que foi realizada a substituição dos reagentes com data de validade expirada"",""texto_recomendacao"":"""",""texto_constatacao_nao"":""O laboratório não possui alguns reagentes dentro da validade"",""texto_constatacao_sim"":""O laboratório possui reagentes dentro da validade""},{""id"":""85dbe6b0-5abd-4211-8d60-ae9a2ead756d"",""ativo"":true,""ordem"":4,""gera_nc"":true,""pergunta"":""Os equipamentos utilizados para monitoramento diário estão calibrados?"",""texto_nc"":""30"",""is_sample"":false,""created_at"":""2026-05-22T17:22:39.698286+00:00"",""created_by"":null,""prazo_dias"":30,""created_date"":""2026-05-22T17:22:39.698286+00:00"",""updated_date"":""2026-05-22T17:22:39.698286+00:00"",""created_by_id"":null,""artigo_portaria"":""art. 24, inciso VII da Portaria AGEMS nº 321/25"",""tipo_unidade_id"":""0b4872d1-3efc-47b1-b26d-b7de680c5d21"",""texto_determinacao"":""apresentar justificativa técnica, documentos comprobatórios ou Plano de Ação (se for o caso) para comprovar que a calibração dos equipamentos foram realizadas de forma adequada"",""texto_recomendacao"":"""",""texto_constatacao_nao"":""Os equipamentos utilizados para monitoramento diário não estão calibrados"",""texto_constatacao_sim"":""Os equipamentos utilizados para monitoramento diário estão calibrados""},{""id"":""c6beb253-0543-456d-a5d4-424f6fddc116"",""ativo"":true,""ordem"":5,""gera_nc"":true,""pergunta"":""Existem chuveiros de emergência e lava-olhos operacionais próximos à manipulação de produtos químicos?"",""texto_nc"":""30"",""is_sample"":false,""created_at"":""2026-05-22T17:22:39.698286+00:00"",""created_by"":null,""prazo_dias"":30,""created_date"":""2026-05-22T17:22:39.698286+00:00"",""updated_date"":""2026-05-22T17:22:39.698286+00:00"",""created_by_id"":null,""artigo_portaria"":""art. 24, inciso VI da Portaria AGEMS nº 321/25"",""tipo_unidade_id"":""0b4872d1-3efc-47b1-b26d-b7de680c5d21"",""texto_determinacao"":""apresentar registros fotográficos que comprovem a implantação de chuveiro de emergência e lava-olhos operacionais próximos à manipulação de produtos químicos"",""texto_recomendacao"":"""",""texto_constatacao_nao"":""Não existem chuveiros de emergência e lava-olhos operacionais pronto para utilização"",""texto_constatacao_sim"":""Existem chuveiros de emergência e lava-olhos operacionais pronto para utilização""},{""id"":""c7105df4-dc11-489a-84df-39d19e1f87a0"",""ativo"":true,""ordem"":6,""gera_nc"":true,""pergunta"":""Possui Livro de Reclamações em local visível?"",""texto_nc"":""30"",""is_sample"":false,""created_at"":""2026-09-21T12:33:32.154365+00:00"",""created_by"":null,""prazo_dias"":30,""created_date"":""2026-09-21T12:33:32.154365+00:00"",""updated_date"":""2026-09-21T12:33:32.154365+00:00"",""created_by_id"":null,""artigo_portaria"":""art. 311, inciso VII da Portaria AGEMS nº 321/25"",""tipo_unidade_id"":""95452328-7ad9-4693-9b56-444f8c3cce77"",""texto_determinacao"":""apresentar registro fotográfico de que o Livro de Reclamações está em local visível e de fácil acesso no Escritório de Atendimento ao Usuário"",""texto_recomendacao"":"""",""texto_constatacao_nao"":""Não possui Livro de Reclamações em local visível"",""texto_constatacao_sim"":""Possui Livro de Reclamações em local visível""},{""id"":""e8a77352-7777-4cc3-9ca7-5f6420638cb5"",""ativo"":true,""ordem"":6,""gera_nc"":true,""pergunta"":""Possui Livro de Reclamações em local visível?"",""texto_nc"":""30"",""is_sample"":false,""created_at"":""2026-09-21T12:33:41.456385+00:00"",""created_by"":null,""prazo_dias"":30,""created_date"":""2026-09-21T12:33:41.456385+00:00"",""updated_date"":""2026-09-21T12:33:41.456385+00:00"",""created_by_id"":null,""artigo_portaria"":""art. 32, inciso VII da Portaria AGEMS nº 321/25"",""tipo_unidade_id"":""95452328-7ad9-4693-9b56-444f8c3cce77"",""texto_determinacao"":""apresentar registro fotográfico de que o Livro de Reclamações está em local visível e de fácil acesso no Escritório de Atendimento ao Usuário"",""texto_recomendacao"":"""",""texto_constatacao_nao"":""Não possui Livro de Reclamações em local visível"",""texto_constatacao_sim"":""Possui Livro de Reclamações em local visível""},{""id"":""83105f2f-4bcb-432a-ab87-6e124db13215"",""ativo"":true,""ordem"":6,""gera_nc"":true,""pergunta"":""Possui Livro de Reclamações em local visível?"",""texto_nc"":""30"",""is_sample"":false,""created_at"":""2026-09-21T12:33:41.737867+00:00"",""created_by"":null,""prazo_dias"":30,""created_date"":""2026-09-21T12:33:41.737867+00:00"",""updated_date"":""2026-09-21T12:33:41.737867+00:00"",""created_by_id"":null,""artigo_portaria"":""art. 32, inciso VII da Portaria AGEMS nº 321/25"",""tipo_unidade_id"":""95452328-7ad9-4693-9b56-444f8c3cce77"",""texto_determinacao"":""apresentar registro fotográfico de que o Livro de Reclamações está em local visível e de fácil acesso no Escritório de Atendimento ao Usuário"",""texto_recomendacao"":"""",""texto_constatacao_nao"":""Não possui Livro de Reclamações em local visível"",""texto_constatacao_sim"":""Possui Livro de Reclamações em local visível""},{""id"":""7e12144b-4b93-4476-a4aa-fc0e005006fc"",""ativo"":true,""ordem"":6,""gera_nc"":true,""pergunta"":""Possui Livro de Reclamações em local visível?"",""texto_nc"":""30"",""is_sample"":false,""created_at"":""2026-09-21T12:33:46.583559+00:00"",""created_by"":null,""prazo_dias"":30,""created_date"":""2026-09-21T12:33:46.583559+00:00"",""updated_date"":""2026-09-21T12:33:46.583559+00:00"",""created_by_id"":null,""artigo_portaria"":""art. 33, inciso VII da Portaria AGEMS nº 321/25"",""tipo_unidade_id"":""95452328-7ad9-4693-9b56-444f8c3cce77"",""texto_determinacao"":""apresentar registro fotográfico de que o Livro de Reclamações está em local visível e de fácil acesso no Escritório de Atendimento ao Usuário"",""texto_recomendacao"":"""",""texto_constatacao_nao"":""Não possui Livro de Reclamações em local visível"",""texto_constatacao_sim"":""Possui Livro de Reclamações em local visível""}]"
24,dados_referencia.municipios,79,"[{""id"":""8bdcfe5d-694e-4d80-a74d-d616caae4e18"",""nome"":""Água Clara"",""created_at"":""2026-02-24T12:30:35.715554+00:00"",""codigo_ibge"":""5000203""},{""id"":""42f09b55-853d-4fb6-b331-48de9d11c49d"",""nome"":""Alcinópolis"",""created_at"":""2026-02-24T12:30:35.715554+00:00"",""codigo_ibge"":""5000252""},{""id"":""cf926e52-5c3a-4dd0-9fec-fb26b05699d4"",""nome"":""Amambai"",""created_at"":""2026-02-24T12:30:35.715554+00:00"",""codigo_ibge"":""5000609""},{""id"":""90ec0f8c-ad91-46d5-aa81-161a6cddff2a"",""nome"":""Anastácio"",""created_at"":""2026-02-24T12:30:35.715554+00:00"",""codigo_ibge"":""5000708""},{""id"":""b7375784-9a12-4ee2-a3c7-6f5555824661"",""nome"":""Anaurilândia"",""created_at"":""2026-02-24T12:30:35.715554+00:00"",""codigo_ibge"":""5000807""},{""id"":""a6e15cd6-549e-4a1b-bf49-141f934a723f"",""nome"":""Angélica"",""created_at"":""2026-02-24T12:30:35.715554+00:00"",""codigo_ibge"":""5000856""},{""id"":""d6d63bd8-dc21-4c8f-8c1c-3b10fd523385"",""nome"":""Antônio João"",""created_at"":""2026-02-24T12:30:35.715554+00:00"",""codigo_ibge"":""5000906""},{""id"":""072f5659-5e5f-439b-bc8f-70d9aa3223f0"",""nome"":""Aparecida do Taboado"",""created_at"":""2026-02-24T12:30:35.715554+00:00"",""codigo_ibge"":""5001003""},{""id"":""83fd90df-ff26-4cbc-bb90-307715a2192b"",""nome"":""Aquidauana"",""created_at"":""2026-02-24T12:30:35.715554+00:00"",""codigo_ibge"":""5001102""},{""id"":""5b836128-b6e6-4e5f-89a0-99a73cfe9cee"",""nome"":""Aral Moreira"",""created_at"":""2026-02-24T12:30:35.715554+00:00"",""codigo_ibge"":""5001243""},{""id"":""87f868ee-8f13-4d99-b758-894fc671dd8f"",""nome"":""Bandeirantes"",""created_at"":""2026-02-24T12:30:35.715554+00:00"",""codigo_ibge"":""5001508""},{""id"":""9254cad6-68f3-4cc8-bcd7-2dba3187a229"",""nome"":""Bataguassu"",""created_at"":""2026-02-24T12:30:35.715554+00:00"",""codigo_ibge"":""5001904""},{""id"":""46418371-3ecc-48a1-a92f-644a2a86db18"",""nome"":""Batayporã"",""created_at"":""2026-02-24T12:30:35.715554+00:00"",""codigo_ibge"":""5002001""},{""id"":""c809ab2f-0d9d-4dba-a6cc-d99a7028dc1c"",""nome"":""Bela Vista"",""created_at"":""2026-02-24T12:30:35.715554+00:00"",""codigo_ibge"":""5002100""},{""id"":""434bdb37-f071-4a15-b4d7-4e2ae81761f0"",""nome"":""Bodoquena"",""created_at"":""2026-02-24T12:30:35.715554+00:00"",""codigo_ibge"":""5002159""},{""id"":""6a25be57-9a15-4373-9ba2-29c2cb5056fc"",""nome"":""Bonito"",""created_at"":""2026-02-24T12:30:35.715554+00:00"",""codigo_ibge"":""5002209""},{""id"":""37b93cb4-0d55-4fcb-a93d-bdbd1f7e5362"",""nome"":""Brasilândia"",""created_at"":""2026-02-24T12:30:35.715554+00:00"",""codigo_ibge"":""5002308""},{""id"":""612629a9-906d-47a1-b3f6-f4148ba057e1"",""nome"":""Caarapó"",""created_at"":""2026-02-24T12:30:35.715554+00:00"",""codigo_ibge"":""5002407""},{""id"":""1674fd26-2a9a-4528-b02d-51842f0930e4"",""nome"":""Camapuã"",""created_at"":""2026-02-24T12:30:35.715554+00:00"",""codigo_ibge"":""5002605""},{""id"":""9214ea65-639e-4912-a8d3-718781e7404c"",""nome"":""Campo Grande"",""created_at"":""2026-02-24T12:30:35.715554+00:00"",""codigo_ibge"":""5002704""},{""id"":""3016f553-04f9-4ef2-a921-e502937a2455"",""nome"":""Caracol"",""created_at"":""2026-02-24T12:30:35.715554+00:00"",""codigo_ibge"":""5002803""},{""id"":""d0315438-7e57-457e-b099-07f0b1d5ee1a"",""nome"":""Cassilândia"",""created_at"":""2026-02-24T12:30:35.715554+00:00"",""codigo_ibge"":""5002902""},{""id"":""e3328a4b-6bb6-48ad-96ef-9938d140fb4f"",""nome"":""Chapadão do Sul"",""created_at"":""2026-02-24T12:30:35.715554+00:00"",""codigo_ibge"":""5002951""},{""id"":""2229579b-d34e-4b6b-9ac4-59f86e2916f2"",""nome"":""Corguinho"",""created_at"":""2026-02-24T12:30:35.715554+00:00"",""codigo_ibge"":""5003108""},{""id"":""fcd6ef9d-1d8d-4bac-bde0-8e20a2477b4d"",""nome"":""Coronel Sapucaia"",""created_at"":""2026-02-24T12:30:35.715554+00:00"",""codigo_ibge"":""5003157""},{""id"":""fe4a8a77-3ab9-4ca1-b9ca-01a7b5806d77"",""nome"":""Corumbá"",""created_at"":""2026-02-24T12:30:35.715554+00:00"",""codigo_ibge"":""5003207""},{""id"":""4f27bd9c-f724-445e-8c20-e7e1a4183907"",""nome"":""Costa Rica"",""created_at"":""2026-02-24T12:30:35.715554+00:00"",""codigo_ibge"":""5003256""},{""id"":""22e727c4-046a-480e-b94b-c241290bbf60"",""nome"":""Coxim"",""created_at"":""2026-02-24T12:30:35.715554+00:00"",""codigo_ibge"":""5003306""},{""id"":""41e6d279-70c7-4d11-beb8-569ea1b103fd"",""nome"":""Deodápolis"",""created_at"":""2026-02-24T12:30:35.715554+00:00"",""codigo_ibge"":""5003454""},{""id"":""95bc2a19-f448-4673-8093-846b32a669b0"",""nome"":""Dois Irmãos do Buriti"",""created_at"":""2026-02-24T12:30:35.715554+00:00"",""codigo_ibge"":""5003488""},{""id"":""fa6d6068-05af-4311-8937-dbc5bf196ba2"",""nome"":""Douradina"",""created_at"":""2026-02-24T12:30:35.715554+00:00"",""codigo_ibge"":""5003504""},{""id"":""5fb7e147-e526-4746-b9f2-6befd5a13f3e"",""nome"":""Dourados"",""created_at"":""2026-02-24T12:30:35.715554+00:00"",""codigo_ibge"":""5003702""},{""id"":""4afb1f79-cdbd-4de6-aece-90abf5ba36f2"",""nome"":""Eldorado"",""created_at"":""2026-02-24T12:30:35.715554+00:00"",""codigo_ibge"":""5003751""},{""id"":""563510ed-a42c-41a7-a48e-c303815eb052"",""nome"":""Fátima do Sul"",""created_at"":""2026-02-24T12:30:35.715554+00:00"",""codigo_ibge"":""5003801""},{""id"":""b7eb864e-d330-4023-a261-a8fdc3d7a102"",""nome"":""Figueirão"",""created_at"":""2026-02-24T12:30:35.715554+00:00"",""codigo_ibge"":""5003900""},{""id"":""ed79785d-d180-4fc9-9c04-a7ced2f3555d"",""nome"":""Glória de Dourados"",""created_at"":""2026-02-24T12:30:35.715554+00:00"",""codigo_ibge"":""5004007""},{""id"":""c17c7770-ccaf-4ae5-a8a6-9e3f767a7093"",""nome"":""Guia Lopes da Laguna"",""created_at"":""2026-02-24T12:30:35.715554+00:00"",""codigo_ibge"":""5004106""},{""id"":""dbcbde9b-72ce-4faa-a445-6a97eaa2bf75"",""nome"":""Iguatemi"",""created_at"":""2026-02-24T12:30:35.715554+00:00"",""codigo_ibge"":""5004304""},{""id"":""4e246210-9eb1-41bc-a076-2650ce504dc2"",""nome"":""Inocência"",""created_at"":""2026-02-24T12:30:35.715554+00:00"",""codigo_ibge"":""5004403""},{""id"":""a0866c78-0bf5-40e2-b1dc-b17bdb47f8a4"",""nome"":""Itaporã"",""created_at"":""2026-02-24T12:30:35.715554+00:00"",""codigo_ibge"":""5004502""},{""id"":""67e599fe-764a-4958-9684-4fa928a8ff4f"",""nome"":""Itaquiraí"",""created_at"":""2026-02-24T12:30:35.715554+00:00"",""codigo_ibge"":""5004601""},{""id"":""fe83406a-2969-4aa0-85cf-54f604f7091d"",""nome"":""Ivinhema"",""created_at"":""2026-02-24T12:30:35.715554+00:00"",""codigo_ibge"":""5004700""},{""id"":""e7505d5c-bcaf-4acf-92f7-824fb11ff170"",""nome"":""Japorã"",""created_at"":""2026-02-24T12:30:35.715554+00:00"",""codigo_ibge"":""5004809""},{""id"":""7f56bc17-be8e-4e85-b717-d9323043e3d8"",""nome"":""Jaraguari"",""created_at"":""2026-02-24T12:30:35.715554+00:00"",""codigo_ibge"":""5004908""},{""id"":""e95941dc-d790-4eb6-bba2-fb4e8721a644"",""nome"":""Jardim"",""created_at"":""2026-02-24T12:30:35.715554+00:00"",""codigo_ibge"":""5005004""},{""id"":""fc6fbca2-0908-4f29-b416-70b2e0ce16b9"",""nome"":""Jateí"",""created_at"":""2026-02-24T12:30:35.715554+00:00"",""codigo_ibge"":""5005103""},{""id"":""dab59dd4-13d3-41b0-a5d5-dbbd03b857e6"",""nome"":""Juti"",""created_at"":""2026-02-24T12:30:35.715554+00:00"",""codigo_ibge"":""5005152""},{""id"":""33c860dd-61b8-41f3-9b96-3d36c138fa79"",""nome"":""Ladário"",""created_at"":""2026-02-24T12:30:35.715554+00:00"",""codigo_ibge"":""5005202""},{""id"":""67526cfa-e4ca-423f-983f-584c00da6570"",""nome"":""Laguna Carapã"",""created_at"":""2026-02-24T12:30:35.715554+00:00"",""codigo_ibge"":""5005251""},{""id"":""813f4431-4342-4139-b27b-902e8dae6a2b"",""nome"":""Maracaju"",""created_at"":""2026-02-24T12:30:35.715554+00:00"",""codigo_ibge"":""5005400""},{""id"":""2cd8d634-fd8d-4264-93f3-94547552761e"",""nome"":""Miranda"",""created_at"":""2026-02-24T12:30:35.715554+00:00"",""codigo_ibge"":""5005608""},{""id"":""f79899a2-57da-46e3-a791-8c6fa06d4b6b"",""nome"":""Mundo Novo"",""created_at"":""2026-02-24T12:30:35.715554+00:00"",""codigo_ibge"":""5005681""},{""id"":""ccfa4165-a9e4-45ae-befd-48b968bdfa08"",""nome"":""Naviraí"",""created_at"":""2026-02-24T12:30:35.715554+00:00"",""codigo_ibge"":""5005707""},{""id"":""caf80aca-0eb0-4b74-b9e4-72c64b542a5c"",""nome"":""Nioaque"",""created_at"":""2026-02-24T12:30:35.715554+00:00"",""codigo_ibge"":""5005806""},{""id"":""0e8f27b1-f63f-4e7e-a668-b675235fb185"",""nome"":""Nova Alvorada do Sul"",""created_at"":""2026-02-24T12:30:35.715554+00:00"",""codigo_ibge"":""5006002""},{""id"":""104ea8f4-336b-4ae6-b492-173dd6709b03"",""nome"":""Nova Andradina"",""created_at"":""2026-02-24T12:30:35.715554+00:00"",""codigo_ibge"":""5006200""},{""id"":""94a3932d-bae0-4aa9-bb09-8910f929a051"",""nome"":""Novo Horizonte do Sul"",""created_at"":""2026-02-24T12:30:35.715554+00:00"",""codigo_ibge"":""5006259""},{""id"":""8bb0b258-0bc2-4935-bfeb-8a5db5b7c3a8"",""nome"":""Paraíso das Águas"",""created_at"":""2026-02-24T12:30:35.715554+00:00"",""codigo_ibge"":""5006275""},{""id"":""b52589bb-6d23-4d3a-86b3-fe0919af73f9"",""nome"":""Paranaíba"",""created_at"":""2026-02-24T12:30:35.715554+00:00"",""codigo_ibge"":""5006309""},{""id"":""520a9896-645d-48e2-9e2f-00022c74c257"",""nome"":""Paranhos"",""created_at"":""2026-02-24T12:30:35.715554+00:00"",""codigo_ibge"":""5006358""},{""id"":""efa9c056-01d6-4457-9bc1-2ada7157cf87"",""nome"":""Pedro Gomes"",""created_at"":""2026-02-24T12:30:35.715554+00:00"",""codigo_ibge"":""5006408""},{""id"":""056c4991-2449-4504-895c-3f8a38af0d34"",""nome"":""Ponta Porã"",""created_at"":""2026-02-24T12:30:35.715554+00:00"",""codigo_ibge"":""5006606""},{""id"":""4653188d-adad-4163-8880-fa4725a27d81"",""nome"":""Porto Murtinho"",""created_at"":""2026-02-24T12:30:35.715554+00:00"",""codigo_ibge"":""5006903""},{""id"":""9f5f78a5-258b-4364-a2b7-1661c0c58a5d"",""nome"":""Ribas do Rio Pardo"",""created_at"":""2026-02-24T12:30:35.715554+00:00"",""codigo_ibge"":""5007109""},{""id"":""e8757dd2-d2b8-49eb-a25e-7c85b3977263"",""nome"":""Rio Brilhante"",""created_at"":""2026-02-24T12:30:35.715554+00:00"",""codigo_ibge"":""5007208""},{""id"":""1911e71b-476a-4387-8b5b-e172435aadc1"",""nome"":""Rio Negro"",""created_at"":""2026-02-24T12:30:35.715554+00:00"",""codigo_ibge"":""5007307""},{""id"":""51cac718-73e0-490b-9ab4-d58c008d7d5d"",""nome"":""Rio Verde de Mato Grosso"",""created_at"":""2026-02-24T12:30:35.715554+00:00"",""codigo_ibge"":""5007406""},{""id"":""5575e52b-f6e5-4533-9039-0bfa700c46b6"",""nome"":""Rochedo"",""created_at"":""2026-02-24T12:30:35.715554+00:00"",""codigo_ibge"":""5007505""},{""id"":""64c71a56-3ed2-4c87-bf3a-d3e39101f94a"",""nome"":""Santa Rita do Pardo"",""created_at"":""2026-02-24T12:30:35.715554+00:00"",""codigo_ibge"":""5007554""},{""id"":""1b3ad159-f4b1-4a59-bda0-45bfe18f7f7c"",""nome"":""São Gabriel do Oeste"",""created_at"":""2026-02-24T12:30:35.715554+00:00"",""codigo_ibge"":""5007695""},{""id"":""fb2bd015-4bb6-4626-a4ae-ac321f74f757"",""nome"":""Sete Quedas"",""created_at"":""2026-02-24T12:30:35.715554+00:00"",""codigo_ibge"":""5007703""},{""id"":""39fd5580-5195-449f-8dc7-545bed577ae3"",""nome"":""Selvíria"",""created_at"":""2026-02-24T12:30:35.715554+00:00"",""codigo_ibge"":""5007802""},{""id"":""d8e719d5-ac24-4666-b537-714d503fba04"",""nome"":""Sidrolândia"",""created_at"":""2026-02-24T12:30:35.715554+00:00"",""codigo_ibge"":""5007901""},{""id"":""93dfff0b-8eba-4d60-b832-3eddde75c1d0"",""nome"":""Sonora"",""created_at"":""2026-02-24T12:30:35.715554+00:00"",""codigo_ibge"":""5007935""},{""id"":""61e52344-5ad9-411f-a21b-f3a528039d1f"",""nome"":""Tacuru"",""created_at"":""2026-02-24T12:30:35.715554+00:00"",""codigo_ibge"":""5007950""},{""id"":""72f5db30-9cc3-41e2-9a52-d7c59212dddf"",""nome"":""Taquarussu"",""created_at"":""2026-02-24T12:30:35.715554+00:00"",""codigo_ibge"":""5007976""},{""id"":""3668272c-daab-4bdb-9aeb-2a0cab595f4a"",""nome"":""Terenos"",""created_at"":""2026-02-24T12:30:35.715554+00:00"",""codigo_ibge"":""5008008""},{""id"":""4bcca513-199d-438a-bb45-2f4b38fe90ca"",""nome"":""Três Lagoas"",""created_at"":""2026-02-24T12:30:35.715554+00:00"",""codigo_ibge"":""5008305""},{""id"":""46c1006e-ed3d-48f8-9c63-54b3c5d631f1"",""nome"":""Vicentina"",""created_at"":""2026-02-24T12:30:35.715554+00:00"",""codigo_ibge"":""5008404""}]"
24,dados_referencia.tipos_ocorrencia_dtr,79,"[{""id"":""ffadf561-8c66-439c-8a96-6daa7ae5089e"",""nome"":""Desnível"",""ativo"":true,""frente"":""RECUPERAÇÃO E MANUTENÇÃO"",""gera_nc"":true,""rodovia"":""112/306"",""descricao"":""Desnível"",""created_at"":""2026-07-01T17:46:00.254+00:00"",""updated_at"":""2026-07-01T17:46:00.254+00:00"",""etapas_obra"":null,""observacoes"":null,""item_contrato"":""3.1.1 Pavimento"",""nao_atendimento"":""3.1.1 Ações de correção de desnível entre duas faixas de tráfego contíguas."",""prazo_dias_padrao"":30},{""id"":""81fab1db-c189-4c58-a56e-7b1efed43b0b"",""nome"":""Exsudação"",""ativo"":true,""frente"":""RECUPERAÇÃO E MANUTENÇÃO"",""gera_nc"":true,""rodovia"":""112/306"",""descricao"":""Exsudação"",""created_at"":""2026-07-01T17:46:00.254+00:00"",""updated_at"":""2026-07-01T17:46:00.254+00:00"",""etapas_obra"":null,""observacoes"":null,""item_contrato"":""3.1.1 Pavimento"",""nao_atendimento"":""3.1.1 Ausência de áreas exsudadas."",""prazo_dias_padrao"":30},{""id"":""b92fffdb-4265-441d-b7ce-6e97bec96716"",""nome"":""Trilhas de roda"",""ativo"":true,""frente"":""RECUPERAÇÃO E MANUTENÇÃO"",""gera_nc"":true,""rodovia"":""112/306"",""descricao"":""Trilhas de roda"",""created_at"":""2026-07-01T17:46:00.254+00:00"",""updated_at"":""2026-07-01T17:46:00.254+00:00"",""etapas_obra"":null,""observacoes"":null,""item_contrato"":""3.1.1 Pavimento"",""nao_atendimento"":""3.1.1 Eliminar e prevenir a ocorrência de flechas nas trilhas de roda superiores ao valor limite estabelecido (15 m)."",""prazo_dias_padrao"":30},{""id"":""ea91794a-2049-40fa-b78d-262c04f507f4"",""nome"":""Área trincada"",""ativo"":true,""frente"":""RECUPERAÇÃO E MANUTENÇÃO"",""gera_nc"":true,""rodovia"":""112/306"",""descricao"":""Área trincada"",""created_at"":""2026-07-01T17:46:00.254+00:00"",""updated_at"":""2026-07-01T17:46:00.254+00:00"",""etapas_obra"":null,""observacoes"":null,""item_contrato"":""3.1.1 Pavimento"",""nao_atendimento"":""3.1.1 Ausência de área afetada por trincas interligadas de classe 3 (FC-3)."",""prazo_dias_padrao"":30},{""id"":""2d5c5b15-1385-4218-af13-3c50305eb510"",""nome"":""Elementos indesejáveis"",""ativo"":true,""frente"":""RECUPERAÇÃO E MANUTENÇÃO"",""gera_nc"":true,""rodovia"":""112/306"",""descricao"":""Elementos indesejáveis"",""created_at"":""2026-07-01T17:46:00.254+00:00"",""updated_at"":""2026-07-01T17:46:00.254+00:00"",""etapas_obra"":null,""observacoes"":null,""item_contrato"":""3.1.1 Pavimento"",""nao_atendimento"":""3.1.1 Intervenções nas pistas, acostamentos, faixas de segurança, interseções e vias marginais, para a retirada de elementos indesejáveis, tais como areia, pedras, fragmentos de pneus, animais acidentados, vegetação, detritos orgânicos, lixo e objetos lançados por veículos ou pela população lindeira, bem como de quaisquer elementos prejudiciais à segurança dos usuários."",""prazo_dias_padrao"":1},{""id"":""7be8f565-9e97-4284-a673-456afec0aefc"",""nome"":""Sinalização horizontal"",""ativo"":true,""frente"":""RECUPERAÇÃO E MANUTENÇÃO"",""gera_nc"":true,""rodovia"":""112/306"",""descricao"":""Sinalização horizontal"",""created_at"":""2026-07-01T17:46:00.254+00:00"",""updated_at"":""2026-07-01T17:46:00.254+00:00"",""etapas_obra"":null,""observacoes"":null,""item_contrato"":""3.1.2 Sinalização e Elementos de Proteção e Segurança"",""nao_atendimento"":""3.1.2 Sinalização horizontal existente, inclusive dispositivos complementares, 100% recuperada, incluindo refazimento nos locais onde forem executados serviços no pavimento."",""prazo_dias_padrao"":15},{""id"":""fcee40d6-0d60-4a32-b9ac-ddf527a2a08b"",""nome"":""Sinalização vertical"",""ativo"":true,""frente"":""RECUPERAÇÃO E MANUTENÇÃO"",""gera_nc"":true,""rodovia"":""112/306"",""descricao"":""Sinalização vertical"",""created_at"":""2026-07-01T17:46:00.254+00:00"",""updated_at"":""2026-07-01T17:46:00.254+00:00"",""etapas_obra"":null,""observacoes"":null,""item_contrato"":""3.1.2 Sinalização e Elementos de Proteção e Segurança"",""nao_atendimento"":""3.1.2 Sinalização vertical e aérea existente 100% recuperada e limpa, com substituição dos dispositivos danificados ou removidos."",""prazo_dias_padrao"":15},{""id"":""a90da982-f90c-4a51-b6a5-14944d935c1c"",""nome"":""Defensa metálica"",""ativo"":true,""frente"":""RECUPERAÇÃO E MANUTENÇÃO"",""gera_nc"":true,""rodovia"":""112/306"",""descricao"":""Defensa metálica"",""created_at"":""2026-07-01T17:46:00.254+00:00"",""updated_at"":""2026-07-01T17:46:00.254+00:00"",""etapas_obra"":null,""observacoes"":null,""item_contrato"":""3.1.2 Sinalização e Elementos de Proteção e Segurança"",""nao_atendimento"":""3.1.2 Ausência total de dispositivos proteção e segurança existentes (defensas metálicas, barreiras em concreto, dispositivos antiofuscantes, atenuadores de impacto, etc.) danificados ou que ponham em risco os usuários."",""prazo_dias_padrao"":15},{""id"":""6d7f9274-a7f4-4c62-853c-e238f61a7ec4"",""nome"":""Tachas refletivas"",""ativo"":true,""frente"":""RECUPERAÇÃO E MANUTENÇÃO"",""gera_nc"":true,""rodovia"":""112/306"",""descricao"":""Tachas refletivas"",""created_at"":""2026-07-01T17:46:00.254+00:00"",""updated_at"":""2026-07-01T17:46:00.254+00:00"",""etapas_obra"":null,""observacoes"":null,""item_contrato"":""3.1.2 Sinalização e Elementos de Proteção e Segurança"",""nao_atendimento"":""3.1.2 Implantação de tachas refletivas, de acordo com as normas do DNIT."",""prazo_dias_padrao"":15},{""id"":""bdc70b9b-2c69-4866-aa43-9f67853f573c"",""nome"":""Sinalização de segurança Pare e Siga em conformidade com o que estabelece o IPR 738/2010 DNIT"",""ativo"":true,""frente"":""RECUPERAÇÃO E MANUTENÇÃO"",""gera_nc"":false,""rodovia"":""112/306"",""descricao"":""Sinalização de segurança Pare e Siga em conformidade com o que estabelece o IPR 738/2010 DNIT"",""created_at"":""2026-07-01T17:46:00.254+00:00"",""updated_at"":""2026-07-01T17:46:00.254+00:00"",""etapas_obra"":null,""observacoes"":null,""item_contrato"":""3.1.2 Sinalização e Elementos de Proteção e Segurança"",""nao_atendimento"":null,""prazo_dias_padrao"":null},{""id"":""c0e3418d-8044-4158-abd4-d3658cce3882"",""nome"":""Sinalização obstruída"",""ativo"":true,""frente"":""RECUPERAÇÃO E MANUTENÇÃO"",""gera_nc"":false,""rodovia"":""112/306"",""descricao"":""Sinalização obstruída"",""created_at"":""2026-07-01T17:46:00.254+00:00"",""updated_at"":""2026-07-01T17:46:00.254+00:00"",""etapas_obra"":null,""observacoes"":null,""item_contrato"":""3.1.2 Sinalização e Elementos de Proteção e Segurança"",""nao_atendimento"":null,""prazo_dias_padrao"":null},{""id"":""bd1b0114-0607-4c6b-99f4-e5e2af49941e"",""nome"":""Depressão"",""ativo"":true,""frente"":""RECUPERAÇÃO E MANUTENÇÃO"",""gera_nc"":true,""rodovia"":""112/306"",""descricao"":""Depressão"",""created_at"":""2026-07-01T17:46:00.254+00:00"",""updated_at"":""2026-07-01T17:46:00.254+00:00"",""etapas_obra"":null,""observacoes"":null,""item_contrato"":""3.1.3 Obras de Arte Especiais"",""nao_atendimento"":""3.1.3 Ausência de depressão acentuada no encontro das OAEs com a via."",""prazo_dias_padrao"":null},{""id"":""46d8e104-ab76-4489-b55c-6c84890c38ca"",""nome"":""Erosão"",""ativo"":true,""frente"":""RECUPERAÇÃO E MANUTENÇÃO"",""gera_nc"":true,""rodovia"":""112/306"",""descricao"":""Erosão"",""created_at"":""2026-07-01T17:46:00.254+00:00"",""updated_at"":""2026-07-01T17:46:00.254+00:00"",""etapas_obra"":null,""observacoes"":null,""item_contrato"":""3.1.3 Obras de Arte Especiais"",""nao_atendimento"":""3.1.3 Reparo de erosões e de proteções de talude e execução de proteção de talude, onde não existente, em todos os encontros das OAEs."",""prazo_dias_padrao"":null},{""id"":""7e25e922-5940-474b-8474-90635b8c78ee"",""nome"":""Guarda corpo"",""ativo"":true,""frente"":""RECUPERAÇÃO E MANUTENÇÃO"",""gera_nc"":true,""rodovia"":""112/306"",""descricao"":""Guarda corpo"",""created_at"":""2026-07-01T17:46:00.254+00:00"",""updated_at"":""2026-07-01T17:46:00.254+00:00"",""etapas_obra"":null,""observacoes"":null,""item_contrato"":""3.1.3 Obras de Arte Especiais"",""nao_atendimento"":""3.1.3 Limpeza e pintura de guarda-corpos, guarda-rodas e estruturas visíveis de todas as OAEs."",""prazo_dias_padrao"":null},{""id"":""e09977fb-aedb-4f82-8256-4f21c34605c1"",""nome"":""Drenagem"",""ativo"":true,""frente"":""RECUPERAÇÃO E MANUTENÇÃO"",""gera_nc"":true,""rodovia"":""112/306"",""descricao"":""Drenagem"",""created_at"":""2026-07-01T17:46:00.254+00:00"",""updated_at"":""2026-07-01T17:46:00.254+00:00"",""etapas_obra"":null,""observacoes"":null,""item_contrato"":""3.1.3 Obras de Arte Especiais"",""nao_atendimento"":""3.1.3 Ausência de sistemas de drenagem dos tabuleiros sujos ou obstruídos."",""prazo_dias_padrao"":null},{""id"":""4f39e56f-8c3e-430a-be21-60fcd6d095b0"",""nome"":""Alargamento OAE"",""ativo"":true,""frente"":""RECUPERAÇÃO E MANUTENÇÃO"",""gera_nc"":false,""rodovia"":""112/306"",""descricao"":""Alargamento OAE"",""created_at"":""2026-07-01T17:46:00.254+00:00"",""updated_at"":""2026-07-01T17:46:00.254+00:00"",""etapas_obra"":""Fundação\nEnsaio\nArmação e formas\nConcretagem\nLaje\nBase sobre a laje de transição\nPavimentação\nSinalização e segurança"",""observacoes"":null,""item_contrato"":""3.1.3 Obras de Arte Especiais"",""nao_atendimento"":null,""prazo_dias_padrao"":null},{""id"":""6a324f10-fe32-4506-80d8-64754064dac7"",""nome"":""Meio fio"",""ativo"":true,""frente"":""RECUPERAÇÃO E MANUTENÇÃO"",""gera_nc"":true,""rodovia"":""112/306"",""descricao"":""Meio fio"",""created_at"":""2026-07-01T17:46:00.254+00:00"",""updated_at"":""2026-07-01T17:46:00.254+00:00"",""etapas_obra"":null,""observacoes"":null,""item_contrato"":""3.1.4. Sistemas de Drenagem e Obras-de-Arte Correntes"",""nao_atendimento"":""3.1.4 Sistema de Drenagem Superficial existente 100% limpo, desassoreado, desobstruído e pintado."",""prazo_dias_padrao"":30},{""id"":""fc6b1700-70aa-4c79-b0cf-e1e5c7b61fee"",""nome"":""Valeta de proteção de aterro"",""ativo"":true,""frente"":""RECUPERAÇÃO E MANUTENÇÃO"",""gera_nc"":true,""rodovia"":""112/306"",""descricao"":""Valeta de proteção de aterro"",""created_at"":""2026-07-01T17:46:00.254+00:00"",""updated_at"":""2026-07-01T17:46:00.254+00:00"",""etapas_obra"":null,""observacoes"":null,""item_contrato"":""3.1.4. Sistemas de Drenagem e Obras-de-Arte Correntes"",""nao_atendimento"":""3.1.4 Sistema de Drenagem Superficial existente 100% limpo, desassoreado, desobstruído e pintado."",""prazo_dias_padrao"":30},{""id"":""63cf612c-9d70-4b4b-8846-4c31bbbf2129"",""nome"":""Valeta de proteção de corte"",""ativo"":true,""frente"":""RECUPERAÇÃO E MANUTENÇÃO"",""gera_nc"":true,""rodovia"":""112/306"",""descricao"":""Valeta de proteção de corte"",""created_at"":""2026-07-01T17:46:00.254+00:00"",""updated_at"":""2026-07-01T17:46:00.254+00:00"",""etapas_obra"":null,""observacoes"":null,""item_contrato"":""3.1.4. Sistemas de Drenagem e Obras-de-Arte Correntes"",""nao_atendimento"":""3.1.4 Sistema de Drenagem Superficial existente 100% limpo, desassoreado, desobstruído e pintado."",""prazo_dias_padrao"":30},{""id"":""9f393fff-e37a-4b77-947d-51cf98aca79e"",""nome"":""Descida d' àgua"",""ativo"":true,""frente"":""RECUPERAÇÃO E MANUTENÇÃO"",""gera_nc"":true,""rodovia"":""112/306"",""descricao"":""Descida d' àgua"",""created_at"":""2026-07-01T17:46:00.254+00:00"",""updated_at"":""2026-07-01T17:46:00.254+00:00"",""etapas_obra"":null,""observacoes"":null,""item_contrato"":""3.1.4. Sistemas de Drenagem e Obras-de-Arte Correntes"",""nao_atendimento"":""3.1.4 Sistema de Drenagem Superficial existente 100% limpo, desassoreado, desobstruído e pintado."",""prazo_dias_padrao"":30},{""id"":""b5c02a57-8df4-46d8-8f57-9346f4cf9830"",""nome"":""Bueiro"",""ativo"":true,""frente"":""RECUPERAÇÃO E MANUTENÇÃO"",""gera_nc"":true,""rodovia"":""112/306"",""descricao"":""Bueiro"",""created_at"":""2026-07-01T17:46:00.254+00:00"",""updated_at"":""2026-07-01T17:46:00.254+00:00"",""etapas_obra"":null,""observacoes"":null,""item_contrato"":""3.1.4. Sistemas de Drenagem e Obras-de-Arte Correntes"",""nao_atendimento"":""3.1.4 Sistema de Drenagem Profunda existente (bueiros) em pleno funcionamento, sem necessidade de intervenções emergenciais."",""prazo_dias_padrao"":30},{""id"":""cdd1599f-f2f9-4a34-bbcb-b944035d8f12"",""nome"":""Empoçamento"",""ativo"":true,""frente"":""RECUPERAÇÃO E MANUTENÇÃO"",""gera_nc"":true,""rodovia"":""112/306"",""descricao"":""Empoçamento"",""created_at"":""2026-07-01T17:46:00.254+00:00"",""updated_at"":""2026-07-01T17:46:00.254+00:00"",""etapas_obra"":null,""observacoes"":null,""item_contrato"":""3.1.4. Sistemas de Drenagem e Obras-de-Arte Correntes"",""nao_atendimento"":""3.1.4 Ausência total de seções com empoçamento de água sobre as faixas de rolamento."",""prazo_dias_padrao"":15},{""id"":""3ea6526c-f00d-4718-acf9-9c9dd14f1225"",""nome"":""Erosão Longitudinal"",""ativo"":true,""frente"":""RECUPERAÇÃO E MANUTENÇÃO"",""gera_nc"":true,""rodovia"":""112/306"",""descricao"":""Erosão Longitudinal"",""created_at"":""2026-07-01T17:46:00.254+00:00"",""updated_at"":""2026-07-01T17:46:00.254+00:00"",""etapas_obra"":null,""observacoes"":null,""item_contrato"":""3.1.5. Terraplenos e Estruturas de Contenção"",""nao_atendimento"":""3.1.5 Ausência total de material resultante de deslizamento ou erosões a menos de 4,0 m dos bordos dos acostamentos ou das faixas de segurança."",""prazo_dias_padrao"":15},{""id"":""5f414bf5-3c58-418d-ad8d-cb90fa9fbf78"",""nome"":""Revestimento vegetal"",""ativo"":true,""frente"":""RECUPERAÇÃO E MANUTENÇÃO"",""gera_nc"":true,""rodovia"":""112/306"",""descricao"":""Revestimento vegetal"",""created_at"":""2026-07-01T17:46:00.254+00:00"",""updated_at"":""2026-07-01T17:46:00.254+00:00"",""etapas_obra"":null,""observacoes"":null,""item_contrato"":""3.1.5. Terraplenos e Estruturas de Contenção"",""nao_atendimento"":""3.1.5 Implantação de revestimento vegetal em todos os taludes de corte e aterro."",""prazo_dias_padrao"":15},{""id"":""1b33864f-c245-4cb5-831b-ba9a62014fc2"",""nome"":""Roçada manual"",""ativo"":true,""frente"":""RECUPERAÇÃO E MANUTENÇÃO"",""gera_nc"":false,""rodovia"":""112/306"",""descricao"":""Roçada manual"",""created_at"":""2026-07-01T17:46:00.254+00:00"",""updated_at"":""2026-07-01T17:46:00.254+00:00"",""etapas_obra"":null,""observacoes"":null,""item_contrato"":""3.1.6 Canteiro Central e Faixa de Domínio"",""nao_atendimento"":null,""prazo_dias_padrao"":null},{""id"":""9180cf4b-7383-4b8e-888e-73ac41e88433"",""nome"":""Roçada mecanizada"",""ativo"":true,""frente"":""RECUPERAÇÃO E MANUTENÇÃO"",""gera_nc"":false,""rodovia"":""112/306"",""descricao"":""Roçada mecanizada"",""created_at"":""2026-07-01T17:46:00.254+00:00"",""updated_at"":""2026-07-01T17:46:00.254+00:00"",""etapas_obra"":null,""observacoes"":null,""item_contrato"":""3.1.6 Canteiro Central e Faixa de Domínio"",""nao_atendimento"":null,""prazo_dias_padrao"":null},{""id"":""e8028fe8-a545-4586-8e97-5c9b0fa9ace0"",""nome"":""Recomposição de cobertura vegetal"",""ativo"":true,""frente"":""RECUPERAÇÃO E MANUTENÇÃO"",""gera_nc"":false,""rodovia"":""112/306"",""descricao"":""Recomposição de cobertura vegetal"",""created_at"":""2026-07-01T17:46:00.254+00:00"",""updated_at"":""2026-07-01T17:46:00.254+00:00"",""etapas_obra"":null,""observacoes"":null,""item_contrato"":""3.1.6 Canteiro Central e Faixa de Domínio"",""nao_atendimento"":null,""prazo_dias_padrao"":null},{""id"":""22378fc1-9843-4c09-af9f-2a676abb578b"",""nome"":""Vegetação alta"",""ativo"":true,""frente"":""RECUPERAÇÃO E MANUTENÇÃO"",""gera_nc"":true,""rodovia"":""112/306"",""descricao"":""Vegetação alta"",""created_at"":""2026-07-01T17:46:00.254+00:00"",""updated_at"":""2026-07-01T17:46:00.254+00:00"",""etapas_obra"":null,""observacoes"":null,""item_contrato"":""3.1.6 Canteiro Central e Faixa de Domínio"",""nao_atendimento"":""3.1.6 Ausência total de vegetação rasteira com comprimento superior a 40,0 (quarenta) cm, em toda a extensão da faixa de domínio, numa largura mínima de 4,0 (quatro) metros a partir do bordo da drenagem e/ou do acostamento, de cada lado das rodovias."",""prazo_dias_padrao"":15},{""id"":""cc511815-fa81-449e-b435-6c4dc23ddbd1"",""nome"":""Presença de entulhos/resíduos"",""ativo"":true,""frente"":""RECUPERAÇÃO E MANUTENÇÃO"",""gera_nc"":true,""rodovia"":""112/306"",""descricao"":""Presença de entulhos/resíduos"",""created_at"":""2026-07-01T17:46:00.254+00:00"",""updated_at"":""2026-07-01T17:46:00.254+00:00"",""etapas_obra"":null,""observacoes"":null,""item_contrato"":""3.1.6 Canteiro Central e Faixa de Domínio"",""nao_atendimento"":""3.1.6 Ausência de entulhos e materiais orgânicos em toda a faixa de domínio."",""prazo_dias_padrao"":1},{""id"":""3cfeccae-d495-4eba-922d-4210d92a956a"",""nome"":""Poste de rede de energia elétrica"",""ativo"":true,""frente"":""RECUPERAÇÃO E MANUTENÇÃO"",""gera_nc"":false,""rodovia"":""112/306"",""descricao"":""Poste de rede de energia elétrica"",""created_at"":""2026-07-01T17:46:00.254+00:00"",""updated_at"":""2026-07-01T17:46:00.254+00:00"",""etapas_obra"":null,""observacoes"":null,""item_contrato"":""3.1.6 Canteiro Central e Faixa de Domínio"",""nao_atendimento"":null,""prazo_dias_padrao"":null},{""id"":""566519fb-1c82-4952-97a8-e314521bd7e0"",""nome"":""Cerca"",""ativo"":true,""frente"":""RECUPERAÇÃO E MANUTENÇÃO"",""gera_nc"":true,""rodovia"":""112/306"",""descricao"":""Cerca"",""created_at"":""2026-07-01T17:46:00.254+00:00"",""updated_at"":""2026-07-01T17:46:00.254+00:00"",""etapas_obra"":null,""observacoes"":null,""item_contrato"":""3.1.6 Canteiro Central e Faixa de Domínio"",""nao_atendimento"":""3.1.6 Cercas da rodovia reposicionadas, recuperadas, complementadas e/ou implantadas."",""prazo_dias_padrao"":15},{""id"":""012c8124-14eb-411d-963e-db4045aa4300"",""nome"":""Acessos"",""ativo"":true,""frente"":""MELHORIAS OPERACIONAIS, DE AMPLIAÇÃO DECAPACIDADE E DE MANUTENÇÃO DO NÍVEL DE SERVIÇO"",""gera_nc"":false,""rodovia"":""112/306"",""descricao"":""Acessos"",""created_at"":""2026-07-01T17:46:00.254+00:00"",""updated_at"":""2026-07-01T17:46:00.254+00:00"",""etapas_obra"":""Limpeza\nTerraplenagem\nExecução das Camadas de Base e Sub Base\nPavimentação CBUQ\nPavimentação TSD\nSinalização"",""observacoes"":null,""item_contrato"":""3.2.2 Obras de Melhorias Operacionais"",""nao_atendimento"":null,""prazo_dias_padrao"":null},{""id"":""6e309972-60b2-401f-a2ae-405847769a57"",""nome"":""Passarela de pedestres"",""ativo"":true,""frente"":""MELHORIAS OPERACIONAIS, DE AMPLIAÇÃO DECAPACIDADE E DE MANUTENÇÃO DO NÍVEL DE SERVIÇO"",""gera_nc"":false,""rodovia"":""112/306"",""descricao"":""Passarela de pedestres"",""created_at"":""2026-07-01T17:46:00.254+00:00"",""updated_at"":""2026-07-01T17:46:00.254+00:00"",""etapas_obra"":null,""observacoes"":null,""item_contrato"":""3.2.2 Obras de Melhorias Operacionais"",""nao_atendimento"":null,""prazo_dias_padrao"":null},{""id"":""18b50282-6d7a-4adf-b96a-51f5d971446d"",""nome"":""Rotatória alongada"",""ativo"":true,""frente"":""MELHORIAS OPERACIONAIS, DE AMPLIAÇÃO DECAPACIDADE E DE MANUTENÇÃO DO NÍVEL DE SERVIÇO"",""gera_nc"":false,""rodovia"":""112/306"",""descricao"":""Rotatória alongada"",""created_at"":""2026-07-01T17:46:00.254+00:00"",""updated_at"":""2026-07-01T17:46:00.254+00:00"",""etapas_obra"":""Limpeza\nTerraplenagem\nExecução das Camadas de Base e Sub Base\nPavimentação CBUQ\nPavimentação TSD\nSinalização"",""observacoes"":null,""item_contrato"":""3.2.2 Obras de Melhorias Operacionais"",""nao_atendimento"":null,""prazo_dias_padrao"":null},{""id"":""799a4a39-5878-4d9b-95f0-5dc95386934b"",""nome"":""Acostamento"",""ativo"":true,""frente"":""MELHORIAS OPERACIONAIS, DE AMPLIAÇÃO DECAPACIDADE E DE MANUTENÇÃO DO NÍVEL DE SERVIÇO"",""gera_nc"":false,""rodovia"":""112/306"",""descricao"":""Acostamento"",""created_at"":""2026-07-01T17:46:00.254+00:00"",""updated_at"":""2026-07-01T17:46:00.254+00:00"",""etapas_obra"":""Limpeza\nTerraplenagem\nExecução das Camadas de Base e Sub Base\nPavimentação CBUQ\nPavimentação TSD\nSinalização\nDegrau acostamento"",""observacoes"":null,""item_contrato"":""3.2.2 Obras de Melhorias Operacionais"",""nao_atendimento"":null,""prazo_dias_padrao"":null},{""id"":""184fe253-9218-454e-bd62-dc34314143f1"",""nome"":""Faixa Adicional"",""ativo"":true,""frente"":""MELHORIAS OPERACIONAIS, DE AMPLIAÇÃO DECAPACIDADE E DE MANUTENÇÃO DO NÍVEL DE SERVIÇO"",""gera_nc"":false,""rodovia"":""112/306"",""descricao"":""Faixa Adicional"",""created_at"":""2026-07-01T17:46:00.254+00:00"",""updated_at"":""2026-07-01T17:46:00.254+00:00"",""etapas_obra"":""Limpeza\nTerraplenagem\nExecução das Camadas de Base e Sub Base\nPavimentação CBUQ\nPavimentação TSD\nSinalização"",""observacoes"":null,""item_contrato"":""3.2.3 Obras de Ampliação de Capacidade"",""nao_atendimento"":null,""prazo_dias_padrao"":null},{""id"":""fdf1cc38-eecb-4391-a74c-541d14312b6c"",""nome"":""Marginal"",""ativo"":true,""frente"":""MELHORIAS OPERACIONAIS, DE AMPLIAÇÃO DECAPACIDADE E DE MANUTENÇÃO DO NÍVEL DE SERVIÇO"",""gera_nc"":false,""rodovia"":""112/306"",""descricao"":""Marginal"",""created_at"":""2026-07-01T17:46:00.254+00:00"",""updated_at"":""2026-07-01T17:46:00.254+00:00"",""etapas_obra"":""Limpeza\nTerraplenagem\nExecução das Camadas de Base e Sub Base\nPavimentação CBUQ\nPavimentação TSD\nSinalização"",""observacoes"":null,""item_contrato"":""3.2.3 Obras de Ampliação de Capacidade"",""nao_atendimento"":null,""prazo_dias_padrao"":null},{""id"":""42ef90ca-6b42-4561-9efa-0fb790231e61"",""nome"":""Panela / Afundamento"",""ativo"":true,""frente"":""CONSERVAÇÃO"",""gera_nc"":true,""rodovia"":""112/306"",""descricao"":""Panela / Afundamento"",""created_at"":""2026-07-01T17:46:00.254+00:00"",""updated_at"":""2026-07-01T17:46:00.254+00:00"",""etapas_obra"":null,""observacoes"":null,""item_contrato"":""3.3.2 Pavimento"",""nao_atendimento"":""3.3.2 reparo de panelas e afundamentos plásticos em pontos localizados e trincas de Classe 3 nos pavimentos flexíveis."",""prazo_dias_padrao"":30},{""id"":""e56559fc-7b63-4ba1-9f6c-6ecd91458178"",""nome"":""Pavimento rígido"",""ativo"":true,""frente"":""CONSERVAÇÃO"",""gera_nc"":true,""rodovia"":""112/306"",""descricao"":""Pavimento rígido"",""created_at"":""2026-07-01T17:46:00.254+00:00"",""updated_at"":""2026-07-01T17:46:00.254+00:00"",""etapas_obra"":null,""observacoes"":null,""item_contrato"":""3.3.2 Pavimento"",""nao_atendimento"":""3.3.2 correção de defeitos localizados nas placas do pavimento rígido."",""prazo_dias_padrao"":30},{""id"":""74b184fc-375c-4618-b35c-47f779b66e48"",""nome"":""Reciclagem"",""ativo"":true,""frente"":""CONSERVAÇÃO"",""gera_nc"":false,""rodovia"":""112/306"",""descricao"":""Reciclagem"",""created_at"":""2026-07-01T17:46:00.254+00:00"",""updated_at"":""2026-07-01T17:46:00.254+00:00"",""etapas_obra"":null,""observacoes"":null,""item_contrato"":""3.3.2 Pavimento"",""nao_atendimento"":null,""prazo_dias_padrao"":null},{""id"":""d18fa6cf-3b9b-4d37-a8ea-99265385f106"",""nome"":""Tratamento superficial duplo (TSD)"",""ativo"":true,""frente"":""CONSERVAÇÃO"",""gera_nc"":false,""rodovia"":""112/306"",""descricao"":""Tratamento superficial duplo (TSD)"",""created_at"":""2026-07-01T17:46:00.254+00:00"",""updated_at"":""2026-07-01T17:46:00.254+00:00"",""etapas_obra"":null,""observacoes"":null,""item_contrato"":""3.3.2 Pavimento"",""nao_atendimento"":null,""prazo_dias_padrao"":null},{""id"":""e84d5b4c-6f48-4712-83f3-3fd660950864"",""nome"":""Tratamento superficial duplo (TSD borracha)"",""ativo"":true,""frente"":""CONSERVAÇÃO"",""gera_nc"":false,""rodovia"":""112/306"",""descricao"":""Tratamento superficial duplo (TSD borracha)"",""created_at"":""2026-07-01T17:46:00.254+00:00"",""updated_at"":""2026-07-01T17:46:00.254+00:00"",""etapas_obra"":null,""observacoes"":null,""item_contrato"":""3.3.2 Pavimento"",""nao_atendimento"":null,""prazo_dias_padrao"":null},{""id"":""e2b5f522-5dc0-450b-865a-0d9dc4a38802"",""nome"":""Micro revestimento"",""ativo"":true,""frente"":""CONSERVAÇÃO"",""gera_nc"":false,""rodovia"":""112/306"",""descricao"":""Micro revestimento"",""created_at"":""2026-07-01T17:46:00.254+00:00"",""updated_at"":""2026-07-01T17:46:00.254+00:00"",""etapas_obra"":null,""observacoes"":null,""item_contrato"":""3.3.2 Pavimento"",""nao_atendimento"":null,""prazo_dias_padrao"":null},{""id"":""975ed16f-b62d-4a6e-97d8-964675cc88c8"",""nome"":""Fresagem e recomposição"",""ativo"":true,""frente"":""CONSERVAÇÃO"",""gera_nc"":false,""rodovia"":""112/306"",""descricao"":""Fresagem e recomposição"",""created_at"":""2026-07-01T17:46:00.254+00:00"",""updated_at"":""2026-07-01T17:46:00.254+00:00"",""etapas_obra"":null,""observacoes"":null,""item_contrato"":""3.3.2 Pavimento"",""nao_atendimento"":null,""prazo_dias_padrao"":null},{""id"":""14e6c0af-1aa7-4487-9acd-47be1b1240a5"",""nome"":""Reparo profundo"",""ativo"":true,""frente"":""CONSERVAÇÃO"",""gera_nc"":false,""rodovia"":""112/306"",""descricao"":""Reparo profundo"",""created_at"":""2026-07-01T17:46:00.254+00:00"",""updated_at"":""2026-07-01T17:46:00.254+00:00"",""etapas_obra"":null,""observacoes"":null,""item_contrato"":""3.3.2 Pavimento"",""nao_atendimento"":null,""prazo_dias_padrao"":null},{""id"":""83f00dcc-ef2a-4ad2-9eb6-26a2310b8159"",""nome"":""Ensaio"",""ativo"":true,""frente"":""CONSERVAÇÃO"",""gera_nc"":false,""rodovia"":""112/306"",""descricao"":""Ensaio"",""created_at"":""2026-07-01T17:46:00.254+00:00"",""updated_at"":""2026-07-01T17:46:00.254+00:00"",""etapas_obra"":null,""observacoes"":null,""item_contrato"":""3.3.2 Pavimento"",""nao_atendimento"":null,""prazo_dias_padrao"":null},{""id"":""11c0b45f-d97c-4ed4-a8c1-11acf7fbe588"",""nome"":""Sinalização de segurança Pare e Siga em conformidade com o que estabelece o IPR 738/2010 DNIT"",""ativo"":true,""frente"":""CONSERVAÇÃO"",""gera_nc"":false,""rodovia"":""112/306"",""descricao"":""Sinalização de segurança Pare e Siga em conformidade com o que estabelece o IPR 738/2010 DNIT"",""created_at"":""2026-07-01T17:46:00.254+00:00"",""updated_at"":""2026-07-01T17:46:00.254+00:00"",""etapas_obra"":null,""observacoes"":null,""item_contrato"":""3.3.3 Elementos de Proteção e Segurança"",""nao_atendimento"":null,""prazo_dias_padrao"":null},{""id"":""8d24a03c-0fd6-43f0-b5db-90c4539db7b8"",""nome"":""Sinalização horizontal"",""ativo"":true,""frente"":""CONSERVAÇÃO"",""gera_nc"":true,""rodovia"":""112/306"",""descricao"":""Sinalização horizontal"",""created_at"":""2026-07-01T17:46:00.254+00:00"",""updated_at"":""2026-07-01T17:46:00.254+00:00"",""etapas_obra"":null,""observacoes"":null,""item_contrato"":""3.3.3 Elementos de Proteção e Segurança"",""nao_atendimento"":""3.3.3. Conservação da sinalização horizontal, vertical e aérea (incluindo tachas e tachões retrorrefletivos, balizadores e delineadores), e dos demais dispositivos de proteção e segurança, tais como defensas metálicas, barreiras de concreto, dispositivos antiofuscantes e atenuadores de impacto."",""prazo_dias_padrao"":15},{""id"":""4623b3d5-4b85-44df-803d-81a9bd6571f5"",""nome"":""Sinalização vertical"",""ativo"":true,""frente"":""CONSERVAÇÃO"",""gera_nc"":true,""rodovia"":""112/306"",""descricao"":""Sinalização vertical"",""created_at"":""2026-07-01T17:46:00.254+00:00"",""updated_at"":""2026-07-01T17:46:00.254+00:00"",""etapas_obra"":null,""observacoes"":null,""item_contrato"":""3.3.3 Elementos de Proteção e Segurança"",""nao_atendimento"":""3.3.3. Conservação da sinalização horizontal, vertical e aérea (incluindo tachas e tachões retrorrefletivos, balizadores e delineadores), e dos demais dispositivos de proteção e segurança, tais como defensas metálicas, barreiras de concreto, dispositivos antiofuscantes e atenuadores de impacto."",""prazo_dias_padrao"":15},{""id"":""090f7d70-a652-4a9b-bfbc-56753f1cc1e5"",""nome"":""Defensa metálica"",""ativo"":true,""frente"":""CONSERVAÇÃO"",""gera_nc"":true,""rodovia"":""112/306"",""descricao"":""Defensa metálica"",""created_at"":""2026-07-01T17:46:00.254+00:00"",""updated_at"":""2026-07-01T17:46:00.254+00:00"",""etapas_obra"":null,""observacoes"":null,""item_contrato"":""3.3.3 Elementos de Proteção e Segurança"",""nao_atendimento"":""3.3.3. Conservação da sinalização horizontal, vertical e aérea (incluindo tachas e tachões retrorrefletivos, balizadores e delineadores), e dos demais dispositivos de proteção e segurança, tais como defensas metálicas, barreiras de concreto, dispositivos antiofuscantes e atenuadores de impacto."",""prazo_dias_padrao"":15},{""id"":""f43c6251-be3b-44f6-8399-7bf6cd39a8b0"",""nome"":""Vestígio de óleo/graxa"",""ativo"":true,""frente"":""CONSERVAÇÃO"",""gera_nc"":true,""rodovia"":""112/306"",""descricao"":""Vestígio de óleo/graxa"",""created_at"":""2026-07-01T17:46:00.254+00:00"",""updated_at"":""2026-07-01T17:46:00.254+00:00"",""etapas_obra"":null,""observacoes"":null,""item_contrato"":""3.3.4 Obras de Arte Especiais"",""nao_atendimento"":""3.3.4. Remoção de vestígios de óleo ou graxa no pavimento"",""prazo_dias_padrao"":1},{""id"":""45aa0ce9-16ac-4c13-aafc-640dd45c897c"",""nome"":""Barreira New Jersey"",""ativo"":true,""frente"":""CONSERVAÇÃO"",""gera_nc"":true,""rodovia"":""112/306"",""descricao"":""Barreira New Jersey"",""created_at"":""2026-07-01T17:46:00.254+00:00"",""updated_at"":""2026-07-01T17:46:00.254+00:00"",""etapas_obra"":null,""observacoes"":null,""item_contrato"":""3.3.4 Obras de Arte Especiais"",""nao_atendimento"":""3.3.4. Reparos em barreiras"",""prazo_dias_padrao"":15},{""id"":""0ae336b5-e1be-4827-86d6-6583d5e65e31"",""nome"":""Meio fio"",""ativo"":true,""frente"":""CONSERVAÇÃO"",""gera_nc"":true,""rodovia"":""112/306"",""descricao"":""Meio fio"",""created_at"":""2026-07-01T17:46:00.254+00:00"",""updated_at"":""2026-07-01T17:46:00.254+00:00"",""etapas_obra"":null,""observacoes"":null,""item_contrato"":""3.3.5 Sistema de Drenagem e Obras de Arte Correntes"",""nao_atendimento"":""3.3.5. Conservação do sistema de drenagem e das OACs das rodovias"",""prazo_dias_padrao"":15},{""id"":""b775ea8e-90b8-4554-ba29-ae50b1ec2be4"",""nome"":""Valeta de proteção de aterro"",""ativo"":true,""frente"":""CONSERVAÇÃO"",""gera_nc"":true,""rodovia"":""112/306"",""descricao"":""Valeta de proteção de aterro"",""created_at"":""2026-07-01T17:46:00.254+00:00"",""updated_at"":""2026-07-01T17:46:00.254+00:00"",""etapas_obra"":null,""observacoes"":null,""item_contrato"":""3.3.5 Sistema de Drenagem e Obras de Arte Correntes"",""nao_atendimento"":""3.3.5. Conservação do sistema de drenagem e das OACs das rodovias"",""prazo_dias_padrao"":15},{""id"":""f74b4471-b364-49b1-b750-a2365ae2abdc"",""nome"":""Valeta de proteção de corte"",""ativo"":true,""frente"":""CONSERVAÇÃO"",""gera_nc"":true,""rodovia"":""112/306"",""descricao"":""Valeta de proteção de corte"",""created_at"":""2026-07-01T17:46:00.254+00:00"",""updated_at"":""2026-07-01T17:46:00.254+00:00"",""etapas_obra"":null,""observacoes"":null,""item_contrato"":""3.3.5 Sistema de Drenagem e Obras de Arte Correntes"",""nao_atendimento"":""3.3.5. Conservação do sistema de drenagem e das OACs das rodovias"",""prazo_dias_padrao"":15},{""id"":""bbeac8e2-d32b-452d-a447-920a41aa4f3e"",""nome"":""Descida d’ àgua"",""ativo"":true,""frente"":""CONSERVAÇÃO"",""gera_nc"":true,""rodovia"":""112/306"",""descricao"":""Descida d’ àgua"",""created_at"":""2026-07-01T17:46:00.254+00:00"",""updated_at"":""2026-07-01T17:46:00.254+00:00"",""etapas_obra"":null,""observacoes"":null,""item_contrato"":""3.3.5 Sistema de Drenagem e Obras de Arte Correntes"",""nao_atendimento"":""3.3.5. Conservação do sistema de drenagem e das OACs das rodovias"",""prazo_dias_padrao"":15},{""id"":""b20a1192-5fcc-4ed8-9ac0-6e98bb856bc0"",""nome"":""Bueiro"",""ativo"":true,""frente"":""CONSERVAÇÃO"",""gera_nc"":true,""rodovia"":""112/306"",""descricao"":""Bueiro"",""created_at"":""2026-07-01T17:46:00.254+00:00"",""updated_at"":""2026-07-01T17:46:00.254+00:00"",""etapas_obra"":null,""observacoes"":null,""item_contrato"":""3.3.5 Sistema de Drenagem e Obras de Arte Correntes"",""nao_atendimento"":""3.3.5. Conservação do sistema de drenagem e das OACs das rodovias"",""prazo_dias_padrao"":15},{""id"":""a2324585-9191-424f-bd3f-34833c9c20ad"",""nome"":""Roçada manual"",""ativo"":true,""frente"":""CONSERVAÇÃO"",""gera_nc"":false,""rodovia"":""112/306"",""descricao"":""Roçada manual"",""created_at"":""2026-07-01T17:46:00.254+00:00"",""updated_at"":""2026-07-01T17:46:00.254+00:00"",""etapas_obra"":null,""observacoes"":null,""item_contrato"":""3.3.7 Canteiro Central e Faixa de Domínio"",""nao_atendimento"":null,""prazo_dias_padrao"":null},{""id"":""0af2e65c-b1b0-4cbe-89ff-b74f7313a862"",""nome"":""Roçada mecanizada"",""ativo"":true,""frente"":""CONSERVAÇÃO"",""gera_nc"":false,""rodovia"":""112/306"",""descricao"":""Roçada mecanizada"",""created_at"":""2026-07-01T17:46:00.254+00:00"",""updated_at"":""2026-07-01T17:46:00.254+00:00"",""etapas_obra"":null,""observacoes"":null,""item_contrato"":""3.3.7 Canteiro Central e Faixa de Domínio"",""nao_atendimento"":null,""prazo_dias_padrao"":null},{""id"":""c60636c2-d4c8-4556-b676-ba7f9c1ecffa"",""nome"":""Recomposição de cobertura vegetal"",""ativo"":true,""frente"":""CONSERVAÇÃO"",""gera_nc"":false,""rodovia"":""112/306"",""descricao"":""Recomposição de cobertura vegetal"",""created_at"":""2026-07-01T17:46:00.254+00:00"",""updated_at"":""2026-07-01T17:46:00.254+00:00"",""etapas_obra"":null,""observacoes"":null,""item_contrato"":""3.3.7 Canteiro Central e Faixa de Domínio"",""nao_atendimento"":null,""prazo_dias_padrao"":null},{""id"":""8361798d-b011-4172-9fa3-036d8bc1af30"",""nome"":""Vegetação alta"",""ativo"":true,""frente"":""CONSERVAÇÃO"",""gera_nc"":true,""rodovia"":""112/306"",""descricao"":""Vegetação alta"",""created_at"":""2026-07-01T17:46:00.254+00:00"",""updated_at"":""2026-07-01T17:46:00.254+00:00"",""etapas_obra"":null,""observacoes"":null,""item_contrato"":""3.3.7 Canteiro Central e Faixa de Domínio"",""nao_atendimento"":""3.3.7. Roçada do revestimento vegetal em toda a extensão das rodovias e em, no mínimo, 4,0 m de largura da faixa de domínio, em cada lado das rodovias, e com largura suficiente, para assegurar adequada visibilidade, no bordo interno das curvas, com periodicidade mínima de 04 (quatro) vezes ao ano;"",""prazo_dias_padrao"":15},{""id"":""b3dab001-bc2d-423e-bf85-72fec8e33063"",""nome"":""Presença de entulhos/resíduos"",""ativo"":true,""frente"":""CONSERVAÇÃO"",""gera_nc"":true,""rodovia"":""112/306"",""descricao"":""Presença de entulhos/resíduos"",""created_at"":""2026-07-01T17:46:00.254+00:00"",""updated_at"":""2026-07-01T17:46:00.254+00:00"",""etapas_obra"":null,""observacoes"":null,""item_contrato"":""3.3.7 Canteiro Central e Faixa de Domínio"",""nao_atendimento"":""3.3.7. Limpeza e retirada permanente de entulhos e materiais orgânicos na faixa de domínio."",""prazo_dias_padrao"":1},{""id"":""3529fb58-dab4-4feb-a1cc-433493ee41cc"",""nome"":""Cerca"",""ativo"":true,""frente"":""CONSERVAÇÃO"",""gera_nc"":true,""rodovia"":""112/306"",""descricao"":""Cerca"",""created_at"":""2026-07-01T17:46:00.254+00:00"",""updated_at"":""2026-07-01T17:46:00.254+00:00"",""etapas_obra"":null,""observacoes"":null,""item_contrato"":""3.3.7 Canteiro Central e Faixa de Domínio"",""nao_atendimento"":""3.3.7. Complementação de cercas e mourões nos padrões regulamentados pelo DNIT."",""prazo_dias_padrao"":15},{""id"":""72f02bb6-fbb6-4166-af8d-87caf8159754"",""nome"":""Interruptor danificado"",""ativo"":true,""frente"":""CONSERVAÇÃO"",""gera_nc"":true,""rodovia"":""112/306"",""descricao"":""Interruptor danificado"",""created_at"":""2026-07-01T17:46:00.254+00:00"",""updated_at"":""2026-07-01T17:46:00.254+00:00"",""etapas_obra"":null,""observacoes"":null,""item_contrato"":""3.3.8 Edificações e Instalações Operacionais"",""nao_atendimento"":""3.3.8. substituição de lâmpadas e luminárias, das áreas internas e externas, bem como tomadas, chaves e outros elementos do sistema elétrico que apresentem defeito;"",""prazo_dias_padrao"":5},{""id"":""916a7ae8-2162-4af2-9b9f-84015e85a5f4"",""nome"":""Lixeira"",""ativo"":true,""frente"":""CONSERVAÇÃO"",""gera_nc"":false,""rodovia"":""112/306"",""descricao"":""Lixeira"",""created_at"":""2026-07-01T17:46:00.254+00:00"",""updated_at"":""2026-07-01T17:46:00.254+00:00"",""etapas_obra"":null,""observacoes"":null,""item_contrato"":""3.3.8 Edificações e Instalações Operacionais"",""nao_atendimento"":null,""prazo_dias_padrao"":null},{""id"":""a5e06b79-7786-45d1-8ae6-9c7125deb3e5"",""nome"":""Infiltração Trincas"",""ativo"":true,""frente"":""CONSERVAÇÃO"",""gera_nc"":true,""rodovia"":""112/306"",""descricao"":""Infiltração Trincas"",""created_at"":""2026-07-01T17:46:00.254+00:00"",""updated_at"":""2026-07-01T17:46:00.254+00:00"",""etapas_obra"":null,""observacoes"":null,""item_contrato"":""3.3.8 Edificações e Instalações Operacionais"",""nao_atendimento"":""3.3.8. reparos nas estruturas, alvenarias, coberturas, pisos, revestimentos, esquadrias, etc"",""prazo_dias_padrao"":30},{""id"":""0a446702-72a1-45ba-b330-3c766e41fab6"",""nome"":""Concretagem calçada"",""ativo"":true,""frente"":""CONSERVAÇÃO"",""gera_nc"":false,""rodovia"":""112/306"",""descricao"":""Concretagem calçada"",""created_at"":""2026-07-01T17:46:00.254+00:00"",""updated_at"":""2026-07-01T17:46:00.254+00:00"",""etapas_obra"":null,""observacoes"":null,""item_contrato"":""3.3.8 Edificações e Instalações Operacionais"",""nao_atendimento"":null,""prazo_dias_padrao"":null},{""id"":""b3b6b2ba-b850-4d63-b299-fc7ba1df0f48"",""nome"":""Submarino danificado"",""ativo"":true,""frente"":""CONSERVAÇÃO"",""gera_nc"":true,""rodovia"":""112/306"",""descricao"":""Submarino danificado"",""created_at"":""2026-07-01T17:46:00.254+00:00"",""updated_at"":""2026-07-01T17:46:00.254+00:00"",""etapas_obra"":null,""observacoes"":null,""item_contrato"":""3.3.8 Edificações e Instalações Operacionais"",""nao_atendimento"":""3.3.8. reparos nas estruturas, alvenarias, coberturas, pisos, revestimentos, esquadrias, etc"",""prazo_dias_padrao"":30},{""id"":""d7385d22-b96d-4590-b745-eb67ef369090"",""nome"":""Porta"",""ativo"":true,""frente"":""CONSERVAÇÃO"",""gera_nc"":true,""rodovia"":""112/306"",""descricao"":""Porta"",""created_at"":""2026-07-01T17:46:00.254+00:00"",""updated_at"":""2026-07-01T17:46:00.254+00:00"",""etapas_obra"":null,""observacoes"":null,""item_contrato"":""3.3.8 Edificações e Instalações Operacionais"",""nao_atendimento"":""3.3.8. reparos nas estruturas, alvenarias, coberturas, pisos, revestimentos, esquadrias, etc"",""prazo_dias_padrao"":15},{""id"":""3df0bd16-3c3b-4807-a834-7f5b25fce7dd"",""nome"":""Esquadria"",""ativo"":true,""frente"":""CONSERVAÇÃO"",""gera_nc"":true,""rodovia"":""112/306"",""descricao"":""Esquadria"",""created_at"":""2026-07-01T17:46:00.254+00:00"",""updated_at"":""2026-07-01T17:46:00.254+00:00"",""etapas_obra"":null,""observacoes"":null,""item_contrato"":""3.3.8 Edificações e Instalações Operacionais"",""nao_atendimento"":""3.3.8. reparos nas estruturas, alvenarias, coberturas, pisos, revestimentos, esquadrias, etc"",""prazo_dias_padrao"":15},{""id"":""cab329f0-2211-4e1e-b17f-9075b3dd2a6d"",""nome"":""Limpeza e conservação"",""ativo"":true,""frente"":""CONSERVAÇÃO"",""gera_nc"":true,""rodovia"":""112/306"",""descricao"":""Limpeza e conservação"",""created_at"":""2026-07-01T17:46:00.254+00:00"",""updated_at"":""2026-07-01T17:46:00.254+00:00"",""etapas_obra"":null,""observacoes"":null,""item_contrato"":""3.3.8 Edificações e Instalações Operacionais"",""nao_atendimento"":""3.3.8. limpeza de todas as edificações e instalações de apoio, inclusive conservação de ruas e jardins, com coleta de lixo, se for o caso"",""prazo_dias_padrao"":15},{""id"":""7aa70898-cee3-4a8f-96e2-ed082c43bd92"",""nome"":""Instalação sanitária"",""ativo"":true,""frente"":""CONSERVAÇÃO"",""gera_nc"":true,""rodovia"":""112/306"",""descricao"":""Instalação sanitária"",""created_at"":""2026-07-01T17:46:00.254+00:00"",""updated_at"":""2026-07-01T17:46:00.254+00:00"",""etapas_obra"":null,""observacoes"":null,""item_contrato"":""3.3.8 Edificações e Instalações Operacionais"",""nao_atendimento"":""3.3.8. reparos nas instalações sanitárias, incluindo substituição de louças e metais"",""prazo_dias_padrao"":5},{""id"":""08ce7099-490c-4392-b92a-fa06d4098e38"",""nome"":""Painéis de Mensagens Variáveis Fixos"",""ativo"":true,""frente"":""SERVIÇOS OPERACIONAIS"",""gera_nc"":true,""rodovia"":""112/306"",""descricao"":""Painéis de Mensagens Variáveis Fixos"",""created_at"":""2026-07-01T17:46:00.254+00:00"",""updated_at"":""2026-07-01T17:46:00.254+00:00"",""etapas_obra"":null,""observacoes"":null,""item_contrato"":""3.4.4.1. Painéis de Mensagens Variáveis Fixos"",""nao_atendimento"":""A somatória do tempo de interrupção de funcionamento dos equipamentos, que integram o sistema de Painéis de Mensagens Variáveis fixo, não poderá ser superior a 24:00 (vinte e quatro) horas por mês."",""prazo_dias_padrao"":1},{""id"":""74b8cae1-ca6c-49ca-9800-f793fb615b4b"",""nome"":""Painéis de Mensagens Variáveis Móveis"",""ativo"":true,""frente"":""SERVIÇOS OPERACIONAIS"",""gera_nc"":true,""rodovia"":""112/306"",""descricao"":""Painéis de Mensagens Variáveis Móveis"",""created_at"":""2026-07-01T17:46:00.254+00:00"",""updated_at"":""2026-07-01T17:46:00.254+00:00"",""etapas_obra"":null,""observacoes"":null,""item_contrato"":""3.4.4.2. Painéis de Mensagens Variáveis Móveis"",""nao_atendimento"":""A somatória do tempo de interrupção de funcionamento dos equipamentos, que integram o sistema de Painéis de Mensagens Variáveis fixo, não poderá ser superior a 24:00 (vinte e quatro) horas por mês."",""prazo_dias_padrao"":1},{""id"":""e114a955-d5e0-4d61-9c73-7bb3ccf6418b"",""nome"":""Radar"",""ativo"":true,""frente"":""SERVIÇOS OPERACIONAIS"",""gera_nc"":true,""rodovia"":""112/306"",""descricao"":""Radar"",""created_at"":""2026-07-01T17:46:00.254+00:00"",""updated_at"":""2026-07-01T17:46:00.254+00:00"",""etapas_obra"":null,""observacoes"":null,""item_contrato"":""3.4.4.5. Sistema de Controle De Velocidade"",""nao_atendimento"":""3.4.4.5. A somatória do tempo de interrupção de funcionamento dos equipamentos, que integram o sistema de Detecção de Altura, não poderá ser superior a 24:00 (vinte e quatro) horas por mês."",""prazo_dias_padrao"":1},{""id"":""9cb84a83-9a4d-4885-b8e9-dae62ea9da91"",""nome"":""Toten"",""ativo"":true,""frente"":""SERVIÇOS OPERACIONAIS"",""gera_nc"":true,""rodovia"":""112/306"",""descricao"":""Toten"",""created_at"":""2026-07-01T17:46:00.254+00:00"",""updated_at"":""2026-07-01T17:46:00.254+00:00"",""etapas_obra"":null,""observacoes"":null,""item_contrato"":""3.4.5. Sistema de Atendimento aos Usuários"",""nao_atendimento"":""3.4.5. As BSOs deverão ser dotadas de infraestrutura básica, além de tapers de entrada e saída, iluminação, sinalização indicativa, meios de comunicação para contato com as viaturas e órgãos envolvidos com a operação das rodovias (CCO, PMRv, Bombeiros, etc.), meios de comunicação para os usuários (toten e telefone público) e equipamentos de proteção e segurança para as equipes ali alocadas (coletes retrorrefletivos, luvas, extintores de incêndio, cones, cavaletes, etc."",""prazo_dias_padrao"":1},{""id"":""3ce8c88c-4d92-450a-a6a4-ffe5560fa797"",""nome"":""Atendimento médico"",""ativo"":true,""frente"":""SERVIÇOS OPERACIONAIS"",""gera_nc"":false,""rodovia"":""112/306"",""descricao"":""Atendimento médico"",""created_at"":""2026-07-01T17:46:00.254+00:00"",""updated_at"":""2026-07-01T17:46:00.254+00:00"",""etapas_obra"":null,""observacoes"":null,""item_contrato"":""3.4.5.1. Atendimento Médico de Emergência"",""nao_atendimento"":null,""prazo_dias_padrao"":null},{""id"":""f679deb5-4955-4dcc-9648-429323c38141"",""nome"":""Em atendimento"",""ativo"":true,""frente"":""SERVIÇOS OPERACIONAIS"",""gera_nc"":false,""rodovia"":""112/306"",""descricao"":""Em atendimento"",""created_at"":""2026-07-01T17:46:00.254+00:00"",""updated_at"":""2026-07-01T17:46:00.254+00:00"",""etapas_obra"":null,""observacoes"":null,""item_contrato"":""3.4.5.2. Socorro Mecânico"",""nao_atendimento"":null,""prazo_dias_padrao"":null},{""id"":""85ec3ec8-4709-473c-b91e-97323f56bbe8"",""nome"":""Aguardando atendimento"",""ativo"":true,""frente"":""SERVIÇOS OPERACIONAIS"",""gera_nc"":true,""rodovia"":""112/306"",""descricao"":""Aguardando atendimento"",""created_at"":""2026-07-01T17:46:00.254+00:00"",""updated_at"":""2026-07-01T17:46:00.254+00:00"",""etapas_obra"":null,""observacoes"":null,""item_contrato"":""3.4.5.2. Socorro Mecânico"",""nao_atendimento"":""3.4.5.2 Serviço de guincho leve: tempo máximo de chegada ao local\r\nigual a 40 minutos, em ao menos 90% das ocorrências\r\nmensais e 45 minutos no restante. Serviço de guincho pesado: com tempo máximo de chegada\r\nao local igual a 90 minutos, em ao menos 90% das ocorrências\r\nmensais e 100 minutos no restante."",""prazo_dias_padrao"":5}]"
24,dados_referencia.tipos_unidade,33,"[{""id"":""aaee2295-92c3-457d-841d-fb3a3983bf5b"",""nome"":""Área Degradada (Passivo)"",""ativo"":true,""codigo"":""AD"",""created_at"":""2026-02-24T12:54:56.418076+00:00"",""servicos_aplicaveis"":[""Manejo de Resíduos Sólidos""]},{""id"":""82b5b10b-d477-4f9d-9065-f5c011242721"",""nome"":""Gestão Administrativa e Financeira"",""ativo"":true,""codigo"":""ADM"",""created_at"":""2026-02-24T12:55:02.482105+00:00"",""servicos_aplicaveis"":[""Manejo de Resíduos Sólidos""]},{""id"":""0fca15f7-d8b1-44fc-ab5d-989f33bedb77"",""nome"":""Aterro Sanitário"",""ativo"":true,""codigo"":""AS"",""created_at"":""2026-02-24T12:55:07.939577+00:00"",""servicos_aplicaveis"":[""Manejo de Resíduos Sólidos""]},{""id"":""97261b22-d488-4824-b080-52fc86ad1a56"",""nome"":""Coleta Convencional de Resíduos Sólidos"",""ativo"":true,""codigo"":""CC"",""created_at"":""2026-02-24T12:55:15.638259+00:00"",""servicos_aplicaveis"":[""Manejo de Resíduos Sólidos""]},{""id"":""731e5638-ee60-4a08-82be-b5e7c1eddfd8"",""nome"":""Coleta Seletiva"",""ativo"":true,""codigo"":""CS"",""created_at"":""2026-02-24T12:55:23.60011+00:00"",""servicos_aplicaveis"":[""Manejo de Resíduos Sólidos""]},{""id"":""1e5dead6-7adb-4c55-837a-267af0453f1c"",""nome"":""Serviços de Limpeza Urbana"",""ativo"":true,""codigo"":""SLU"",""created_at"":""2026-02-24T12:55:31.561441+00:00"",""servicos_aplicaveis"":[""Limpeza Urbana""]},{""id"":""71393bbc-a546-4a3e-9f7b-472e2553afe3"",""nome"":""Unidade de Triagem de Resíduos"",""ativo"":true,""codigo"":""UTR"",""created_at"":""2026-02-24T12:55:39.435373+00:00"",""servicos_aplicaveis"":[""Manejo de Resíduos Sólidos""]},{""id"":""28d57159-a5f8-46ca-bfe8-edf59ebae0a3"",""nome"":""Unidade de Transbordo de Resíduos Sólidos"",""ativo"":true,""codigo"":""UTRS"",""created_at"":""2026-02-24T12:55:46.118802+00:00"",""servicos_aplicaveis"":[""Manejo de Resíduos Sólidos""]},{""id"":""ce734dcf-10a0-4ec3-97a4-acdd7f4685b4"",""nome"":""Armazenamento de Produtos Químicos na UTA"",""ativo"":true,""codigo"":""AMX-PQUIM"",""created_at"":""2026-03-19T13:31:48.860504+00:00"",""servicos_aplicaveis"":[""Abastecimento de Água""]},{""id"":""acf77a7a-cfaa-4572-8533-48a11194bf42"",""nome"":""Almoxarifado (SAA)"",""ativo"":true,""codigo"":""AMX-SAA"",""created_at"":""2026-03-19T13:31:53.475712+00:00"",""servicos_aplicaveis"":[""Abastecimento de Água""]},{""id"":""0e3d8697-09a0-47db-aa42-c408c085402e"",""nome"":""Captação Superficial (A Fio d'Água)"",""ativo"":true,""codigo"":""CAF"",""created_at"":""2026-03-19T13:31:58.529584+00:00"",""servicos_aplicaveis"":[""Abastecimento de Água""]},{""id"":""7d32fc39-4158-4c53-9e77-74fd7f1ddd1c"",""nome"":""Estação de Tratamento de Água"",""ativo"":true,""codigo"":""ETA"",""created_at"":""2026-03-19T13:32:13.366009+00:00"",""servicos_aplicaveis"":[""Abastecimento de Água""]},{""id"":""f34b4e1c-6a52-4ba6-8939-1f88587d0c04"",""nome"":""Poço Tubular Profundo"",""ativo"":true,""codigo"":""PTP"",""created_at"":""2026-03-19T13:32:42.789745+00:00"",""servicos_aplicaveis"":[""Abastecimento de Água""]},{""id"":""dd963fa0-6f52-4509-9ddf-9206665cd706"",""nome"":""Reservatórios"",""ativo"":true,""codigo"":""RES"",""created_at"":""2026-03-19T13:32:46.762239+00:00"",""servicos_aplicaveis"":[""Abastecimento de Água""]},{""id"":""37c51dd2-72d4-4e2c-8133-91dd037af92b"",""nome"":""Unidade de Tratamento de Água"",""ativo"":true,""codigo"":""UTA"",""created_at"":""2026-03-19T13:32:51.093273+00:00"",""servicos_aplicaveis"":[""Abastecimento de Água""]},{""id"":""4016f5e0-1b77-4307-b5dc-021fa35c0ea0"",""nome"":""Almoxarifado (SES) - Concessão Municipal"",""ativo"":true,""codigo"":""AMX-ETE-1"",""created_at"":""2026-03-19T13:38:28.380963+00:00"",""servicos_aplicaveis"":[""Esgotamento Sanitário""]},{""id"":""8f6b15bd-5f49-4c61-b108-75dc27e786f7"",""nome"":""Armazenamento de Produtos Químicos na UTA - Concessão Municipal"",""ativo"":true,""codigo"":""AMX-PQUIM-1"",""created_at"":""2026-03-19T13:38:32.826458+00:00"",""servicos_aplicaveis"":[""Abastecimento de Água""]},{""id"":""2c0b2df2-fe91-49a3-a87b-c30e3a0f4673"",""nome"":""Almoxarifado (SAA) - Concessão Municipal"",""ativo"":true,""codigo"":""AMX-SAA-1"",""created_at"":""2026-03-19T13:38:37.388854+00:00"",""servicos_aplicaveis"":[""Abastecimento de Água""]},{""id"":""9b54adaa-ebb5-4a76-b685-1613e29aaba0"",""nome"":""Captação Superficial (A Fio d'Água) - Concessão Municipal"",""ativo"":true,""codigo"":""CAF-1"",""created_at"":""2026-03-19T13:38:41.88069+00:00"",""servicos_aplicaveis"":[""Abastecimento de Água""]},{""id"":""5f906f5a-c490-4a4d-ba09-555f544c5810"",""nome"":""Estação Elevatória de Esgoto - Concessão Municipal"",""ativo"":true,""codigo"":""EEE-1"",""created_at"":""2026-03-19T13:38:46.492153+00:00"",""servicos_aplicaveis"":[""Esgotamento Sanitário""]},{""id"":""4543d007-efe7-4abc-beda-ff46725ecdd9"",""nome"":""Estação de Tratamento de Água - Concessão Municipal"",""ativo"":true,""codigo"":""ETA-1"",""created_at"":""2026-03-19T13:38:51.447457+00:00"",""servicos_aplicaveis"":[""Abastecimento de Água""]},{""id"":""4796e2cc-ebef-47fa-b53a-1f470e1e70a7"",""nome"":""Estação de Tratamento de Esgoto - Concessão Municipal"",""ativo"":true,""codigo"":""ETE-1"",""created_at"":""2026-03-19T13:38:55.878556+00:00"",""servicos_aplicaveis"":[""Esgotamento Sanitário""]},{""id"":""52be6614-f154-4ff3-b15e-e4f2bc10ecc1"",""nome"":""Laboratório Operacional da Estação de Tratamento de Esgoto - Concessão Municipal"",""ativo"":true,""codigo"":""LAB-ETE-1"",""created_at"":""2026-03-19T13:39:00.447878+00:00"",""servicos_aplicaveis"":[""Esgotamento Sanitário""]},{""id"":""21511c1f-edb3-417b-9090-3ebd51050c83"",""nome"":""Poço Tubular Profundo - Concessão Municipal"",""ativo"":true,""codigo"":""PTP-1"",""created_at"":""2026-03-19T13:39:05.401302+00:00"",""servicos_aplicaveis"":[""Abastecimento de Água""]},{""id"":""8199a469-bdd0-4474-a001-363de36184de"",""nome"":""Reservatórios - Concessão Municipal"",""ativo"":true,""codigo"":""RES-1"",""created_at"":""2026-03-19T13:39:09.877378+00:00"",""servicos_aplicaveis"":[""Abastecimento de Água""]},{""id"":""95452328-7ad9-4693-9b56-444f8c3cce77"",""nome"":""Atendimento Comercial ao Usuário"",""ativo"":true,""codigo"":""ACU"",""created_at"":""2026-03-23T11:49:12.008564+00:00"",""servicos_aplicaveis"":[""Abastecimento de Água""]},{""id"":""b3fdb769-f4fc-4a3b-a11f-221611613f57"",""nome"":""Almoxarifado (SES)"",""ativo"":true,""codigo"":""AMX-ETE"",""created_at"":""2026-04-01T15:08:29.812175+00:00"",""servicos_aplicaveis"":[""Esgotamento Sanitário""]},{""id"":""3487df55-67cc-4b55-a042-0cf527b3d946"",""nome"":""Baes"",""ativo"":true,""codigo"":""BAES1"",""created_at"":""2026-05-05T12:30:25.109468+00:00"",""servicos_aplicaveis"":[""Abastecimento de Água"",""Esgotamento Sanitário""]},{""id"":""a4be5129-138b-4297-a3b7-d30cae7923e8"",""nome"":""Outros"",""ativo"":true,""codigo"":""META"",""created_at"":""2026-05-05T12:30:54.387723+00:00"",""servicos_aplicaveis"":[""Abastecimento de Água"",""Esgotamento Sanitário""]},{""id"":""3b62db96-dedc-4886-b591-f73ccff0a686"",""nome"":""Estação de Tratamento de Esgoto"",""ativo"":true,""codigo"":""ETE"",""created_at"":""2026-03-19T13:32:17.613462+00:00"",""servicos_aplicaveis"":[""Esgotamento Sanitário""]},{""id"":""1bb55f5e-0039-4598-84de-56dbdfedb3f0"",""nome"":""Estação Elevatória de Esgoto"",""ativo"":true,""codigo"":""EEE"",""created_at"":""2026-03-19T13:32:09.008164+00:00"",""servicos_aplicaveis"":[""Esgotamento Sanitário""]},{""id"":""0b4872d1-3efc-47b1-b26d-b7de680c5d21"",""nome"":""Laboratório Operacional da Estação de Tratamento de Esgoto"",""ativo"":true,""codigo"":""LAB-ETE"",""created_at"":""2026-03-19T13:32:21.745982+00:00"",""servicos_aplicaveis"":[""Esgotamento Sanitário""]},{""id"":""4bca4a35-d467-4148-85fc-9d082ffa8d9e"",""nome"":""Base de Ativos Regulatório"",""ativo"":true,""codigo"":""BAR"",""created_at"":""2026-09-28T11:56:45.89825+00:00"",""servicos_aplicaveis"":[""Abastecimento de Água"",""Esgotamento Sanitário""]}]"